-0.654619
-0.654558
-0.654584
-0.654577
-0.654575
-0.654545
-0.654598
-0.654574
-0.654582
-0.654568
-0.654548
-0.654553
-0.654586
-0.654504
-0.654482
-0.654438
-0.654391
-0.654442
-0.654342
-0.654167
-0.654013
-0.653938
-0.65373
-0.653558
-0.653299
-0.653109
-0.652794
-0.652544
-0.6522
-0.651807
-0.651597
-0.651303
-0.65101
-0.650606
-0.6502
-0.649711
-0.649113
-0.648388
-0.647782
-0.646962
-0.646236
-0.645499
-0.644789
-0.644059
-0.643478
-0.642888
-0.64216
-0.641427
-0.640705
-0.639882
-0.639092
-0.638237
-0.637402
-0.636377
-0.635422
-0.634347
-0.633439
-0.632536
-0.63173
-0.630471
-0.629436
-0.628493
-0.627371
-0.626002
-0.624417
-0.622923
-0.621593
-0.619988
-0.618578
-0.617106
-0.615672
-0.613965
-0.612117
-0.610368
-0.608566
-0.606586
-0.605017
-0.603216
-0.601186
-0.598814
-0.596599
-0.594368
-0.592167
-0.589805
-0.586968
-0.584051
-0.580753
-0.577783
-0.574559
-0.571085
-0.567252
-0.563327
-0.559509
-0.555414
-0.551494
-0.547536
-0.543202
-0.538491
-0.534895
-0.531191
-0.527234
-0.523181
-0.518479
-0.515155
-0.51133
-0.507195
-0.50294
-0.498637
-0.495227
-0.491261
-0.486975
-0.482781
-0.478798
-0.474632
-0.469806
-0.465073
-0.460514
-0.455769
-0.45067
-0.445499
-0.440561
-0.435531
-0.430202
-0.424845
-0.419757
-0.414639
-0.409123
-0.404017
-0.399047
-0.393981
-0.388652
-0.383427
-0.378261
-0.372724
-0.367291
-0.362062
-0.356871
-0.351475
-0.346032
-0.340769
-0.335459
-0.329968
-0.324141
-0.319045
-0.31283
-0.306934
-0.301184
-0.295095
-0.28884
-0.28312
-0.277528
-0.271452
-0.265325
-0.2595
-0.253367
-0.246933
-0.240576
-0.234497
-0.228422
-0.222297
-0.216231
-0.210629
-0.204526
-0.198334
-0.192163
-0.185894
-0.179465
-0.173161
-0.167297
-0.161115
-0.154965
-0.149062
-0.142916
-0.136921
-0.130837
-0.124479
-0.117913
-0.111274
-0.104614
-0.0981328
-0.0918416
-0.0854752
-0.0793115
-0.0732962
-0.0673355
-0.0612312
-0.0548238
-0.0479727
-0.0413326
-0.0352328
-0.0286525
-0.0223544
-0.0163539
-0.0100719
-0.00407201
0.00184071
0.00830114
0.0149188
0.0211473
0.0275383
0.0339139
0.0401362
0.0464411
0.0527205
0.0589523
0.0645256
0.0700334
0.0764371
0.0824393
0.0881758
0.0941226
0.100089
0.105927
0.111343
0.11697
0.122665
0.128125
0.134115
0.140517
0.146684
0.153014
0.159385
0.165718
0.171879
0.177921
0.183426
0.188993
0.194654
0.200441
0.20607
0.211861
0.217628
0.223352
0.228895
0.234205
0.239312
0.24422
0.248868
0.253493
0.258234
0.262827
0.267704
0.272886
0.278249
0.283477
0.288591
0.293416
0.298266
0.303098
0.308076
0.31288
0.317602
0.322112
0.327006
0.332052
0.337428
0.342349
0.347311
0.352253
0.357001
0.361335
0.365783
0.370468
0.375042
0.379033
0.382648
0.386611
0.390473
0.394592
0.398324
0.402372
0.406584
0.410709
0.414484
0.418192
0.422121
0.426053
0.429844
0.433439
0.437443
0.441251
0.444743
0.448437
0.451599
0.455382
0.458983
0.462709
0.466583
0.470048
0.473791
0.477237
0.480674
0.48401
0.487188
0.49043
0.493375
0.496476
0.499366
0.502374
0.505166
0.508202
0.510696
0.512963
0.515462
0.518052
0.52081
0.523515
0.526631
0.529105
0.531728
0.534518
0.537157
0.540154
0.543066
0.545852
0.548187
0.550528
0.552508
0.554388
0.556808
0.559303
0.561756
0.564337
0.56609
0.567515
0.568943
0.570426
0.572218
0.573275
0.574741
0.576052
0.576835
0.577817
0.579043
0.580566
0.582016
0.582899
0.583716
0.584815
0.586357
0.587504
0.588398
0.589754
0.590771
0.592055
0.593044
0.59395
0.594967
0.595824
0.596583
0.597272
0.597887
0.59846
0.598961
0.599338
0.599682
0.5996
0.600023
0.60069
0.602176
0.603694
0.604721
0.605614
0.606809
0.608391
0.609949
0.611089
0.611988
0.613001
0.613975
0.614782
0.61597
0.617713
0.619342
0.62035
0.62066
0.620975
0.621653
0.622717
0.624032
0.625569
0.626853
0.627743
0.628516
0.629526
0.630659
0.631905
0.632883
0.63395
0.635093
0.636006
0.636736
0.6377
0.638848
0.639759
0.640476
0.64115
0.642166
0.643251
0.644175
0.64473
0.645615
0.646834
0.647929
0.648773
0.649701
0.650676
0.651776
0.652622
0.65338
0.654478
0.655842
0.656947
0.657651
0.65852
0.659559
0.660538
0.66137
0.662286
0.663551
0.664737
0.665707
0.666518
0.667636
0.668936
0.669952
0.670744
0.671678
0.672713
0.673935
0.675229
0.67654
0.677763
0.678761
0.679488
0.680147
0.681063
0.682247
0.683969
0.685741
0.687209
0.688172
0.689066
0.690256
0.691859
0.693507
0.694717
0.695944
0.697388
0.698954
0.700129
0.701397
0.702799
0.704182
0.705551
0.706957
0.708511
0.710181
0.711487
0.712764
0.714314
0.716034
0.717621
0.719018
0.720526
0.722131
0.723799
0.725278
0.726782
0.728393
0.730122
0.731731
0.733457
0.735058
0.736688
0.737949
0.739104
0.740103
0.741714
0.744148
0.746994
0.748762
0.749662
0.750852
0.753172
0.756015
0.758607
0.760209
0.761219
0.762377
0.764495
0.767125
0.769578
0.771572
0.773037
0.774274
0.776141
0.778501
0.780968
0.783236
0.784876
0.78619
0.787846
0.79009
0.792876
0.795303
0.796992
0.798191
0.79957
0.801791
0.804416
0.806719
0.808247
0.809573
0.811718
0.814474
0.817401
0.819743
0.82176
0.823446
0.825117
0.827317
0.829852
0.832235
0.83458
0.83658
0.838348
0.840044
0.841882
0.844078
0.846669
0.848972
0.850978
0.853069
0.855169
0.857398
0.859536
0.861234
0.862562
0.864262
0.866638
0.869254
0.872091
0.873956
0.875752
0.87771
0.88004
0.882601
0.8849
0.886689
0.888665
0.890833
0.893002
0.895258
0.8972
0.899146
0.901217
0.903166
0.905123
0.907134
0.909042
0.911047
0.913175
0.915044
0.916979
0.918848
0.920428
0.922316
0.92433
0.926297
0.927924
0.929056
0.93077
0.933201
0.935651
0.937576
0.93907
0.940699
0.942751
0.944909
0.946667
0.947955
0.94926
0.951037
0.953006
0.95458
0.955897
0.957352
0.959073
0.960732
0.962264
0.9637
0.965034
0.966511
0.967912
0.969299
0.970674
0.972088
0.973202
0.974229
0.975532
0.97702
0.978379
0.979424
0.980561
0.981532
0.982217
0.982754
0.98359
0.984944
0.986583
0.988251
0.989257
0.989702
0.990097
0.990566
0.991318
0.992316
0.993439
0.994658
0.995716
0.996341
0.996727
0.997066
0.997451
0.998087
0.998762
0.999275
0.999933
1.0006
1.00105
1.00126
1.00133
1.00148
1.00175
1.00199
1.00229
1.00252
1.00256
1.00257
1.00261
1.00258
1.00259
1.00258
1.0026
1.00262
1.00254
1.00262
1.00256
1.00256
1.00251
1.00239
1.00213
1.00193
1.00192
1.00188
1.00142
1.00037
0.999404
0.99866
0.998155
0.997613
0.996867
0.996116
0.995515
0.995164
0.994776
0.994092
0.992627
0.990661
0.988893
0.987522
0.986785
0.986068
0.984964
0.983274
0.981158
0.979175
0.977818
0.976342
0.974552
0.972607
0.970901
0.969242
0.967515
0.965882
0.964046
0.962303
0.960626
0.958816
0.95661
0.954435
0.952457
0.950321
0.948042
0.945712
0.943465
0.941372
0.939292
0.937209
0.935443
0.933061
0.930008
0.927175
0.924743
0.922225
0.919194
0.915984
0.913164
0.910294
0.907389
0.904492
0.901525
0.898335
0.895307
0.892054
0.888953
0.885733
0.882679
0.879557
0.876556
0.873338
0.870347
0.867127
0.863989
0.860427
0.856621
0.852866
0.848811
0.844855
0.841119
0.837326
0.833725
0.830005
0.826186
0.822418
0.818708
0.815162
0.811597
0.807801
0.803834
0.79969
0.795478
0.790993
0.786366
0.781854
0.777691
0.77345
0.769085
0.764767
0.760591
0.756354
0.75212
0.747806
0.743358
0.739168
0.734605
0.729698
0.724421
0.719475
0.714846
0.710221
0.705495
0.700596
0.695741
0.691162
0.686737
0.681837
0.676433
0.671198
0.665816
0.660426
0.655099
0.649981
0.644796
0.639605
0.634486
0.629771
0.624767
0.619576
0.614438
0.608878
0.602994
0.596982
0.591522
0.586038
0.58052
0.575188
0.569822
0.564523
0.559138
0.553517
0.547586
0.541566
0.53564
0.529676
0.523703
0.518018
0.5123
0.506704
0.501277
0.495688
0.489975
0.483858
0.477452
0.471087
0.465082
0.459082
0.453083
0.447121
0.441338
0.43552
0.429721
0.423399
0.41682
0.410169
0.403742
0.397641
0.39146
0.385167
0.379206
0.373398
0.367453
0.361334
0.35475
0.347983
0.3414
0.334947
0.328452
0.32218
0.31611
0.310197
0.30408
0.297366
0.290457
0.283501
0.276953
0.270694
0.264354
0.258084
0.252039
0.245879
0.2392
0.232301
0.225339
0.218585
0.211817
0.205193
0.198712
0.192377
0.186201
0.179767
0.173047
0.166005
0.158848
0.151862
0.145365
0.13874
0.132068
0.125759
0.119427
0.112513
0.105375
0.098262
0.0912679
0.0842969
0.077608
0.0712066
0.0650105
0.058621
0.0515537
0.0441517
0.0369689
0.0301144
0.0233581
0.0165857
0.0100853
0.00390333
-0.00286222
-0.0102704
-0.0174581
-0.0243716
-0.0313228
-0.0381162
-0.0449414
-0.0513929
-0.0578664
-0.0645038
-0.0713127
-0.0784619
-0.0857635
-0.0926754
-0.0994305
-0.106191
-0.11314
-0.119663
-0.126376
-0.133576
-0.140739
-0.147734
-0.154973
-0.162055
-0.168602
-0.1747
-0.181051
-0.187802
-0.194765
-0.202194
-0.209502
-0.216381
-0.223185
-0.229847
-0.236227
-0.24257
-0.249171
-0.256504
-0.26376
-0.270584
-0.277397
-0.284287
-0.290815
-0.297318
-0.303683
-0.310309
-0.317135
-0.32406
-0.331133
-0.337997
-0.344706
-0.351356
-0.357583
-0.363964
-0.370489
-0.377165
-0.384195
-0.391116
-0.397895
-0.40442
-0.410858
-0.417174
-0.423303
-0.429339
-0.435762
-0.442756
-0.449752
-0.456714
-0.463313
-0.46902
-0.475942
-0.481504
-0.488184
-0.494378
-0.500919
-0.507761
-0.513769
-0.520785
-0.526456
-0.532975
-0.539341
-0.545477
-0.551429
-0.5581
-0.564612
-0.57128
-0.577847
-0.584363
-0.590689
-0.596941
-0.602488
-0.608657
-0.614276
-0.620886
-0.627797
-0.633636
-0.639673
-0.645776
-0.652026
-0.658582
-0.66423
-0.669574
-0.676153
-0.681637
-0.688034
-0.695034
-0.700617
-0.706773
-0.712626
-0.71852
-0.72455
-0.730248
-0.735701
-0.741668
-0.747766
-0.754393
-0.759939
-0.766345
-0.7713
-0.777132
-0.78295
-0.788463
-0.793712
-0.800126
-0.805644
-0.811778
-0.817403
-0.823273
-0.829065
-0.834562
-0.840379
-0.845036
-0.850143
-0.855893
-0.860715
-0.866784
-0.873081
-0.878825
-0.884852
-0.88973
-0.895276
-0.900775
-0.90607
-0.911007
-0.915948
-0.921463
-0.927138
-0.931839
-0.937252
-0.942713
-0.948036
-0.953371
-0.958733
-0.964323
-0.968551
-0.973314
-0.978039
-0.983066
-0.988297
-0.993639
-0.999094
-1.00438
-1.00944
-1.01439
-1.0191
-1.02374
-1.02868
-1.03309
-1.03747
-1.04211
-1.04732
-1.05232
-1.05722
-1.06232
-1.06732
-1.07175
-1.07618
-1.08091
-1.08578
-1.09003
-1.09394
-1.09818
-1.10274
-1.10712
-1.11123
-1.11603
-1.12126
-1.12602
-1.12998
-1.13428
-1.13891
-1.14329
-1.14707
-1.15122
-1.15572
-1.15952
-1.16295
-1.16684
-1.17139
-1.17591
-1.17996
-1.18391
-1.18832
-1.19271
-1.19642
-1.20009
-1.20425
-1.20836
-1.21212
-1.21558
-1.21898
-1.22282
-1.22658
-1.23018
-1.23369
-1.23735
-1.24161
-1.24588
-1.24955
-1.25295
-1.25652
-1.26043
-1.264
-1.26694
-1.27022
-1.27379
-1.27753
-1.28061
-1.28338
-1.28635
-1.28985
-1.29317
-1.29643
-1.29992
-1.30337
-1.30699
-1.31013
-1.31354
-1.31678
-1.32008
-1.32283
-1.32586
-1.32885
-1.33212
-1.33511
-1.33775
-1.34004
-1.34253
-1.34528
-1.34854
-1.3513
-1.35383
-1.35646
-1.35915
-1.36221
-1.36534
-1.36855
-1.37127
-1.37371
-1.37616
-1.37889
-1.38152
-1.3841
-1.38657
-1.38894
-1.39137
-1.39365
-1.39591
-1.39804
-1.40035
-1.40283
-1.40496
-1.40653
-1.4085
-1.4111
-1.41368
-1.41554
-1.4174
-1.42006
-1.42277
-1.42492
-1.42675
-1.42868
-1.43079
-1.43294
-1.43495
-1.43678
-1.43853
-1.44043
-1.44236
-1.44397
-1.44554
-1.44747
-1.44943
-1.45122
-1.45291
-1.45465
-1.45614
-1.4576
-1.45913
-1.46057
-1.46144
-1.46208
-1.46347
-1.46591
-1.46824
-1.46952
-1.47
-1.47089
-1.47283
-1.47513
-1.47668
-1.4772
-1.47758
-1.47876
-1.48066
-1.48262
-1.48408
-1.48502
-1.48593
-1.48715
-1.48836
-1.48938
-1.49015
-1.49095
-1.49177
-1.49277
-1.49395
-1.49502
-1.49577
-1.49648
-1.49732
-1.49801
-1.49845
-1.49893
-1.49967
-1.50069
-1.50159
-1.50222
-1.50273
-1.50346
-1.50429
-1.50512
-1.50583
-1.50616
-1.50648
-1.5068
-1.50742
-1.5081
-1.50839
-1.50857
-1.50877
-1.50903
-1.50909
-1.50909
-1.5092
-1.50939
-1.50957
-1.50983
-1.50996
-1.51013
-1.51035
-1.51061
-1.51082
-1.51095
-1.51115
-1.51129
-1.51151
-1.51164
-1.5116
-1.51162
-1.51161
-1.51161
-1.51165
-1.51163
-1.51162
-1.51162
-1.51161
-1.51164
-1.51167
-1.51162
-1.5116
-1.51151
-1.51129
-1.5111
-1.51088
-1.51065
-1.51044
-1.51014
-1.50986
-1.50939
-1.50888
-1.50824
-1.50777
-1.50736
-1.50696
-1.50643
-1.50564
-1.50491
-1.50428
-1.50364
-1.5031
-1.50241
-1.50152
-1.5005
-1.49965
-1.49895
-1.49846
-1.49772
-1.49667
-1.49547
-1.49453
-1.49373
-1.49285
-1.49173
-1.49068
-1.48986
-1.48913
-1.488
-1.48664
-1.48546
-1.48447
-1.48357
-1.48256
-1.48146
-1.48068
-1.48017
-1.47945
-1.47789
-1.47576
-1.47382
-1.47296
-1.47283
-1.47237
-1.47063
-1.46814
-1.46583
-1.46475
-1.46453
-1.46395
-1.46199
-1.45914
-1.45674
-1.4555
-1.45494
-1.45385
-1.45175
-1.44971
-1.44821
-1.44715
-1.4459
-1.44409
-1.44211
-1.44038
-1.4391
-1.43764
-1.43583
-1.43382
-1.43215
-1.4307
-1.42899
-1.427
-1.42512
-1.42382
-1.42253
-1.42078
-1.41845
-1.41649
-1.4155
-1.41474
-1.41285
-1.40997
-1.40708
-1.40537
-1.40413
-1.40239
-1.39952
-1.39724
-1.39525
-1.3937
-1.39179
-1.38946
-1.38722
-1.38519
-1.38327
-1.38145
-1.37946
-1.37715
-1.3751
-1.37315
-1.37102
-1.36885
-1.36679
-1.36464
-1.36264
-1.36061
-1.35881
-1.35724
-1.35539
-1.3528
-1.35019
-1.34816
-1.34615
-1.34392
-1.3413
-1.33869
-1.33627
-1.3338
-1.33156
-1.32916
-1.32697
-1.32489
-1.32252
-1.32005
-1.31764
-1.31521
-1.31305
-1.31048
-1.30817
-1.30588
-1.30358
-1.30158
-1.29925
-1.29679
-1.29456
-1.29251
-1.29052
-1.28811
-1.285
-1.28202
-1.27936
-1.27717
-1.2748
-1.27223
-1.26964
-1.26699
-1.26468
-1.26216
-1.2597
-1.25714
-1.25466
-1.25241
-1.24977
-1.24718
-1.24447
-1.24194
-1.23961
-1.23735
-1.23554
-1.23361
-1.23084
-1.22764
-1.22434
-1.22149
-1.21865
-1.21627
-1.21369
-1.21112
-1.20828
-1.20551
-1.20293
-1.20045
-1.19793
-1.19502
-1.19247
-1.18991
-1.18742
-1.185
-1.18234
-1.17987
-1.17732
-1.17465
-1.17219
-1.16994
-1.16757
-1.16453
-1.16139
-1.15823
-1.1557
-1.15309
-1.15051
-1.14768
-1.14514
-1.14247
-1.13976
-1.13711
-1.13436
-1.13178
-1.12903
-1.12636
-1.12373
-1.12116
-1.11857
-1.11588
-1.11371
-1.11151
-1.10876
-1.1057
-1.10269
-1.10013
-1.09754
-1.09469
-1.09163
-1.08882
-1.08609
-1.08351
-1.08084
-1.07809
-1.07547
-1.07278
-1.07023
-1.06753
-1.06482
-1.06214
-1.05959
-1.057
-1.05455
-1.05202
-1.04924
-1.04676
-1.04452
-1.04217
-1.03921
-1.03604
-1.03328
-1.03061
-1.02784
-1.02494
-1.02246
-1.01996
-1.01733
-1.01456
-1.01194
-1.00957
-1.00705
-1.00432
-1.00188
-0.999388
-0.996789
-0.994115
-0.991558
-0.989361
-0.987397
-0.985184
-0.982099
-0.978991
-0.976341
-0.973891
-0.971317
-0.968407
-0.965814
-0.963407
-0.960901
-0.958265
-0.95567
-0.953381
-0.950891
-0.948365
-0.945807
-0.943398
-0.941102
-0.938618
-0.936161
-0.933786
-0.931421
-0.929332
-0.926955
-0.924556
-0.922247
-0.920325
-0.918229
-0.915296
-0.912445
-0.910084
-0.907753
-0.905321
-0.902565
-0.900296
-0.898322
-0.895927
-0.893515
-0.890933
-0.888744
-0.886706
-0.884249
-0.881883
-0.879617
-0.877568
-0.875371
-0.872996
-0.870768
-0.868765
-0.866485
-0.864473
-0.862959
-0.861072
-0.858552
-0.8559
-0.853742
-0.85175
-0.849361
-0.846807
-0.844826
-0.842883
-0.840862
-0.83863
-0.836427
-0.834385
-0.832478
-0.830267
-0.828198
-0.826472
-0.824483
-0.822426
-0.820471
-0.818369
-0.816418
-0.814637
-0.812725
-0.810669
-0.808856
-0.807249
-0.80569
-0.80386
-0.80158
-0.799578
-0.798349
-0.796969
-0.794855
-0.792158
-0.790082
-0.788712
-0.787116
-0.78491
-0.782806
-0.781161
-0.779594
-0.777755
-0.775823
-0.774199
-0.772613
-0.77091
-0.769052
-0.767427
-0.765851
-0.764156
-0.762401
-0.760766
-0.759365
-0.757846
-0.75619
-0.754538
-0.753179
-0.751811
-0.750304
-0.748711
-0.747202
-0.745638
-0.744219
-0.743149
-0.742517
-0.741625
-0.740091
-0.737944
-0.735928
-0.734534
-0.73354
-0.732153
-0.730276
-0.728582
-0.727434
-0.726333
-0.724953
-0.723409
-0.722049
-0.720971
-0.719813
-0.718604
-0.717313
-0.716072
-0.714799
-0.713468
-0.712328
-0.711404
-0.710317
-0.709068
-0.707907
-0.706894
-0.70578
-0.704642
-0.70371
-0.702827
-0.701696
-0.700461
-0.699387
-0.698427
-0.697427
-0.696481
-0.695585
-0.694758
-0.693652
-0.692472
-0.691486
-0.690801
-0.689769
-0.688839
-0.688039
-0.687478
-0.686901
-0.686264
-0.685672
-0.685123
-0.684384
-0.68308
-0.681707
-0.680656
-0.679879
-0.679503
-0.679014
-0.678782
-0.678433
-0.677867
-0.67695
-0.675937
-0.674814
-0.673615
-0.67265
-0.672131
-0.671764
-0.671153
-0.670571
-0.670036
-0.669518
-0.669067
-0.668419
-0.667643
-0.666939
-0.666689
-0.666112
-0.665509
-0.665044
-0.664669
-0.664239
-0.663839
-0.663422
-0.662897
-0.662441
-0.661887
-0.661517
-0.661214
-0.660874
-0.660517
-0.660249
-0.659949
-0.659463
-0.659142
-0.658859
-0.6585
-0.658189
-0.657967
-0.657723
-0.657592
-0.657459
-0.657138
-0.657003
-0.656812
-0.656676
-0.6564
-0.656248
-0.655935
-0.655755
-0.655486
-0.655368
-0.65513
-0.65495
-0.654628
-0.654486
-0.65445
-0.654398
-0.654272
-0.654136
-0.653996
-0.653846
-0.653786
-0.653697
-0.653571
-0.65349
-0.653394
-0.653346
-0.653269
-0.653245
-0.6532
-0.653115
-0.652942
-0.652874
-0.652808
-0.652695
-0.652587
-0.6526
-0.652492
-0.652488
-0.652439
-0.652468
-0.652384
-0.65237
-0.652322
-0.652335
-0.652348
-0.652292
-0.652322
-0.652266
-0.65224
-0.652285
-0.652224
-0.652273
-0.652238
-0.652235
-0.652251
-0.652228
-0.652232
-0.652187
-0.652236
-0.652126
-0.652217
-0.65223
-0.652142
-0.652131
-0.652146
-0.652164
-0.652116
-0.652094
-0.652034
-0.652148
-0.652075
-0.65215
-0.652146
-0.65208
-0.652138
-0.65207
-0.652092
