0.80595
0.80588
0.80593
0.805915
0.805924
0.805917
0.80594
0.805909
0.805905
0.805872
0.805933
0.80591
0.805885
0.805905
0.805914
0.805871
0.805927
0.805894
0.805944
0.805892
0.80592
0.805915
0.805898
0.805921
0.805917
0.805873
0.805945
0.805905
0.805865
0.805934
0.805917
0.805858
0.805905
0.805873
0.805944
0.80589
0.805866
0.805896
0.805943
0.805896
0.805901
0.805892
0.805905
0.8059
0.805897
0.805892
0.805897
0.805896
0.805898
0.805952
0.805896
0.805901
0.805875
0.805915
0.805883
0.805934
0.80595
0.805932
0.805892
0.80592
0.805915
0.805932
0.805858
0.805908
0.805936
0.805952
0.805922
0.805884
0.805934
0.805883
0.805858
0.805903
0.805915
0.80593
0.805875
0.805893
0.805917
0.805929
0.805892
0.805871
0.805907
0.805913
0.80593
0.805897
0.805922
0.805903
0.805956
0.805895
0.805884
0.805876
0.805897
0.805949
0.805921
0.805889
0.805941
0.805896
0.805926
0.805914
0.805922
0.805933
0.805872
0.805902
0.80593
0.805934
0.805906
0.805868
0.805915
0.805934
0.805949
0.80595
0.805909
0.805918
0.805905
0.805902
0.805927
0.805906
0.805894
0.805912
0.805893
0.805914
0.805904
0.805872
0.805929
0.80588
0.805875
0.805864
0.805961
0.806033
0.806044
0.806052
0.806074
0.806046
0.806068
0.806075
0.80605
0.805986
0.805983
0.805917
0.805849
0.80584
0.805848
0.80587
0.805882
0.805952
0.805943
0.805885
0.805788
0.805575
0.805441
0.805372
0.805386
0.805387
0.805437
0.805381
0.805413
0.805431
0.805426
0.805394
0.80536
0.805339
0.805283
0.805185
0.805057
0.804634
0.804273
0.803903
0.803676
0.803363
0.803166
0.803043
0.80295
0.802894
0.802826
0.802666
0.802511
0.802312
0.802235
0.802065
0.801876
0.801751
0.801705
0.801647
0.801775
0.801895
0.802253
0.802271
0.802243
0.802202
0.801919
0.801797
0.801492
0.800921
0.800154
0.799175
0.797971
0.796713
0.795176
0.793449
0.791593
0.789884
0.787956
0.786261
0.78464
0.782798
0.780821
0.778859
0.776687
0.774575
0.772444
0.77017
0.767692
0.76541
0.763079
0.76069
0.757888
0.755126
0.75205
0.748929
0.745451
0.738318
0.734681
0.730991
0.7271
0.723169
0.719153
0.715331
0.711667
0.707834
0.704035
0.700231
0.696551
0.693211
0.690046
0.686869
0.6835
0.680442
0.67705
0.673963
0.670842
0.667551
0.664095
0.660553
0.657095
0.6533
0.650066
0.645911
0.642148
0.638106
0.634199
0.62983
0.625688
0.621295
0.6168
0.612686
0.604134
0.599995
0.596091
0.592266
0.588714
0.585232
0.581519
0.578288
0.574848
0.571472
0.567841
0.564194
0.560457
0.556528
0.552439
0.547942
0.543258
0.538387
0.533534
0.529165
0.524145
0.519627
0.514846
0.510254
0.505565
0.501108
0.496901
0.492758
0.488787
0.485012
0.481522
0.47805
0.474892
0.471957
0.469347
0.466627
0.463934
0.45841
0.455402
0.452534
0.449458
0.446536
0.443448
0.440624
0.437772
0.434968
0.432443
0.429753
0.427148
0.424393
0.421873
0.419023
0.416153
0.413013
0.409716
0.405553
0.400837
0.396513
0.392056
0.387258
0.382092
0.37674
0.372264
0.366434
0.360781
0.355001
0.348932
0.342672
0.336308
0.329971
0.32323
0.316407
0.303158
0.296597
0.290138
0.283482
0.276697
0.270057
0.263187
0.256423
0.249782
0.24335
0.237178
0.231204
0.225347
0.219885
0.214277
0.20886
0.203981
0.19911
0.194213
0.189697
0.18513
0.180406
0.176147
0.172218
0.168193
0.163787
0.159665
0.155579
0.15124
0.147186
0.143142
0.139031
0.135009
0.130808
0.122144
0.118011
0.113827
0.109729
0.10566
0.101628
0.0974351
0.0931162
0.0888686
0.0847424
0.0805261
0.0760622
0.0715374
0.0672625
0.0628906
0.0585688
0.0543007
0.0501679
0.0459104
0.0417095
0.0372552
0.0327697
0.0283642
0.0239468
0.0194094
0.0151402
0.0113915
0.00696153
0.00304869
-0.000135098
-0.00401079
-0.00758937
-0.0112683
-0.0147529
-0.0179303
-0.0208627
-0.0265154
-0.0292282
-0.0317977
-0.0340359
-0.0363187
-0.0388511
-0.0414474
-0.0441712
-0.0470829
-0.0502723
-0.0537201
-0.0573129
-0.061055
-0.0650146
-0.0688098
-0.0726128
-0.0763785
-0.0801589
-0.083973
-0.0875742
-0.0910887
-0.0945442
-0.0981243
-0.101334
-0.105325
-0.108723
-0.112602
-0.116584
-0.120423
-0.124246
-0.127824
-0.131941
-0.135623
-0.139422
-0.143125
-0.146566
-0.153422
-0.156597
-0.159545
-0.162732
-0.165585
-0.169077
-0.172092
-0.174733
-0.177429
-0.180324
-0.183587
-0.186822
-0.189836
-0.192988
-0.196094
-0.199451
-0.202529
-0.205909
-0.209423
-0.212826
-0.21666
-0.220194
-0.223625
-0.227664
-0.231283
-0.23464
-0.238558
-0.242261
-0.24562
-0.249202
-0.253004
-0.256575
-0.260382
-0.264609
-0.26817
-0.271725
-0.278695
-0.282252
-0.285464
-0.28863
-0.291927
-0.295328
-0.298776
-0.302264
-0.305619
-0.308922
-0.312122
-0.315634
-0.319909
-0.323557
-0.327015
-0.330997
-0.334989
-0.338887
-0.342641
-0.346223
-0.350056
-0.353798
-0.357186
-0.36053
-0.363757
-0.366998
-0.370057
-0.373279
-0.376414
-0.379763
-0.383609
-0.387151
-0.390614
-0.393916
-0.400473
-0.403944
-0.407253
-0.410675
-0.4135
-0.416542
-0.419567
-0.422553
-0.425246
-0.427765
-0.430033
-0.43219
-0.434178
-0.436211
-0.438121
-0.439994
-0.44215
-0.444365
-0.446734
-0.449285
-0.451847
-0.454649
-0.457342
-0.460038
-0.462764
-0.4654
-0.468152
-0.470864
-0.473731
-0.476589
-0.479886
-0.483629
-0.487159
-0.490713
-0.49723
-0.500598
-0.504062
-0.507706
-0.51145
-0.515155
-0.518682
-0.522249
-0.525889
-0.529522
-0.532989
-0.536517
-0.539878
-0.543298
-0.54645
-0.549509
-0.552284
-0.555155
-0.557795
-0.560477
-0.563017
-0.565482
-0.567807
-0.569937
-0.572112
-0.574227
-0.576351
-0.578257
-0.580086
-0.581741
-0.583544
-0.585845
-0.588027
-0.590361
-0.594567
-0.596606
-0.598511
-0.600318
-0.602084
-0.603766
-0.605513
-0.607113
-0.608707
-0.610207
-0.612051
-0.613991
-0.616094
-0.618438
-0.620796
-0.623409
-0.626173
-0.629046
-0.632035
-0.63528
-0.638562
-0.642067
-0.645527
-0.649162
-0.652602
-0.656014
-0.659487
-0.662869
-0.666301
-0.669412
-0.672476
-0.675038
-0.677541
-0.679912
-0.682425
-0.684697
-0.686989
-0.691008
-0.693195
-0.69557
-0.698008
-0.700803
-0.703788
-0.706877
-0.710259
-0.713527
-0.71696
-0.720343
-0.723707
-0.726972
-0.730275
-0.733425
-0.736584
-0.739665
-0.742663
-0.745548
-0.7484
-0.751293
-0.75443
-0.75738
-0.760507
-0.76349
-0.766725
-0.770003
-0.773397
-0.777401
-0.781177
-0.785008
-0.788975
-0.792989
-0.797214
-0.801259
-0.805173
-0.809212
-0.813042
-0.816645
-0.820079
-0.823479
-0.826607
-0.829563
-0.834889
-0.837754
-0.84042
-0.843383
-0.846281
-0.849373
-0.852368
-0.855573
-0.858684
-0.862067
-0.865484
-0.869046
-0.872462
-0.876025
-0.879533
-0.882938
-0.886568
-0.889952
-0.893362
-0.89664
-0.900099
-0.903294
-0.906351
-0.909348
-0.912143
-0.914457
-0.9165
-0.918353
-0.919723
-0.921152
-0.922685
-0.924288
-0.925868
-0.926675
-0.927682
-0.928726
-0.929504
-0.929989
-0.931422
-0.931986
-0.932506
-0.933065
-0.933753
-0.934404
-0.935024
-0.935589
-0.936014
-0.936346
-0.936749
-0.93719
-0.937504
-0.937851
-0.938187
-0.938547
-0.938808
-0.93903
-0.93921
-0.939284
-0.939296
-0.939304
-0.939377
-0.939286
-0.939374
-0.939314
-0.939336
-0.939263
-0.939047
-0.938701
-0.938375
-0.937888
-0.937594
-0.937474
-0.937396
-0.937145
-0.937049
-0.936989
-0.936924
-0.936913
-0.936979
-0.936941
-0.936873
-0.936897
-0.936845
-0.936749
-0.936708
-0.936703
-0.936628
-0.936551
-0.936336
-0.936251
-0.936093
-0.935964
-0.935761
-0.935546
-0.93542
-0.935257
-0.935113
-0.935006
-0.934994
-0.934906
-0.93488
-0.934929
-0.934955
-0.934918
-0.934879
-0.934899
-0.934915
-0.934917
-0.934908
-0.93492
-0.934803
-0.934778
-0.934751
-0.934754
-0.934748
-0.934802
-0.93484
-0.934814
-0.93481
-0.934847
-0.93486
-0.934843
-0.934924
-0.93493
-0.934967
-0.935015
-0.935013
-0.934986
-0.935064
-0.935068
-0.935021
-0.934999
-0.935067
-0.935017
-0.93501
-0.934982
-0.93496
-0.935001
-0.934983
-0.934952
-0.934924
-0.934885
-0.934907
-0.934851
-0.93488
-0.934878
-0.934848
-0.934898
-0.93482
-0.9349
-0.934834
-0.934855
-0.934855
-0.934856
-0.934915
-0.934881
-0.934856
-0.934814
-0.934891
-0.934892
-0.934873
-0.934926
-0.934848
-0.934879
-0.934822
-0.934865
-0.934856
-0.934869
-0.934889
-0.934835
-0.934867
-0.934916
-0.934875
-0.934865
-0.934856
-0.934842
-0.934833
-0.934899
-0.934838
-0.934873
-0.934833
-0.934901
-0.934877
-0.9348
-0.934857
-0.934879
-0.934881
-0.934855
-0.934859
-0.934851
-0.934837
-0.934879
