0.0245601
0.027563
0.0250943
0.0269545
0.0240324
0.0242946
0.0258793
0.0251537
0.0254967
0.0258513
0.0264317
0.0250119
0.0275136
0.0265884
0.0258925
0.0278516
0.0267484
0.0276587
0.0257094
0.0267352
0.0262982
0.0262833
0.0276735
0.0274113
0.0278566
0.0273866
0.0250119
0.0274575
0.0293277
0.02503
0.0257094
0.0278945
0.0278797
0.027601
0.0260112
0.0274031
0.0252048
0.0297565
0.0241693
0.0275795
0.0268374
0.0280545
0.027248
0.0272563
0.0269693
0.0260376
0.0262487
0.0275729
0.0272579
0.0265917
0.0247068
0.026031
0.0248074
0.0257375
0.0287043
0.0266065
0.0248569
0.0250498
0.0269693
0.0257836
0.0258892
0.0264136
0.0280512
0.0271425
0.0255561
0.0272233
0.0262025
0.0274278
0.0274492
0.0278104
0.0277461
0.026562
0.0262289
0.0264927
0.027375
0.0262108
0.028005
0.0251174
0.0257061
0.0272365
0.0262009
0.0281205
0.0255676
0.0268094
0.0270947
0.0266626
0.0267088
0.0282936
0.0273173
0.026689
0.0279836
0.0241923
0.0262949
0.0263954
0.0270963
0.0289203
0.0245172
0.0260557
0.0269743
0.0276306
0.0287059
0.0289418
0.0249047
0.024936
0.0254802
0.0287933
0.0258644
0.0240192
0.0251537
0.0244034
0.0261398
0.0255759
0.0281369
0.025317
0.0276884
0.0267385
0.0271013
0.0254258
0.0277197
0.0259073
0.0294382
0.0272728
0.0256006
0.0272728
0.0275284
0.0280561
0.0267022
0.0240588
0.0222466
0.0243605
0.0210495
0.0208599
0.0220685
0.0220982
0.0223967
0.0234767
0.0224824
0.0265752
0.0282573
0.0293937
0.0290374
0.0284783
0.0279654
0.0252559
0.0254159
0.0265208
0.0280232
0.03567
0.0367852
0.0394168
0.0396742
0.0381579
0.0344014
0.0392865
0.039072
0.0376151
0.0385803
0.0405867
0.040656
0.0414085
0.0421165
0.0458184
0.0448776
0.0516775
0.0593792
0.059295
0.0633549
0.0718179
0.0748681
0.0764184
0.0794765
0.0771332
0.0796089
0.0760378
0.0772937
0.0802677
0.0828734
0.086823
0.0876595
0.0925443
0.0900983
0.0942533
0.087961
0.0840241
0.0764448
0.075927
0.0756391
0.077613
0.0849597
0.0866822
0.0962048
0.107442
0.124836
0.143848
0.168168
0.188365
0.212086
0.239859
0.27042
0.292477
0.317615
0.339437
0.355325
0.368922
0.392624
0.407218
0.429877
0.44578
0.467458
0.48244
0.505629
0.516999
0.541026
0.560814
0.585932
0.612338
0.636751
0.658588
0.694411
0.764838
0.799217
0.828525
0.863638
0.892836
0.920998
0.949754
0.958046
0.985316
0.993348
1.00452
1.01015
1.0279
1.02623
1.02876
1.0298
1.02729
1.03693
1.04101
1.03841
1.04079
1.04881
1.06346
1.07317
1.09769
1.0856
1.11908
1.12426
1.14627
1.16945
1.20299
1.2214
1.2477
1.28295
1.3025
1.33889
1.35563
1.36251
1.37691
1.3702
1.34523
1.34521
1.3146
1.31378
1.29025
1.28549
1.28674
1.29041
1.30918
1.31448
1.33768
1.37298
1.41388
1.43647
1.42518
1.46104
1.47117
1.49207
1.49657
1.50895
1.50258
1.49134
1.47775
1.44583
1.41924
1.37843
1.33653
1.28713
1.24924
1.20077
1.17263
1.1394
1.10513
1.11464
1.11138
1.11554
1.11077
1.11394
1.11118
1.1151
1.10903
1.10245
1.09033
1.07477
1.0732
1.07443
1.07417
1.08125
1.09318
1.10849
1.15612
1.24077
1.28319
1.33469
1.38748
1.45083
1.52811
1.53239
1.61604
1.67262
1.74761
1.8266
1.89351
1.9786
2.04623
2.12741
2.20193
2.27464
2.3122
2.30588
2.29711
2.31109
2.29053
2.2972
2.31355
2.3102
2.31193
2.32895
2.30933
2.28397
2.24541
2.20234
2.15611
2.10838
2.04116
1.99742
1.93653
1.89263
1.87084
1.84384
1.80657
1.77364
1.78103
1.77488
1.76469
1.77898
1.76579
1.73774
1.73337
1.72617
1.72121
1.72326
1.71306
1.69423
1.66288
1.64862
1.64006
1.62872
1.64356
1.65472
1.66489
1.67462
1.68578
1.68546
1.69485
1.69833
1.6773
1.65989
1.64041
1.62607
1.60977
1.60805
1.6183
1.62839
1.62925
1.64441
1.64081
1.6359
1.63291
1.61685
1.58392
1.56645
1.55252
1.5434
1.51859
1.47931
1.44302
1.35676
1.33056
1.28495
1.25166
1.21804
1.19322
1.17935
1.17708
1.17558
1.2001
1.23622
1.26773
1.30559
1.33263
1.35627
1.38115
1.40674
1.41564
1.4303
1.43178
1.4229
1.41289
1.40279
1.38796
1.39628
1.39949
1.41413
1.41903
1.42397
1.43183
1.41356
1.41226
1.39367
1.3817
1.38659
1.36053
1.34159
1.3116
1.30238
1.29558
1.29151
1.28098
1.26964
1.26013
1.24206
1.24072
1.23516
1.24025
1.23895
1.23859
1.24829
1.25402
1.27014
1.26227
1.27994
1.28281
1.29518
1.2984
1.3093
1.3237
1.32724
1.34693
1.3463
1.37037
1.37855
1.39204
1.42502
1.42665
1.43808
1.44635
1.43865
1.43352
1.40373
1.38814
1.37039
1.36334
1.34802
1.33754
1.32979
1.318
1.30955
1.30209
1.30823
1.30594
1.33574
1.34929
1.37562
1.39334
1.40588
1.41926
1.41426
1.40369
1.39672
1.38742
1.36138
1.34172
1.31758
1.29866
1.26385
1.25676
1.23325
1.22678
1.22754
1.23353
1.24881
1.2501
1.26462
1.27314
1.27833
1.2855
1.28661
1.27765
1.26214
1.25855
1.23919
1.21758
1.1812
1.14604
1.1035
1.07441
1.03238
1.01849
1.00817
0.999189
0.998178
1.0011
0.99989
1.01195
1.02417
1.02663
1.03757
1.03871
1.03718
1.0447
1.0487
1.07007
1.10073
1.14022
1.17074
1.20029
1.2351
1.24561
1.26435
1.26484
1.28569
1.29685
1.304
1.30323
1.301
1.29844
1.28308
1.28618
1.27298
1.25774
1.24334
1.22097
1.20235
1.18685
1.16112
1.13244
1.11025
1.0885
1.07722
1.05723
1.04285
1.02342
1.00768
0.983215
0.961344
0.944044
0.926136
0.919958
0.92103
0.916728
0.912595
0.906704
0.9024
0.8934
0.876515
0.86348
0.848436
0.828707
0.818277
0.800517
0.800691
0.807614
0.814183
0.824991
0.840371
0.849985
0.86919
0.898395
0.922135
0.960938
0.993369
1.03202
1.05569
1.08122
1.10473
1.12622
1.15887
1.17046
1.18865
1.17763
1.1737
1.15048
1.12969
1.10048
1.06835
1.04395
1.02518
0.992598
0.981247
0.975505
0.971922
0.983718
1.00227
1.02291
1.05742
1.07599
1.09405
1.1095
1.11963
1.12968
1.14139
1.13656
1.13458
1.13069
1.12827
1.1224
1.12471
1.10997
1.11911
1.11385
1.12115
1.12577
1.1299
1.12275
1.13152
1.15889
1.17344
1.18442
1.20263
1.21713
1.22332
1.2369
1.2362
1.24289
1.23628
1.21619
1.22101
1.20789
1.18576
1.1779
1.14742
1.13464
1.12644
1.12567
1.11918
1.13198
1.1373
1.15329
1.1594
1.16479
1.17398
1.18379
1.19177
1.20362
1.21248
1.20737
1.21224
1.20665
1.2206
1.22245
1.2334
1.22266
1.22316
1.2248
1.21597
1.18397
1.14569
1.09414
1.04496
0.993428
0.958355
0.937729
0.912333
0.856257
0.82148
0.784898
0.745621
0.707273
0.661603
0.632657
0.610165
0.588128
0.567694
0.550976
0.532382
0.514212
0.49838
0.480167
0.463561
0.444555
0.424719
0.41427
0.39908
0.393028
0.381074
0.373031
0.362615
0.355217
0.343851
0.335511
0.327257
0.317132
0.312131
0.298723
0.289381
0.274196
0.263802
0.247353
0.236917
0.223329
0.212899
0.210723
0.209675
0.202322
0.199827
0.196729
0.194585
0.19665
0.196194
0.194111
0.193536
0.193279
0.192846
0.191479
0.187531
0.189477
0.187081
0.182629
0.180341
0.177292
0.17295
0.171662
0.163184
0.156872
0.154843
0.152786
0.146579
0.142746
0.141777
0.141581
0.141004
0.143904
0.141136
0.139502
0.141032
0.139564
0.142244
0.143823
0.139403
0.141281
0.13735
0.136819
0.138192
0.138606
0.135403
0.13825
0.142454
0.139759
0.138461
0.139245
0.139031
0.141089
0.139926
0.141483
0.14362
0.143636
0.144785
0.143967
0.147336
0.145091
0.144191
0.144319
0.14673
0.143441
0.14476
0.143434
0.14077
0.144154
0.143174
0.140964
0.140606
0.139005
0.139662
0.139337
0.141015
0.140096
0.136234
0.141366
0.138689
0.140203
0.137168
0.13971
0.139692
0.140673
0.141529
0.141334
0.140742
0.140339
0.138294
0.141368
0.141184
0.140868
0.142414
0.140221
0.136236
0.138906
0.139739
0.141017
0.140027
0.140425
0.138923
0.141533
0.139175
0.139435
0.139348
0.139031
0.139754
0.140777
0.138751
0.141957
0.138924
0.144416
0.139276
0.136659
0.138791
0.141092
0.140214
0.142621
0.139709
0.139417
0.141152
0.142099
