0.0174924
0.00570293
-0.00136455
0.000150718
0.00593375
0.0107953
0.00711092
0.0148565
0.00223586
-0.00640868
-0.0109325
-0.00565254
-0.0108965
-0.00764089
0.00671102
-0.0155713
0.00138113
0.00324261
0.00294614
-0.00413772
0.00923844
0.0106152
-0.00452026
0.00836253
-0.00937119
-0.00696163
0.0082222
-0.00750553
-0.00624233
0.00443749
0.000389466
-0.0206301
-0.00548294
-0.0200577
0.00665478
0.00221736
-0.00471046
-0.013087
0.0160737
0.00392962
-0.00450903
-0.0015946
0.00632581
-0.00295671
0.012764
-0.00531304
-0.00651129
-0.00294487
-0.00256036
0.00939983
-0.000954486
-0.00595035
-0.0144209
0.0116596
-0.000171378
0.00177034
0.00932319
-0.00129529
-0.0171098
-0.00410614
0.00647147
0.00536126
-0.0130358
0.00148601
0.0100959
0.0185663
0.00819901
-0.00751476
1.96699e-05
-0.0279015
-0.0227243
-0.00363447
0.00935302
-0.00371082
-0.0118538
-0.00846656
0.0173788
0.0106719
-0.0117586
-0.0179907
-0.00469247
0.00365533
0.0204482
-0.000552964
-0.0019308
0.000512645
0.0158785
-0.00509474
-0.0119598
0.002303
-0.0108011
0.0104767
-0.00664082
-0.00399638
-0.0018091
-0.000612765
0.00558727
0.00272966
0.0112653
0.00242302
-0.0185461
-0.0166581
0.00540831
0.0123656
0.00661704
-0.0199051
-0.00139917
0.011359
0.0160748
0.0220396
-0.00086046
-0.00153412
-0.0104366
-0.00788827
0.00207025
-6.30562e-05
-0.00323558
0.000945785
-0.00253945
0.0169004
0.00415394
-0.0174672
0.00734102
0.00184155
-0.0182381
-0.00527955
0.0054592
0.00791035
0.00493955
0.00614847
-0.00146659
0.000252312
0.00285592
0.0078316
-0.00927201
-0.0266703
0.00671054
-0.00647086
0.00581646
-0.0115666
-0.0126395
-0.00493312
-0.00439966
-0.00470175
-0.0046252
-0.0163828
-0.0168676
-0.0281976
-0.0120121
-0.00116844
0.00408151
0.00983321
0.00924752
-0.00615296
-0.006374
0.0204911
0.0193949
0.00876061
-0.00738098
-0.0057716
-0.0214066
-0.0197592
-0.0122843
-0.0527988
-0.0321108
-0.045744
-0.0312816
-0.027038
-0.00340324
-0.0173789
-0.0256994
-0.00624927
-0.0171049
-0.026655
-0.026636
-0.0253198
-0.0135547
-0.00771598
-0.0191337
-0.0284093
0.000143745
-0.0170313
0.0237258
0.0315858
0.00545621
0.0106432
0.000870088
0.00151281
-0.0406846
-0.017954
-0.049786
-0.0638297
-0.078975
-0.115425
-0.128834
-0.144694
-0.173222
-0.158162
-0.189604
-0.181388
-0.199237
-0.191148
-0.171604
-0.187994
-0.18828
-0.188132
-0.23317
-0.22158
-0.214198
-0.220935
-0.259633
-0.269215
-0.222922
-0.235891
-0.297051
-0.283502
-0.319969
-0.318482
-0.366312
-0.333231
-0.384177
-0.35221
-0.397353
-0.403279
-0.377938
-0.392756
-0.349983
-0.38404
-0.40309
-0.350925
-0.370537
-0.333741
-0.319442
-0.328153
-0.34214
-0.317314
-0.320091
-0.327746
-0.312427
-0.344519
-0.312756
-0.36852
-0.341683
-0.394311
-0.290575
-0.414259
-0.36297
-0.400452
-0.392075
-0.433555
-0.447568
-0.41913
-0.439957
-0.440535
-0.433236
-0.418967
-0.368505
-0.361843
-0.373723
-0.32772
-0.388556
-0.31378
-0.336353
-0.350924
-0.35379
-0.389858
-0.367958
-0.411507
-0.41551
-0.449167
-0.441612
-0.481741
-0.489274
-0.46191
-0.452386
-0.433009
-0.471594
-0.451694
-0.451483
-0.442498
-0.41443
-0.414639
-0.378271
-0.381564
-0.344638
-0.3446
-0.317043
-0.274424
-0.273325
-0.269287
-0.261898
-0.247426
-0.302752
-0.27995
-0.321674
-0.283522
-0.325406
-0.262455
-0.29236
-0.281206
-0.263608
-0.277456
-0.250881
-0.281273
-0.24629
-0.28363
-0.28204
-0.325962
-0.309412
-0.442334
-0.509156
-0.429536
-0.430037
-0.509046
-0.540519
-0.523756
-0.445778
-0.560563
-0.601879
-0.557974
-0.614517
-0.648576
-0.633262
-0.650801
-0.683329
-0.696647
-0.661206
-0.651595
-0.649164
-0.684784
-0.683141
-0.676892
-0.686865
-0.681972
-0.641919
-0.634139
-0.576574
-0.574078
-0.578022
-0.554716
-0.572586
-0.531115
-0.486721
-0.490397
-0.494937
-0.445516
-0.457605
-0.432681
-0.425786
-0.392898
-0.395873
-0.451385
-0.431249
-0.385346
-0.445463
-0.426334
-0.393702
-0.388737
-0.421231
-0.433717
-0.424599
-0.434161
-0.421663
-0.40635
-0.393414
-0.415831
-0.435679
-0.424929
-0.436971
-0.414777
-0.412521
-0.440984
-0.453555
-0.429606
-0.416116
-0.439458
-0.448138
-0.398056
-0.42073
-0.428065
-0.442578
-0.423814
-0.437034
-0.470883
-0.444995
-0.405452
-0.42675
-0.383431
-0.369388
-0.35962
-0.344744
-0.364416
-0.389251
-0.32336
-0.292655
-0.281966
-0.257549
-0.269431
-0.243642
-0.238713
-0.221003
-0.252819
-0.245302
-0.26612
-0.282685
-0.339083
-0.36783
-0.36272
-0.377641
-0.401462
-0.371102
-0.368568
-0.390808
-0.395509
-0.362563
-0.363292
-0.340931
-0.354953
-0.359401
-0.368707
-0.353682
-0.36803
-0.408348
-0.390383
-0.384205
-0.390991
-0.347377
-0.394187
-0.393581
-0.360247
-0.371776
-0.325175
-0.344994
-0.290607
-0.269736
-0.300678
-0.324003
-0.302585
-0.290626
-0.281908
-0.285444
-0.270597
-0.286594
-0.302309
-0.297382
-0.300457
-0.318096
-0.342436
-0.346348
-0.329097
-0.364062
-0.326829
-0.362768
-0.36369
-0.354752
-0.369638
-0.345649
-0.377931
-0.360584
-0.356604
-0.404094
-0.360503
-0.387027
-0.359691
-0.365102
-0.394159
-0.369822
-0.341124
-0.331091
-0.353936
-0.319938
-0.351336
-0.328827
-0.340754
-0.350726
-0.290457
-0.346044
-0.336229
-0.368745
-0.356329
-0.402832
-0.393616
-0.36376
-0.41298
-0.402059
-0.362389
-0.404168
-0.362983
-0.360522
-0.377376
-0.312453
-0.333179
-0.307775
-0.338302
-0.307382
-0.316261
-0.329372
-0.31737
-0.36204
-0.321932
-0.345819
-0.324693
-0.331503
-0.345576
-0.337536
-0.31899
-0.303709
-0.317531
-0.292965
-0.282302
-0.247014
-0.259591
-0.210896
-0.198673
-0.200051
-0.195183
-0.183193
-0.194312
-0.235197
-0.22525
-0.244385
-0.263654
-0.280829
-0.289634
-0.267114
-0.257647
-0.269926
-0.26307
-0.275182
-0.28405
-0.301959
-0.312301
-0.352063
-0.359374
-0.335793
-0.371898
-0.350352
-0.341517
-0.338546
-0.373164
-0.369849
-0.390775
-0.367498
-0.347276
-0.358342
-0.370395
-0.341096
-0.355378
-0.346625
-0.333131
-0.333586
-0.276242
-0.283825
-0.284698
-0.276504
-0.262708
-0.236932
-0.23999
-0.231216
-0.224489
-0.207384
-0.186847
-0.212549
-0.169134
-0.160247
-0.176311
-0.178052
-0.188452
-0.215614
-0.228383
-0.22144
-0.185696
-0.208928
-0.191795
-0.169912
-0.161579
-0.177131
-0.188415
-0.148296
-0.163666
-0.185459
-0.202068
-0.214783
-0.242474
-0.238883
-0.267152
-0.286053
-0.29669
-0.29541
-0.334679
-0.321491
-0.353668
-0.333362
-0.350176
-0.358312
-0.336951
-0.35019
-0.33425
-0.34675
-0.326463
-0.304785
-0.243863
-0.228512
-0.233078
-0.232005
-0.212487
-0.223479
-0.196497
-0.208689
-0.253
-0.257985
-0.298351
-0.307377
-0.309876
-0.375432
-0.336129
-0.358362
-0.340333
-0.33294
-0.327046
-0.330476
-0.317517
-0.296357
-0.304409
-0.293486
-0.289763
-0.2838
-0.303062
-0.316189
-0.334324
-0.317129
-0.311956
-0.32143
-0.361371
-0.331698
-0.441311
-0.356507
-0.372947
-0.435773
-0.412463
-0.429256
-0.418151
-0.383532
-0.393507
-0.38931
-0.341616
-0.330893
-0.305733
-0.311473
-0.309913
-0.267511
-0.295884
-0.262984
-0.307856
-0.261042
-0.307009
-0.284127
-0.32573
-0.283789
-0.338788
-0.349744
-0.367825
-0.356931
-0.3662
-0.363896
-0.322668
-0.369399
-0.334086
-0.348452
-0.332985
-0.345448
-0.331623
-0.279708
-0.316715
-0.272611
-0.201019
-0.23209
-0.138888
-0.14199
-0.140828
-0.169224
-0.153677
-0.119904
-0.0733863
-0.121757
-0.0932187
-0.0883165
-0.0502626
-0.0790668
-0.0569171
-0.0459885
-0.0496916
-0.064014
-0.0712437
-0.0667035
-0.0416126
-0.0416156
-0.0416866
-0.033053
-0.0526218
-0.0370289
-0.0277338
-0.0313134
-0.0223164
-0.0268399
-0.0312041
-0.0208203
-0.034738
-0.0135822
-0.00792074
0.00647176
0.0218554
0.0049297
0.00879095
-0.0114483
-0.00891353
0.0334942
0.0328134
0.0262699
0.0454032
0.0236756
0.0128307
0.000416275
0.003967
-0.00331238
0.0118791
0.0244308
0.00418761
-0.0158542
-0.0153535
0.0123929
-0.0134032
0.0014677
0.0221434
0.0269418
0.00436821
0.0166135
0.0118927
0.0315832
0.00331761
0.00428603
0.00599361
0.0112018
0.0214904
0.0264758
0.00418226
0.00402606
0.00445804
0.00859579
0.00428322
0.015508
0.0147437
-0.00569712
-0.0117229
0.00749237
0.00650372
-0.000312122
0.00841281
0.00505418
-0.00757943
-0.0187256
0.00831655
0.0141457
-0.0082855
-0.00751094
-0.000358426
-0.0173548
-0.000161374
0.000523144
0.00106714
-0.0018763
0.0126077
0.00178384
0.0100596
4.52474e-05
-0.0146243
-0.00394787
0.011282
-0.00829189
-0.0109258
-0.00064679
0.00907158
-0.0144948
0.000133032
0.0109963
0.0164022
0.011094
-0.0072742
0.00779273
0.010888
0.00686019
0.0144898
0.00430203
0.0090728
0.00470593
-0.00498313
0.00852282
-0.0270304
0.00221812
-0.015069
-0.00538558
0.0010433
0.0141131
0.00658668
-0.00186453
-0.00262714
-0.00102316
0.0129437
-0.0214515
0.00517481
0.000749082
-0.00173544
0.0105928
0.00507298
0.00186285
0.0172998
0.0111302
0.0223583
-0.0277385
0.0122788
-0.00935302
-0.013562
-0.0138346
0.00178164
0.00994419
-0.0118828
0.00753299
-0.00414558
-0.000738691
-0.0100485
0.0115268
-0.00991975
-0.00566685
0.0203103
0.0142006
-0.00643067
-0.0188864
0.00310299
0.00103248
0.00349202
-0.00121509
0.00465766
