0.975623
0.97564
0.975627
0.975602
0.975605
0.975638
0.975617
0.975617
0.975551
0.975564
0.975637
0.975628
0.975604
0.975584
0.975625
0.975611
0.975608
0.975578
0.975623
0.97561
0.975618
0.975609
0.975602
0.975627
0.975638
0.975646
0.975605
0.975606
0.975646
0.975644
0.975637
0.975579
0.975639
0.975648
0.975615
0.975598
0.9756
0.975646
0.975588
0.975618
0.975602
0.975639
0.975637
0.975598
0.975595
0.975632
0.975604
0.975619
0.975636
0.975638
0.975618
0.975659
0.975604
0.975644
0.975616
0.975589
0.975596
0.975607
0.975603
0.97561
0.975618
0.975608
0.97558
0.97558
0.975617
0.975623
0.975601
0.975632
0.975625
0.975606
0.975607
0.975616
0.975615
0.97563
0.975619
0.975618
0.975616
0.975613
0.975608
0.975587
0.97562
0.975597
0.975613
0.975672
0.975702
0.975634
0.975672
0.975599
0.975613
0.975669
0.975616
0.975626
0.975546
0.975573
0.975586
0.975603
0.97561
0.975645
0.975602
0.97563
0.975628
0.975633
0.975609
0.975627
0.975623
0.975619
0.975562
0.975631
0.975672
0.975629
0.975682
0.975649
0.975605
0.975654
0.975612
0.975634
0.975624
0.975575
0.975612
0.975626
0.9756
0.975644
0.975607
0.975613
0.975596
0.975678
0.975801
0.975963
0.976141
0.976174
0.976142
0.976171
0.976181
0.976159
0.976113
0.976017
0.975923
0.975794
0.975683
0.975686
0.975688
0.975731
0.975823
0.975883
0.975945
0.975895
0.975775
0.975478
0.97518
0.975064
0.975046
0.975029
0.975075
0.975081
0.975058
0.975114
0.97503
0.974965
0.974923
0.974849
0.974772
0.974667
0.974489
0.974095
0.973691
0.973276
0.972925
0.972599
0.972331
0.972145
0.972096
0.972022
0.971973
0.971818
0.97161
0.971236
0.970806
0.970397
0.969775
0.969049
0.968514
0.967921
0.967529
0.967111
0.965528
0.96421
0.962756
0.961135
0.959276
0.95719
0.954817
0.952345
0.949594
0.947074
0.944469
0.94185
0.939213
0.936464
0.933643
0.930804
0.928151
0.925524
0.922946
0.920263
0.917552
0.914825
0.912026
0.909196
0.906458
0.903907
0.901327
0.898704
0.896349
0.89407
0.891651
0.889358
0.887003
0.884647
0.882236
0.877249
0.874652
0.872444
0.870351
0.868245
0.866446
0.864668
0.862936
0.8611
0.859297
0.857225
0.855062
0.852866
0.850649
0.848468
0.846287
0.844112
0.842062
0.84001
0.837963
0.83606
0.834143
0.832253
0.830354
0.82839
0.826351
0.824155
0.822064
0.819711
0.817589
0.815425
0.81323
0.810911
0.808647
0.806418
0.802037
0.799712
0.797357
0.794903
0.792413
0.789797
0.787094
0.784386
0.78183
0.779261
0.776847
0.774393
0.772344
0.770218
0.768191
0.766197
0.764003
0.761846
0.76005
0.758204
0.75616
0.754512
0.752527
0.750574
0.748873
0.747103
0.745319
0.743533
0.74185
0.739717
0.737702
0.735963
0.734078
0.73234
0.730876
0.729665
0.728417
0.725918
0.724829
0.723834
0.722807
0.721461
0.720057
0.718735
0.717454
0.716729
0.71617
0.71579
0.715331
0.71482
0.714512
0.714445
0.7144
0.714414
0.714617
0.715476
0.716364
0.717815
0.719275
0.720589
0.722383
0.723297
0.724709
0.725157
0.725414
0.725528
0.725579
0.725519
0.725041
0.724422
0.722979
0.721815
0.720897
0.720907
0.720944
0.720939
0.720884
0.720407
0.719597
0.718591
0.717841
0.716908
0.716131
0.715336
0.714348
0.71313
0.711842
0.71006
0.708082
0.705802
0.703057
0.700105
0.69663
0.69293
0.688949
0.685117
0.681316
0.677627
0.674419
0.671151
0.668224
0.665231
0.662136
0.658789
0.655184
0.6513
0.643513
0.639642
0.635765
0.631744
0.627593
0.623397
0.619151
0.614989
0.611177
0.607111
0.603045
0.599038
0.59494
0.590847
0.587044
0.583142
0.579375
0.575698
0.571882
0.568177
0.56392
0.559756
0.555737
0.551507
0.547139
0.54267
0.538329
0.533982
0.529663
0.525617
0.52126
0.516671
0.512161
0.507562
0.502867
0.498007
0.487788
0.482384
0.476941
0.471222
0.465527
0.459741
0.454006
0.448231
0.442359
0.436461
0.43069
0.424968
0.419328
0.413811
0.408197
0.402434
0.396802
0.391194
0.385519
0.379926
0.374629
0.369288
0.364106
0.358681
0.352973
0.347032
0.340983
0.335085
0.329294
0.323618
0.318199
0.312641
0.307082
0.301316
0.295364
0.289131
0.276974
0.270899
0.264777
0.258716
0.252615
0.246569
0.240641
0.234702
0.228614
0.22239
0.216118
0.209649
0.203258
0.197004
0.190623
0.184191
0.177737
0.171202
0.164671
0.158247
0.152056
0.14579
0.13954
0.133439
0.12747
0.12161
0.115964
0.110187
0.104209
0.0988122
0.0920147
0.0864698
0.0800232
0.0742816
0.0685521
0.0630701
0.051719
0.0459937
0.0403227
0.0342574
0.0283842
0.0224403
0.0164315
0.0107121
0.00513828
-0.000293076
-0.00547582
-0.0105358
-0.0157017
-0.0208207
-0.0258577
-0.0308301
-0.0356068
-0.0400873
-0.0444781
-0.0483374
-0.053066
-0.0572546
-0.0615083
-0.0658846
-0.0700781
-0.0740433
-0.0788072
-0.0832521
-0.0875425
-0.0912967
-0.0960971
-0.100514
-0.10475
-0.108761
-0.116003
-0.120349
-0.12432
-0.128529
-0.132495
-0.137654
-0.142615
-0.147407
-0.153579
-0.159149
-0.164705
-0.170104
-0.175204
-0.181131
-0.18666
-0.191634
-0.198065
-0.204004
-0.209398
-0.216166
-0.222296
-0.227937
-0.234265
-0.241174
-0.246721
-0.252853
-0.258923
-0.26536
-0.270834
-0.277458
-0.28351
-0.289253
-0.295043
-0.300388
-0.310106
-0.314752
-0.318824
-0.323914
-0.328474
-0.332623
-0.337076
-0.341756
-0.345651
-0.350175
-0.354442
-0.358216
-0.362347
-0.366541
-0.370891
-0.374407
-0.378995
-0.382677
-0.386961
-0.391223
-0.395812
-0.400417
-0.405806
-0.4102
-0.415176
-0.420242
-0.425274
-0.430004
-0.434784
-0.439605
-0.44451
-0.45003
-0.455029
-0.460104
-0.469527
-0.474344
-0.479403
-0.483177
-0.487462
-0.491583
-0.495885
-0.499297
-0.503028
-0.506473
-0.509962
-0.513427
-0.516796
-0.520262
-0.523674
-0.527032
-0.530632
-0.534372
-0.538048
-0.542121
-0.546106
-0.55028
-0.554508
-0.558614
-0.562663
-0.56683
-0.570934
-0.574907
-0.578921
-0.582438
-0.58589
-0.589018
-0.592081
-0.595179
-0.598226
-0.601202
-0.604357
-0.610278
-0.613495
-0.616992
-0.620504
-0.62409
-0.62794
-0.631805
-0.635695
-0.639507
-0.643038
-0.646543
-0.650092
-0.653545
-0.656909
-0.660056
-0.663289
-0.666429
-0.669612
-0.672975
-0.676224
-0.679661
-0.683206
-0.686772
-0.690428
-0.693875
-0.697438
-0.700885
-0.704429
-0.708389
-0.712277
-0.715964
-0.719736
-0.723487
-0.727105
-0.730622
-0.734174
-0.737781
-0.741373
-0.745006
-0.748746
-0.752055
-0.755365
-0.758623
-0.764604
-0.767809
-0.770953
-0.77421
-0.777459
-0.780656
-0.783899
-0.787197
-0.790263
-0.79354
-0.796858
-0.800191
-0.803587
-0.806961
-0.810273
-0.813639
-0.816917
-0.820246
-0.823639
-0.827132
-0.830578
-0.834006
-0.837521
-0.841031
-0.844681
-0.84749
-0.850012
-0.852132
-0.854094
-0.856237
-0.858463
-0.860867
-0.862569
-0.863715
-0.864815
-0.866247
-0.867565
-0.868569
-0.870386
-0.871023
-0.871805
-0.872367
-0.872866
-0.873389
-0.873931
-0.874344
-0.874878
-0.875202
-0.87556
-0.875759
-0.875911
-0.876026
-0.876003
-0.875959
-0.876107
-0.876279
-0.876563
-0.876565
-0.876612
-0.876595
-0.876622
-0.876589
-0.87646
-0.876016
-0.875695
-0.875216
-0.87466
-0.874115
-0.873556
-0.87305
-0.872621
-0.87219
-0.872043
-0.871919
-0.871876
-0.871888
-0.871909
-0.871873
-0.871929
-0.871954
-0.871945
-0.871992
-0.87195
-0.871971
-0.872006
-0.871956
-0.871943
-0.871911
-0.871924
-0.87185
-0.871738
-0.871608
-0.871478
-0.871272
-0.871146
-0.870966
-0.870936
-0.870918
-0.870895
-0.870815
-0.870856
-0.870853
-0.870862
-0.870876
-0.870861
-0.870879
-0.870958
-0.871036
-0.871072
-0.871104
-0.871132
-0.871131
-0.871138
-0.871171
-0.871285
-0.871362
-0.871492
-0.871555
-0.871646
-0.871728
-0.871873
-0.872004
-0.872177
-0.872234
-0.872323
-0.872497
-0.87251
-0.872553
-0.872608
-0.872606
-0.872613
-0.872601
-0.872642
-0.872583
-0.872609
-0.872557
-0.872567
-0.872527
-0.872477
-0.87241
-0.872373
-0.87232
-0.872261
-0.872259
-0.872182
-0.872174
-0.872198
-0.872148
-0.872167
-0.872226
-0.872166
-0.87221
-0.872114
-0.872209
-0.872199
-0.872267
-0.872281
-0.872271
-0.87228
-0.872305
-0.872271
-0.872292
-0.87228
-0.872286
-0.872323
-0.872293
-0.87225
-0.872297
-0.872313
-0.872295
-0.87227
-0.8723
-0.872248
-0.872258
-0.872264
-0.87227
-0.872237
-0.872235
-0.872257
-0.872336
-0.87227
-0.872236
-0.872266
-0.87225
-0.872311
-0.872302
-0.872245
-0.872292
-0.872297
-0.872271
-0.872289
-0.872264
