0.125308
0.123891
0.122481
0.123595
0.124465
0.122803
0.123826
0.125597
0.124681
0.125444
0.121585
0.124376
0.125432
0.126251
0.12306
0.122569
0.124956
0.125302
0.124095
0.125185
0.124124
0.126416
0.124318
0.123021
0.12435
0.123978
0.124934
0.125578
0.123061
0.123127
0.12388
0.123286
0.123256
0.123333
0.126874
0.126006
0.123822
0.124515
0.12553
0.12432
0.124003
0.125399
0.124041
0.125093
0.126141
0.122609
0.126566
0.125403
0.125043
0.123242
0.125242
0.124683
0.124213
0.124629
0.123983
0.124328
0.124926
0.125492
0.125931
0.1266
0.124687
0.125418
0.125249
0.124473
0.123638
0.124061
0.124616
0.125273
0.124425
0.125881
0.124193
0.124645
0.125197
0.12232
0.125075
0.122741
0.124647
0.125652
0.124221
0.126301
0.123963
0.126347
0.123661
0.121786
0.120891
0.122672
0.122335
0.124907
0.123874
0.121427
0.126368
0.122695
0.126458
0.126557
0.12667
0.123279
0.125259
0.123347
0.123804
0.124199
0.122109
0.123757
0.125007
0.123203
0.12427
0.124592
0.125032
0.124542
0.122531
0.124442
0.123644
0.124232
0.12455
0.122926
0.124468
0.124464
0.123151
0.125918
0.123427
0.124066
0.123299
0.122524
0.124668
0.123333
0.125345
0.122027
0.119218
0.114173
0.11193
0.110454
0.110565
0.111224
0.110697
0.109286
0.113124
0.115318
0.115746
0.120972
0.123023
0.122212
0.123382
0.120834
0.119924
0.117762
0.119225
0.115398
0.120157
0.128735
0.135825
0.139331
0.138977
0.138949
0.138935
0.136433
0.137827
0.136057
0.13804
0.139782
0.142476
0.145417
0.144703
0.147139
0.151427
0.16255
0.171004
0.182087
0.188259
0.196738
0.202924
0.209445
0.210914
0.211184
0.209262
0.21668
0.221433
0.231255
0.240607
0.24902
0.264638
0.27989
0.292411
0.30875
0.316962
0.327437
0.36801
0.401052
0.437093
0.474669
0.501331
0.522314
0.53327
0.538337
0.554939
0.561367
0.566544
0.579821
0.584483
0.595886
0.598439
0.601629
0.605479
0.601174
0.606216
0.607653
0.613906
0.613715
0.620658
0.626605
0.627575
0.638839
0.642029
0.642539
0.644384
0.641621
0.644068
0.636862
0.643169
0.63802
0.630366
0.631495
0.634862
0.622162
0.613629
0.601941
0.58759
0.574044
0.555099
0.55185
0.543442
0.541076
0.548973
0.552238
0.556184
0.562208
0.560398
0.561295
0.570833
0.573594
0.572236
0.573268
0.575657
0.583515
0.581712
0.57585
0.573004
0.576038
0.566373
0.570355
0.570494
0.56444
0.559406
0.55858
0.555299
0.554062
0.550121
0.557797
0.558387
0.566543
0.577219
0.584934
0.601722
0.611996
0.621642
0.634281
0.637667
0.649222
0.653663
0.646366
0.640062
0.634367
0.628424
0.625942
0.609897
0.597067
0.594415
0.572654
0.571417
0.561837
0.549504
0.543623
0.534515
0.529875
0.524421
0.529674
0.532702
0.528621
0.52677
0.520014
0.50997
0.500676
0.483827
0.464792
0.455636
0.456394
0.453471
0.450447
0.451326
0.445127
0.445891
0.446919
0.444146
0.435465
0.421635
0.400726
0.374698
0.350448
0.324878
0.303007
0.283969
0.249603
0.214991
0.169471
0.131483
0.0983907
0.0796283
0.0566356
0.0396536
0.0325147
0.0252355
0.0248517
0.0240827
0.0257994
0.0381734
0.0445375
0.0583857
0.0744619
0.0847316
0.0784761
0.0782961
0.0779388
0.0772357
0.0886573
0.105347
0.123922
0.1323
0.147481
0.156914
0.168549
0.180622
0.197573
0.216795
0.245183
0.270105
0.302002
0.343612
0.380752
0.431176
0.477231
0.527766
0.572136
0.60597
0.633932
0.652256
0.662392
0.674623
0.675378
0.690647
0.705924
0.735934
0.76438
0.833684
0.853128
0.870082
0.892614
0.910009
0.923718
0.930077
0.941443
0.937365
0.940027
0.945817
0.953862
0.965084
0.975104
0.972713
0.982736
0.987453
0.983106
1.00192
1.00483
1.02141
1.02553
1.02658
1.03403
1.04123
1.05194
1.06179
1.06904
1.07969
1.08544
1.09658
1.1208
1.15257
1.18358
1.21311
1.22589
1.28359
1.30878
1.32867
1.35709
1.39654
1.42548
1.45602
1.48081
1.50561
1.53348
1.53165
1.53812
1.54514
1.54684
1.54431
1.54651
1.54877
1.55735
1.57017
1.58221
1.58259
1.59609
1.5731
1.56443
1.57739
1.5892
1.60175
1.61476
1.62434
1.63795
1.64605
1.63364
1.63697
1.66672
1.68709
1.70613
1.72934
1.7309
1.75149
1.75615
1.77059
1.80359
1.83054
1.82708
1.83485
1.85412
1.85193
1.8529
1.8601
1.86642
1.88066
1.89185
1.91199
1.92199
1.91551
1.90983
1.90254
1.89895
1.90145
1.8989
1.88436
1.88265
1.88223
1.86135
1.84996
1.84752
1.847
1.84069
1.84044
1.83933
1.8471
1.84416
1.84415
1.84457
1.83463
1.85085
1.85768
1.84414
1.86061
1.86753
1.85195
1.84918
1.85527
1.83784
1.83234
1.81817
1.78615
1.75894
1.73001
1.67252
1.64514
1.62056
1.6055
1.59166
1.57801
1.56733
1.54841
1.53386
1.50949
1.50131
1.50078
1.48611
1.48904
1.5019
1.50412
1.49325
1.48337
1.47184
1.47848
1.48401
1.48598
1.51352
1.5451
1.58853
1.64223
1.68957
1.7422
1.77741
1.82566
1.85012
1.88062
1.90513
1.92948
1.96138
1.974
1.98878
2.00066
2.01697
2.04421
2.08464
2.10018
2.11933
2.13223
2.12295
2.12574
2.13806
2.11788
2.10634
2.10318
2.07117
1.97778
1.94355
1.90891
1.86583
1.82945
1.80248
1.78921
1.77344
1.77465
1.76108
1.75754
1.75585
1.74859
1.74751
1.73642
1.69777
1.68992
1.68907
1.68025
1.67786
1.69506
1.70599
1.73727
1.75998
1.78225
1.80837
1.82764
1.84814
1.83415
1.82092
1.80608
1.81786
1.81674
1.81042
1.76667
1.75004
1.73598
1.70447
1.68835
1.68018
1.65207
1.62504
1.59661
1.56732
1.52516
1.49909
1.4629
1.43896
1.43487
1.41468
1.40902
1.42367
1.42618
1.45012
1.46816
1.49214
1.50386
1.49399
1.48428
1.47857
1.46623
1.43943
1.43745
1.40768
1.37838
1.35764
1.33677
1.30259
1.2921
1.28456
1.28538
1.29392
1.28906
1.29212
1.29312
1.29113
1.30989
1.31161
1.33167
1.32806
1.30541
1.29815
1.28748
1.284
1.27486
1.26005
1.25857
1.2595
1.25949
1.25794
1.25489
1.25396
1.24696
1.25122
1.246
1.2426
1.24631
1.23248
1.23712
1.25036
1.26678
1.28031
1.28026
1.29165
1.29577
1.29922
1.311
1.3016
1.30135
1.29015
1.27716
1.26557
1.24977
1.23859
1.21271
1.21765
1.2044
1.20763
1.20617
1.20804
1.20378
1.22134
1.20963
1.20748
1.20827
1.19768
1.20248
1.19963
1.19912
1.18641
1.18724
1.18759
1.18787
1.20483
1.20896
1.22715
1.24755
1.25378
1.26743
1.25741
1.22128
1.1869
1.14125
1.10841
1.08015
1.06831
1.0214
0.970986
0.914982
0.87397
0.841835
0.800873
0.734638
0.696613
0.661454
0.630275
0.598661
0.573992
0.550158
0.520932
0.495593
0.470181
0.447266
0.429146
0.413724
0.406417
0.397292
0.377961
0.359999
0.341165
0.329135
0.308832
0.299759
0.288097
0.276619
0.26962
0.261882
0.246914
0.244019
0.229945
0.214865
0.200392
0.187905
0.176544
0.165601
0.155548
0.149729
0.148652
0.144952
0.145916
0.149154
0.146509
0.148861
0.149458
0.149012
0.150562
0.15021
0.149015
0.149971
0.148493
0.148183
0.149033
0.148053
0.144769
0.144004
0.139801
0.13584
0.132067
0.129921
0.123199
0.124059
0.125208
0.122875
0.119852
0.121428
0.122044
0.120819
0.122901
0.121175
0.12223
0.123061
0.124195
0.127371
0.12914
0.128718
0.129953
0.129788
0.129296
0.13426
0.133311
0.137173
0.14014
0.141798
0.143521
0.146064
0.151394
0.153723
0.156201
0.156673
0.162427
0.162737
0.162705
0.163742
0.163045
0.165373
0.164244
0.16639
0.164058
0.165116
0.162835
0.166227
0.162477
0.159376
0.158983
0.157914
0.156797
0.157128
0.156809
0.152182
0.153815
0.152374
0.153528
0.153703
0.155288
0.154417
0.15496
0.151279
0.156322
0.155102
0.157462
0.157698
0.155737
0.156599
0.157849
0.156797
0.156706
0.157352
0.155622
0.158992
0.157648
0.156469
0.155445
0.156753
0.156782
0.156035
0.157739
0.154689
0.15652
0.158424
0.15781
0.156133
0.154205
0.157258
0.155607
0.155459
0.156189
0.156407
0.154671
0.157592
0.155858
0.155406
0.154928
0.156026
0.157281
0.155513
0.156579
