0.016432
0.0029859
0.0114872
-0.00313849
0.000241869
0.0141204
0.00285779
0.0179894
-0.00784978
-0.0163948
0.011468
0.0131268
0.0109949
-0.0117536
-0.00866799
0.0024848
0.00616256
-0.0105234
0.00765882
-0.00228645
0.00730345
-0.0114189
0.00897709
-0.000688167
0.0122245
0.0183494
-0.00201687
0.00818391
0.0133139
0.00930923
0.0139331
-0.00313768
0.0143986
-0.00108754
0.0125287
-0.00678398
-0.00931992
-0.00434653
0.000194615
0.0061924
0.00179348
0.00763708
0.0208039
-0.00602154
-0.00403417
-0.00222479
-0.00329173
0.00927094
-0.00199819
0.0124926
0.00876666
0.0215118
-0.00576737
0.0116406
-0.00458644
-0.000590018
-0.00663351
0.00927258
-0.00778576
-0.0125267
0.00910741
-0.00301118
-0.0142338
-0.0167186
0.00763733
0.00901536
-0.00566127
-0.0044484
-0.00512872
0.00407168
0.00211067
0.00270004
0.00763719
0.0108737
0.0126519
0.00175727
-2.56384e-05
0.00644685
-0.00983762
-0.00319976
-0.0042424
-0.0160364
-0.000380536
0.00831478
0.0327587
0.00566915
0.0194993
0.000504117
-0.0195736
0.0194382
0.0098651
-0.00258365
-0.024491
-0.0260267
-0.00959861
-0.00408706
-0.00314366
0.00880664
-0.00167678
-0.000229504
0.00447737
0.00435169
0.00226079
0.00639577
0.00808737
-0.000212951
-0.0154001
0.00336466
0.016808
0.00105799
0.0260402
0.00251902
0.00548096
0.0120468
0.00179105
0.0105545
0.00183403
-0.00707103
-0.00347707
0.0217322
-0.0113149
0.014316
-0.00297651
0.00314728
0.000566506
-0.00731022
-0.00160502
0.00722249
-0.000534001
-0.0129004
-0.0118698
0.00751474
0.00449332
-0.00737519
-0.0275137
-0.0282517
-0.016505
-0.00457867
-0.00346825
0.00775184
0.0168798
0.0060377
-0.00295264
-0.0146557
-0.00492256
-0.013196
-0.00136678
-0.0215643
-0.032002
-0.00310287
-0.00826406
-0.00571411
-0.000635978
-0.0132596
-0.0196995
-0.00628566
-0.00974601
-0.0162628
0.0263006
-0.00774283
-0.00830336
-0.0127482
-0.00994372
-0.0283535
-0.029349
-0.0500881
-0.0443901
-0.0234094
-0.0238891
-0.0311867
-0.00971759
0.00352173
-0.0112044
-0.0347234
-0.00856783
-0.0435324
-0.0371804
-0.0453474
-0.080689
-0.0725936
-0.0342027
-0.0566571
-0.0453665
-0.0412877
-0.117516
-0.123813
-0.144295
-0.185537
-0.198801
-0.214245
-0.238931
-0.268478
-0.271892
-0.248515
-0.261278
-0.260496
-0.276114
-0.252269
-0.269363
-0.268245
-0.269987
-0.242767
-0.242526
-0.292255
-0.286405
-0.271112
-0.272295
-0.280198
-0.271679
-0.235093
-0.227029
-0.265504
-0.232884
-0.245156
-0.232314
-0.236563
-0.25624
-0.238476
-0.250601
-0.24777
-0.25399
-0.19597
-0.2129
-0.207142
-0.157939
-0.176766
-0.169137
-0.177214
-0.215509
-0.210203
-0.200245
-0.23426
-0.215678
-0.214414
-0.2388
-0.221849
-0.183931
-0.212371
-0.220291
-0.179081
-0.192317
-0.200564
-0.213734
-0.207255
-0.202977
-0.231493
-0.188501
-0.242939
-0.221742
-0.226491
-0.205668
-0.215032
-0.241918
-0.242411
-0.218006
-0.270154
-0.23745
-0.239064
-0.228628
-0.275763
-0.263316
-0.275962
-0.268692
-0.243613
-0.243148
-0.227783
-0.219021
-0.218636
-0.194205
-0.184181
-0.221648
-0.206197
-0.176067
-0.203795
-0.193356
-0.139796
-0.181071
-0.203965
-0.15227
-0.189822
-0.176261
-0.180723
-0.175436
-0.207624
-0.204611
-0.189463
-0.161392
-0.163014
-0.118351
-0.132354
-0.117983
-0.134126
-0.0931079
-0.115815
-0.114944
-0.147104
-0.13007
-0.11377
-0.129122
-0.0621508
-0.0496559
-0.0316934
-0.0403509
-0.0344944
-0.0121012
0.00170341
-0.00810133
-0.0133912
0.0487799
0.111979
0.0898866
0.16144
0.127581
0.144567
0.199023
0.133912
0.189826
0.0285649
0.00364844
0.0121717
-0.00270109
-0.0166513
-0.0471592
-0.0919178
-0.107267
-0.132732
-0.0190612
0.00687871
0.0113322
0.00736112
-0.0103716
-0.0516668
-0.0949215
-0.103437
-0.0751536
-0.107898
-0.0718276
-0.0703992
-0.100449
-0.115149
-0.155909
-0.168479
-0.198904
-0.230723
-0.290279
-0.303898
-0.383247
-0.368405
-0.391736
-0.392054
-0.366224
-0.340192
-0.30671
-0.320395
-0.300119
-0.29401
-0.326573
-0.328367
-0.388076
-0.410023
-0.364509
-0.408409
-0.397804
-0.402812
-0.436692
-0.426675
-0.424355
-0.446054
-0.392212
-0.381818
-0.409659
-0.407328
-0.39164
-0.416978
-0.368157
-0.361431
-0.389062
-0.347964
-0.37141
-0.387345
-0.41885
-0.427972
-0.417614
-0.407752
-0.426799
-0.473991
-0.438872
-0.412566
-0.448786
-0.438922
-0.425894
-0.463539
-0.480455
-0.494922
-0.478647
-0.462139
-0.539067
-0.562056
-0.550171
-0.571897
-0.574588
-0.572051
-0.557598
-0.548758
-0.576604
-0.559069
-0.55577
-0.550027
-0.560851
-0.538608
-0.557018
-0.584854
-0.590612
-0.560052
-0.567793
-0.566046
-0.487853
-0.531528
-0.530155
-0.5554
-0.571803
-0.582226
-0.61593
-0.613871
-0.592866
-0.559884
-0.544765
-0.564162
-0.551147
-0.575386
-0.57305
-0.616869
-0.587299
-0.577726
-0.597424
-0.584491
-0.576475
-0.554423
-0.581344
-0.56588
-0.592712
-0.62934
-0.611266
-0.631965
-0.62831
-0.60873
-0.626601
-0.645269
-0.638309
-0.650266
-0.640704
-0.630362
-0.622803
-0.613554
-0.613403
-0.601269
-0.580616
-0.564157
-0.555213
-0.554721
-0.589034
-0.577847
-0.58592
-0.578018
-0.572141
-0.54139
-0.563925
-0.543435
-0.574743
-0.603405
-0.596649
-0.611835
-0.616561
-0.636776
-0.606314
-0.570348
-0.57782
-0.526694
-0.49471
-0.511498
-0.507849
-0.503726
-0.515004
-0.502308
-0.473156
-0.441235
-0.430229
-0.431502
-0.412566
-0.435228
-0.414844
-0.44976
-0.427032
-0.437067
-0.42548
-0.437187
-0.426779
-0.402685
-0.434875
-0.451338
-0.406784
-0.372507
-0.345486
-0.415076
-0.452162
-0.427085
-0.445582
-0.506569
-0.538772
-0.551374
-0.568281
-0.523373
-0.521972
-0.482226
-0.564224
-0.521501
-0.560956
-0.58243
-0.597743
-0.614251
-0.644206
-0.660471
-0.644503
-0.643672
-0.649869
-0.650296
-0.625604
-0.627852
-0.621054
-0.596829
-0.616784
-0.610719
-0.636809
-0.579814
-0.57378
-0.54291
-0.454269
-0.458548
-0.448448
-0.472148
-0.432806
-0.451709
-0.439371
-0.409948
-0.43628
-0.394242
-0.451525
-0.423068
-0.414124
-0.397881
-0.385712
-0.390121
-0.416892
-0.409128
-0.464883
-0.426547
-0.437245
-0.474439
-0.512299
-0.489903
-0.46226
-0.492952
-0.521742
-0.497576
-0.480918
-0.441532
-0.445128
-0.485344
-0.517957
-0.519664
-0.458195
-0.47711
-0.477788
-0.405647
-0.40422
-0.389742
-0.423687
-0.351937
-0.384515
-0.341771
-0.344052
-0.352616
-0.328816
-0.323751
-0.342143
-0.327518
-0.384871
-0.387981
-0.360949
-0.41854
-0.393637
-0.414579
-0.410648
-0.435334
-0.392237
-0.410987
-0.424802
-0.374171
-0.413934
-0.36976
-0.312697
-0.324088
-0.278009
-0.294688
-0.27682
-0.314723
-0.311035
-0.290936
-0.343662
-0.345777
-0.368544
-0.354241
-0.392604
-0.391115
-0.374167
-0.376336
-0.362395
-0.329422
-0.356679
-0.348221
-0.35288
-0.330321
-0.321309
-0.329574
-0.331746
-0.33564
-0.320264
-0.325605
-0.344821
-0.338468
-0.36074
-0.366891
-0.334177
-0.366834
-0.321268
-0.401964
-0.389511
-0.337888
-0.394557
-0.349585
-0.348648
-0.345851
-0.354816
-0.3897
-0.334537
-0.351665
-0.351212
-0.307007
-0.340434
-0.305387
-0.294031
-0.322706
-0.323281
-0.326261
-0.322407
-0.326199
-0.324065
-0.339785
-0.30726
-0.309065
-0.324024
-0.328021
-0.33833
-0.343316
-0.320951
-0.352024
-0.34308
-0.344665
-0.349657
-0.344174
-0.346004
-0.352748
-0.361913
-0.351547
-0.365314
-0.254715
-0.255446
-0.177374
-0.231639
-0.229847
-0.229592
-0.246355
-0.122892
-0.112836
-0.139283
-0.12238
-0.149465
-0.0914836
-0.0722028
-0.066594
-0.102314
-0.0434483
-0.055442
-0.0383994
-0.0603133
-0.045208
-0.0462789
-0.0169065
-0.0459231
-0.00269864
-0.0013278
-0.00475168
-0.00873364
0.00960551
-0.0333795
-0.0374732
-0.0301245
0.00134379
-0.00625826
-0.0028315
0.00385325
-0.0158062
0.0170761
0.0513253
0.0346742
0.0433622
0.06205
0.0537317
0.0672448
0.0439975
0.0234758
0.0451927
0.0215917
-0.0107509
-0.00386103
-0.00633434
0.00692323
2.80316e-05
-0.00101885
-0.0115975
0.00709422
-0.00128612
-0.000864497
-0.0104043
-0.0138872
0.00385779
0.00155686
-0.000135565
0.000715976
0.0140517
0.0168798
0.00308057
0.00119925
0.00872028
0.0152555
0.0208194
0.00370111
-0.0282398
-0.0190502
0.0139297
-0.000488203
0.00544703
0.00226275
-0.0171445
0.000804462
0.0181776
0.00397933
-0.0218732
-0.0197373
-0.00511478
-0.00086701
-0.00208031
-0.00140784
0.00213572
-0.0307232
-0.0196028
-0.0370921
-0.0207631
-0.0121431
-0.0136726
-0.00279095
-0.00697578
-0.026353
-0.0176639
0.00384078
-0.0193158
-0.0183669
-0.0121253
-0.00627576
0.0201087
0.0124435
-0.00515034
-0.00132088
0.0135113
-0.00403342
0.0210855
0.0106005
0.00761605
0.0127346
-0.00800143
0.00765961
0.011377
0.00492159
-0.0148764
0.00496312
0.0245467
-0.00135653
0.0184959
0.00016768
-0.0117038
-0.00560335
0.00319464
0.0241697
-0.0037184
0.013102
-0.00991149
-0.00415844
0.00651722
-0.00456453
-0.00662605
0.00399979
0.00465443
0.0073664
0.003536
-0.00224072
0.000729453
0.0186644
-0.00638122
-0.0165844
-0.0132233
-0.00240605
-0.015479
0.00444163
0.0083872
-0.00472621
-0.00117818
-0.002213
0.00405716
0.00576291
-0.0138956
0.00600215
0.0151569
-0.00111524
0.00636771
-0.0107287
-0.0224265
0.00354908
-0.0117903
-0.00383172
0.0130623
-0.00362786
-0.00705989
