1.07425
1.07425
1.0742
1.07418
1.07425
1.0742
1.07425
1.07423
1.07422
1.07427
1.07431
1.07426
1.07417
1.07422
1.07425
1.07423
1.07433
1.07427
1.07421
1.07421
1.07424
1.07422
1.07421
1.07422
1.07429
1.07419
1.07423
1.07426
1.07424
1.07424
1.07427
1.07429
1.07424
1.07421
1.07421
1.07426
1.07425
1.07422
1.07425
1.07421
1.0742
1.0742
1.0742
1.07424
1.07426
1.07422
1.0742
1.07427
1.0742
1.07426
1.07424
1.07423
1.07422
1.07428
1.07426
1.07426
1.07422
1.07425
1.07429
1.07425
1.07422
1.07424
1.07421
1.07426
1.0742
1.07422
1.07426
1.07423
1.07422
1.07424
1.07419
1.07421
1.07423
1.07422
1.07423
1.07429
1.07424
1.07423
1.07427
1.07424
1.0742
1.07426
1.07422
1.07423
1.07422
1.07423
1.07419
1.07425
1.07424
1.07424
1.07423
1.07422
1.07429
1.07423
1.07424
1.07421
1.07424
1.07424
1.07424
1.07427
1.07423
1.07421
1.07422
1.07426
1.0742
1.07423
1.07427
1.07421
1.07427
1.07426
1.07421
1.07424
1.0742
1.07426
1.07422
1.07424
1.07426
1.07421
1.07419
1.07418
1.07424
1.07422
1.07424
1.07426
1.07422
1.07424
1.07426
1.07421
1.07421
1.07425
1.07424
1.07423
1.07422
1.0742
1.07421
1.07423
1.07423
1.07424
1.07418
1.07426
1.07426
1.07421
1.07425
1.07424
1.07419
1.07421
1.07422
1.07429
1.07422
1.0742
1.07424
1.0742
1.07423
1.07422
1.07421
1.07421
1.07423
1.07423
1.07425
1.07423
1.07426
1.07427
1.07422
1.0742
1.07424
1.07418
1.07425
1.0742
1.07419
1.07424
1.07422
1.07425
1.07417
1.07425
1.07424
1.07421
1.07418
1.07419
1.07427
1.07422
1.07425
1.07424
1.0742
1.07421
1.07423
1.07423
1.07422
1.07424
1.07425
1.07427
1.07422
1.07425
1.07424
1.07426
1.07422
1.07424
1.0742
1.07422
1.07424
1.07423
1.07422
1.07421
1.07424
1.07424
1.07421
1.07421
1.07422
1.07422
1.07419
1.07423
1.07424
1.07426
1.07423
1.07417
1.0742
1.07418
1.07416
1.07422
1.07416
1.07418
1.07417
1.07418
1.07422
1.07418
1.07416
1.07412
1.07413
1.07409
1.07404
1.07404
1.07387
1.0738
1.07371
1.07366
1.07365
1.07363
1.07363
1.07361
1.07358
1.07363
1.07357
1.07349
1.07358
1.07355
1.07357
1.07354
1.07352
1.07355
1.07351
1.07352
1.07353
1.07358
1.07351
1.07353
1.07354
1.07351
1.07351
1.07354
1.07347
1.07343
1.0732
1.07317
1.07296
1.0729
1.07285
1.07283
1.07284
1.07286
1.07284
1.07284
1.07287
1.07285
1.07289
1.07291
1.07289
1.07292
1.07287
1.0729
1.0729
1.0729
1.07293
1.07297
1.07293
1.07294
1.07295
1.07295
1.07298
1.07296
1.07296
1.073
1.07293
1.07297
1.073
1.07301
1.07295
1.07297
1.07296
1.07303
1.07295
1.073
1.07302
1.07301
1.073
1.07296
1.07297
1.07304
1.07295
1.07296
1.07303
1.073
1.07286
1.07285
1.07285
1.07279
1.07278
1.07284
1.07291
1.07298
1.07307
1.07312
1.07308
1.07298
1.07293
1.07284
1.07256
1.07243
1.07238
1.07237
1.07242
1.0724
1.07243
1.07248
1.07252
1.07261
1.07259
1.07261
1.07264
1.07265
1.07268
1.07263
1.07266
1.07263
1.07268
1.07263
1.07265
1.0726
1.07263
1.07257
1.07263
1.07264
1.07262
1.07262
1.07258
1.0726
1.07254
1.07254
1.07257
1.07258
1.0726
1.07272
1.0727
1.07274
1.07275
1.07275
1.07269
1.07267
1.07273
1.07267
1.0727
1.07274
1.07276
1.07272
1.0727
1.07263
1.07273
1.0727
1.07268
1.07269
1.07273
1.07274
1.07277
1.07272
1.0727
1.07278
1.07273
1.07277
1.07277
1.07277
1.07275
1.07276
1.07277
1.07275
1.07275
1.07276
1.07278
1.0728
1.07274
1.07279
1.07275
1.07275
1.07276
1.07276
1.07278
1.0727
1.0727
1.07276
1.07274
1.07274
1.07267
1.07276
1.07281
1.07284
1.07291
1.07295
1.07292
1.073
1.07301
1.07292
1.07288
1.07276
1.07259
1.0724
1.07202
1.07128
1.07096
1.07069
1.07026
1.06969
1.06953
1.06922
1.06891
1.06843
1.06762
1.06653
1.06484
1.06259
1.05993
1.05707
1.05441
1.05284
1.05127
1.04989
1.0484
1.0468
1.0453
1.04364
1.04218
1.04079
1.03943
1.03805
1.0367
1.0352
1.03384
1.03231
1.0307
1.02866
1.02664
1.02434
1.02177
1.01916
1.01627
1.01345
1.00733
1.00402
1.00115
0.997923
0.994928
0.991892
0.988953
0.986181
0.983753
0.981022
0.978383
0.975575
0.972485
0.969449
0.966445
0.963865
0.960543
0.957456
0.954165
0.950941
0.947926
0.944596
0.941394
0.938161
0.93469
0.931375
0.927961
0.924448
0.920798
0.916993
0.913192
0.909339
0.905683
0.901896
0.897757
0.893883
0.890079
0.886045
0.882082
0.87751
0.869922
0.866074
0.862125
0.85818
0.854124
0.850233
0.846748
0.843023
0.839181
0.835394
0.831627
0.827755
0.823929
0.82013
0.816024
0.812116
0.808169
0.803841
0.799462
0.794983
0.790289
0.785293
0.780399
0.775566
0.770856
0.765922
0.760994
0.756091
0.751453
0.746667
0.741828
0.737121
0.732353
0.727544
0.722644
0.717773
0.712621
0.70727
0.701415
0.696045
0.685776
0.680631
0.675784
0.670538
0.665333
0.660368
0.655208
0.649884
0.644515
0.639298
0.63386
0.628554
0.623323
0.618103
0.612991
0.607811
0.6028
0.597604
0.592408
0.58747
0.582587
0.577618
0.572653
0.56757
0.562363
0.557054
0.551697
0.546305
0.540739
0.535045
0.529359
0.523545
0.517728
0.511969
0.506365
0.500702
0.495037
0.489335
0.483085
0.472247
0.46638
0.460716
0.455123
0.449334
0.443465
0.437724
0.431811
0.425898
0.420471
0.414863
0.409089
0.403307
0.397386
0.391396
0.385403
0.379475
0.373446
0.367623
0.361926
0.356047
0.350256
0.344456
0.338625
0.332869
0.327272
0.321409
0.315571
0.309875
0.304014
0.298121
0.292207
0.286098
0.279865
0.267161
0.260754
0.254361
0.247986
0.24172
0.23564
0.229581
0.22362
0.217703
0.211477
0.205488
0.199552
0.193305
0.187222
0.181132
0.175063
0.169073
0.163257
0.157283
0.151269
0.145487
0.139482
0.133608
0.127718
0.121822
0.115946
0.110005
0.103862
0.0976891
0.0916031
0.085295
0.0792673
0.0732811
0.0670468
0.0606164
0.054351
0.0413577
0.0348405
0.0281455
0.0216236
0.0149481
0.00824769
0.00171167
-0.00460276
-0.010919
-0.0169504
-0.0232868
-0.0296317
-0.0359141
-0.042473
-0.0490541
-0.0554102
-0.0618559
-0.0681787
-0.0744702
-0.0807703
-0.0870647
-0.0931477
-0.0993231
-0.105351
-0.111433
-0.11772
-0.123894
-0.130253
-0.136667
-0.143091
-0.149614
-0.156316
-0.162928
-0.169712
-0.176306
-0.182891
-0.189452
-0.20217
-0.208518
-0.214855
-0.221294
-0.227655
-0.23389
-0.240176
-0.246277
-0.252158
-0.25786
-0.263378
-0.268771
-0.274114
-0.279384
-0.284479
-0.289603
-0.294622
-0.29949
-0.304521
-0.309622
-0.314801
-0.320185
-0.325626
-0.331256
-0.337068
-0.342868
-0.348886
-0.355189
-0.361677
-0.368219
-0.374634
-0.381292
-0.388121
-0.394808
-0.401693
-0.408982
-0.421074
-0.427139
-0.433067
-0.439132
-0.444998
-0.450964
-0.457033
-0.463033
-0.469086
-0.475231
-0.481395
-0.487535
-0.493627
-0.499687
-0.505513
-0.511276
-0.516815
-0.52242
-0.528075
-0.533561
-0.539136
-0.544695
-0.550329
-0.555893
-0.561484
-0.567094
-0.572854
-0.57873
-0.584712
-0.590338
-0.595974
-0.601757
-0.607304
-0.613051
-0.618684
-0.624395
-0.63018
-0.641518
-0.647303
-0.652933
-0.658503
-0.663924
-0.669428
-0.674578
-0.679531
-0.684345
-0.689018
-0.693536
-0.69821
-0.70257
-0.706875
-0.711174
-0.7155
-0.719933
-0.724358
-0.728792
-0.733255
-0.737902
-0.742417
-0.747038
-0.75152
-0.756035
-0.760317
-0.764616
-0.768718
-0.772873
-0.776676
-0.780455
-0.784465
-0.788349
-0.792113
-0.79611
-0.800049
-0.804199
-0.812616
-0.816995
-0.821546
-0.825975
-0.830246
-0.834426
-0.83868
-0.842824
-0.846722
-0.85005
-0.853206
-0.855806
-0.858481
-0.860194
-0.861708
-0.863291
-0.86525
-0.867689
-0.869999
-0.871884
-0.873894
-0.876041
-0.878022
-0.880001
-0.882114
-0.884016
-0.885904
-0.887646
-0.889175
-0.890854
-0.892785
-0.894486
-0.896335
-0.89781
-0.899073
-0.900011
-0.900651
-0.902166
-0.902952
-0.903636
-0.904267
-0.904736
-0.905158
-0.905496
-0.90578
-0.906077
-0.906306
-0.906626
-0.906839
-0.906983
-0.907202
-0.907365
-0.907614
-0.907779
-0.907934
-0.90803
-0.908192
-0.9083
-0.90852
-0.908792
-0.909006
-0.909154
-0.909263
-0.909332
-0.909448
-0.909449
-0.909484
-0.90955
-0.90954
-0.909484
-0.909518
-0.909429
-0.909423
-0.909314
-0.909246
-0.909096
-0.90878
-0.908716
-0.90868
-0.90871
-0.908647
-0.908694
-0.908667
-0.908635
-0.908607
-0.908615
-0.908632
-0.908536
-0.908448
-0.908412
-0.908297
-0.90827
-0.908183
-0.908072
-0.907887
-0.907775
-0.90763
-0.907454
-0.907228
-0.907183
-0.907104
-0.906991
-0.90684
-0.906758
-0.90657
-0.90647
-0.90641
-0.906416
-0.906377
-0.906368
-0.906325
-0.906352
-0.906353
-0.906292
-0.906293
-0.906317
-0.906269
-0.906256
-0.906236
-0.906245
-0.906244
-0.906191
-0.906001
-0.905838
-0.90557
-0.905287
-0.904963
-0.903827
-0.902206
-0.902049
-0.901482
-0.901048
-0.900565
-0.900151
-0.899771
-0.899563
-0.899215
-0.89883
-0.898025
-0.897282
-0.896351
-0.895031
-0.894009
-0.892573
-0.890262
-0.887516
-0.884192
-0.880833
-0.877663
-0.874719
-0.871806
-0.866788
-0.864542
-0.862655
-0.860602
-0.858891
-0.857333
-0.855778
-0.854322
-0.852975
-0.851625
-0.85007
-0.848175
-0.846115
-0.843837
-0.841327
-0.838738
-0.835989
-0.833034
-0.830327
-0.827614
-0.825104
-0.824244
-0.824381
-0.823342
-0.822019
-0.820454
-0.818127
-0.81529
-0.811478
-0.807852
-0.803884
-0.800342
-0.797152
-0.79438
-0.791724
-0.789153
-0.786779
-0.78484
-0.782993
-0.781365
-0.779811
-0.776448
-0.774421
-0.772468
-0.770294
-0.768225
-0.766044
-0.763608
-0.761031
-0.758352
-0.755435
-0.752342
-0.749092
-0.745867
-0.742688
-0.739233
-0.73591
-0.73248
-0.729084
-0.725765
-0.722572
-0.719327
-0.716129
-0.713021
-0.709961
-0.706995
-0.70418
-0.701273
-0.698449
-0.695346
-0.692337
-0.689399
-0.686532
-0.682972
-0.679617
-0.676032
-0.668887
-0.665383
-0.661735
-0.658414
-0.654873
-0.651133
-0.648027
-0.644043
-0.640437
-0.637045
-0.633495
-0.630225
-0.626753
-0.623656
-0.619786
-0.616425
-0.613259
-0.609863
-0.606518
-0.603371
-0.59985
-0.596432
-0.592954
-0.58916
-0.585665
-0.582281
-0.578722
-0.575059
-0.571608
-0.567565
-0.563984
-0.560791
-0.557094
-0.553564
-0.549966
-0.546142
-0.542024
-0.538151
-0.534273
-0.530416
-0.52222
-0.518304
-0.514278
-0.510858
-0.506682
-0.503293
-0.499279
-0.496002
-0.492079
-0.488975
-0.485685
-0.482253
-0.478832
-0.474998
-0.471216
-0.468047
-0.464152
-0.460963
-0.457026
-0.452893
-0.449508
-0.445801
-0.441904
-0.437674
-0.434247
-0.430614
-0.426567
-0.422548
-0.418409
-0.414399
-0.410176
-0.405743
-0.401457
-0.396877
-0.392683
-0.388565
-0.384309
-0.376303
-0.37176
-0.367975
-0.363284
-0.359643
-0.355383
-0.350829
-0.34599
-0.342095
-0.337634
-0.332961
-0.328444
-0.323981
-0.319631
-0.314968
-0.310735
-0.306362
-0.302057
-0.297593
-0.293306
-0.288431
-0.284483
-0.280171
-0.276112
-0.272093
-0.267813
-0.264567
-0.260754
-0.257376
-0.254256
-0.251581
-0.24889
-0.246585
-0.244377
-0.242333
-0.240739
-0.239029
-0.237474
-0.234529
-0.232727
-0.230783
-0.228526
-0.225846
-0.222767
-0.219139
-0.215102
-0.210789
-0.206251
-0.201638
-0.197036
-0.192399
-0.18786
-0.183588
-0.179378
-0.174949
-0.170615
-0.166411
-0.16217
-0.157944
-0.153923
-0.149984
-0.145995
-0.142245
-0.138537
-0.134807
-0.131573
-0.128443
-0.125645
-0.123225
-0.121209
-0.119523
-0.118484
-0.117863
-0.117534
-0.117322
-0.117358
-0.117368
-0.117387
-0.117726
-0.11797
-0.118059
-0.118113
-0.1181
-0.118039
-0.117926
-0.117828
-0.117749
-0.117739
-0.117708
-0.117734
-0.117746
-0.117844
-0.118
-0.118141
-0.118269
-0.118533
-0.118715
-0.118962
-0.119221
-0.119519
-0.119863
-0.12027
-0.120748
-0.12122
-0.12171
-0.122207
-0.123251
-0.123723
-0.124164
-0.124531
-0.124858
-0.12509
-0.125253
-0.125288
-0.125339
-0.125317
-0.125266
-0.125212
-0.125177
-0.125094
-0.125013
-0.125046
-0.124994
-0.125002
-0.125008
-0.125132
-0.125257
-0.125317
-0.125502
-0.125665
-0.125708
-0.125767
-0.125799
-0.125794
-0.125687
-0.125695
-0.125598
-0.125565
-0.125531
-0.12541
-0.125451
-0.125436
-0.125443
-0.12551
-0.125636
-0.12567
-0.125816
-0.125911
-0.125967
-0.12606
-0.12602
-0.126056
-0.126062
-0.126052
-0.126071
-0.126029
-0.125992
-0.126019
-0.126049
-0.126108
-0.126186
-0.126238
-0.126304
-0.126427
-0.126481
-0.126571
-0.12651
-0.126517
-0.126545
-0.126547
-0.126588
-0.126509
-0.126519
-0.126532
-0.12652
-0.126516
-0.126492
-0.126573
-0.126541
-0.126562
-0.126622
-0.12659
-0.126609
-0.126589
-0.12658
-0.126627
-0.126598
-0.126645
-0.126572
-0.126601
-0.126559
-0.126633
-0.126594
-0.126606
-0.126614
-0.126596
-0.126548
-0.126679
-0.126599
-0.12664
-0.126609
-0.126608
-0.126621
-0.126573
-0.126619
-0.126589
-0.126571
-0.126634
-0.126604
-0.126618
-0.126594
-0.126663
-0.126595
