0.0665797
0.0684049
0.06736
0.0714045
0.0676675
0.0702336
0.0689174
0.0676311
0.0691125
0.0689406
0.0681602
0.0665731
0.0705081
0.0703362
0.0682759
0.06695
0.067608
0.0668541
0.068805
0.0707529
0.0693837
0.070958
0.0695557
0.0698665
0.0674955
0.0713813
0.0691754
0.0694102
0.070571
0.0689869
0.0685768
0.0672608
0.0680279
0.0691489
0.0710836
0.0674592
0.0686529
0.0687752
0.0698467
0.0680973
0.0699691
0.0690629
0.0693903
0.0691456
0.0693242
0.0672872
0.0695094
0.0684776
0.0732668
0.067889
0.0682395
0.0676477
0.0700319
0.0692746
0.0688017
0.0678196
0.0698268
0.0670856
0.0662061
0.068309
0.0695987
0.0694829
0.0702998
0.0683123
0.0711035
0.0694201
0.0677468
0.0691224
0.0701443
0.0684214
0.0701873
0.0696483
0.0670889
0.0692018
0.0699327
0.0669335
0.0692349
0.0679684
0.0679717
0.0682461
0.070108
0.0667185
0.0700517
0.0678989
0.0679618
0.0716261
0.0700782
0.0695854
0.0699459
0.068762
0.0693275
0.0668343
0.0682362
0.0696516
0.0681899
0.0715335
0.0664078
0.0687587
0.0682032
0.0679651
0.0691555
0.0681635
0.069258
0.0661433
0.0681833
0.0668045
0.0668277
0.0681172
0.0685504
0.0677534
0.0695656
0.0670492
0.0689968
0.0669731
0.0684148
0.0687388
0.0682197
0.0728103
0.0691357
0.0724034
0.0682362
0.0701807
0.0679717
0.0672905
0.0691489
0.0683255
0.0689439
0.0677072
0.0697607
0.0680246
0.069678
0.0708885
0.0699823
0.0708455
0.0705015
0.066788
0.0684512
0.0696946
0.071464
0.0681998
0.067889
0.0707661
0.0687851
0.0689935
0.069678
0.0682164
0.0690332
0.0665929
0.0695226
0.0692448
0.0678725
0.0687785
0.0702502
0.0674261
0.0679386
0.0694035
0.0693341
0.0694234
0.0678791
0.0705015
0.0681635
0.0672608
0.0689703
0.0700187
0.0683486
0.0715302
0.0671649
0.0706305
0.0730452
0.0699327
0.070151
0.0691787
0.0709017
0.0674096
0.0679816
0.0682759
0.0698103
0.0698897
0.0687521
0.0681073
0.0687587
0.0698963
0.0707033
0.0695226
0.0677105
0.0672773
0.068924
0.0690861
0.0703064
0.067846
0.0698831
0.0715732
0.0695656
0.0700021
0.0679618
0.0694168
0.0713648
0.0697243
0.0679849
0.0690464
0.070948
0.0706768
0.0684346
0.0683949
0.069225
0.0693936
0.0689968
0.0695094
0.0701906
0.0664574
0.0680874
0.0671451
0.0693043
0.0687818
0.0706768
0.0719767
0.0720098
0.0681899
0.0714607
0.0685272
0.0702502
0.068805
0.0671153
0.0698632
0.0694135
0.0733429
0.0709513
0.0716327
0.0739715
0.0711994
0.0785679
0.0811665
0.0800343
0.0821134
0.0795874
0.0818916
0.0792961
0.080276
0.0810639
0.0794384
0.0818982
0.0849647
0.0823022
0.0837294
0.0799482
0.0815506
0.0834777
0.0811599
0.081683
0.0832823
0.0817525
0.0786209
0.0829942
0.0832393
0.082087
0.081481
0.083693
0.0804514
0.0808156
0.0824313
0.0893775
0.0877407
0.0955365
0.0936366
0.0974302
0.0978714
0.0980439
0.0959345
0.0962528
0.0978216
0.09954
0.0991585
0.094502
0.0961534
0.0956858
0.0957687
0.0974037
0.0960439
0.09551
0.094754
0.0951187
0.0941174
0.0945849
0.0933449
0.0947308
0.0943097
0.0947772
0.0964087
0.0957222
0.0935007
0.098296
0.0952945
0.0922509
0.0934178
0.094996
0.092778
0.0903186
0.0909052
0.0958151
0.0926819
0.0934344
0.0925161
0.0936665
0.0941373
0.0949098
0.0896128
0.0968962
0.0936466
0.0945484
0.0922808
0.0978183
0.0976491
0.0974999
0.0967669
0.0977752
0.099185
0.0963424
0.0952248
0.090723
0.088569
0.0902656
0.0940212
0.0977487
0.0969228
0.104843
0.109466
0.107779
0.109895
0.108905
0.109473
0.107629
0.105859
0.104797
0.10338
0.103725
0.102908
0.102477
0.104292
0.0994936
0.100532
0.101372
0.10102
0.10169
0.103463
0.101332
0.10175
0.101873
0.105175
0.103227
0.103702
0.10398
0.10316
0.102915
0.103124
0.102961
0.10653
0.10171
0.101803
0.102135
0.100529
0.100565
0.103111
0.0992049
0.0988566
0.101886
0.101109
0.101511
0.101624
0.103416
0.100698
0.100001
0.100323
0.101076
0.102845
0.102938
0.102059
0.102586
0.102115
0.0994869
0.0981633
0.100665
0.101222
0.102809
0.0999846
0.0993808
0.0988765
0.0990059
0.0990291
0.0986808
0.0983424
0.10096
0.100041
0.0993974
0.100154
0.0973506
0.098694
0.0998353
0.10027
0.098014
0.0985912
0.100263
0.0992978
0.0963689
0.10238
0.1003
0.101528
0.0995135
0.0984054
0.101922
0.099258
0.0976491
0.0971483
0.0936167
0.0944655
0.0937295
0.0927581
0.0918565
0.0948369
0.096737
0.0971019
0.102434
0.108898
0.118494
0.137261
0.141279
0.142044
0.151891
0.157436
0.159217
0.161073
0.16647
0.173927
0.189416
0.20442
0.239313
0.282815
0.33071
0.382099
0.426335
0.43668
0.44345
0.443281
0.447265
0.457479
0.462061
0.469716
0.46882
0.469866
0.468937
0.468497
0.467178
0.471773
0.477042
0.481891
0.492316
0.511738
0.532587
0.555585
0.58232
0.602369
0.634368
0.662771
0.730564
0.766632
0.783023
0.809277
0.815192
0.827549
0.83403
0.845146
0.832912
0.834367
0.830284
0.833614
0.848773
0.862444
0.873342
0.867421
0.890056
0.899121
0.914861
0.923701
0.939683
0.952651
0.969078
0.980944
1.00389
1.01089
1.03379
1.04966
1.06616
1.07433
1.09471
1.11939
1.132
1.14186
1.1722
1.18125
1.18357
1.21166
1.22257
1.23673
1.25972
1.2612
1.27489
1.27797
1.28798
1.30409
1.29068
1.29347
1.29051
1.29472
1.30331
1.31779
1.32519
1.3182
1.33683
1.35344
1.37064
1.3853
1.39853
1.4172
1.44944
1.4729
1.48677
1.51596
1.53086
1.55172
1.57252
1.60629
1.6171
1.62511
1.64581
1.65804
1.66651
1.66252
1.65028
1.66027
1.67718
1.69801
1.71578
1.73538
1.7615
1.77963
1.79421
1.81587
1.83919
1.85204
1.86955
1.87192
1.88738
1.9026
1.91288
1.91097
1.90924
1.89449
1.89558
1.89527
1.90192
1.90512
1.92382
1.93236
1.95542
1.96966
1.97438
1.98369
2.00376
2.00338
2.02118
2.03681
2.03604
2.03254
2.04398
2.04331
2.04338
2.05782
2.05682
2.0672
2.08985
2.10685
2.11234
2.12291
2.11724
2.09155
2.09332
2.09619
2.10322
2.12036
2.13937
2.17502
2.16808
2.17127
2.19345
2.21624
2.23552
2.24058
2.25284
2.25813
2.27318
2.2637
2.25396
2.25107
2.25946
2.26431
2.26358
2.26004
2.24859
2.27101
2.27774
2.27388
2.27552
2.27906
2.28593
2.27995
2.28544
2.27595
2.27641
2.29271
2.3069
2.31997
2.35218
2.35836
2.34647
2.34224
2.34651
2.34285
2.33888
2.34159
2.33879
2.32745
2.33066
2.34126
2.34735
2.37224
2.39088
2.37759
2.40766
2.40418
2.39497
2.3864
2.3646
2.35567
2.36456
2.35678
2.3445
2.36759
2.3587
2.38107
2.3972
2.4264
2.44852
2.45331
2.46396
2.46882
2.46652
2.49212
2.51737
2.53217
2.53644
2.55388
2.55145
2.56764
2.58191
2.58328
2.60066
2.60048
2.60167
2.60266
2.60524
2.61301
2.60929
2.64228
2.6398
2.63676
2.63989
2.60902
2.60744
2.60198
2.59705
2.60416
2.6167
2.61756
2.62546
2.63211
2.62586
2.64132
2.66613
2.64958
2.637
2.63122
2.63234
2.62611
2.60614
2.60462
2.5821
2.55271
2.52029
2.51411
2.49128
2.48773
2.46631
2.4453
2.40637
2.36449
2.31094
2.27883
2.24958
2.2275
2.23182
2.25769
2.26465
2.27833
2.3283
2.36123
2.40896
2.47561
2.53068
2.55538
2.56284
2.57725
2.58793
2.58088
2.58142
2.5757
2.57019
2.57888
2.57622
2.58584
2.58267
2.58836
2.55935
2.54355
2.53534
2.52376
2.5254
2.53168
2.52978
2.55143
2.55056
2.5558
2.5455
2.52403
2.50743
2.47859
2.46553
2.41918
2.40638
2.39077
2.36405
2.36272
2.3931
2.39
2.40051
2.40618
2.39264
2.39398
2.38638
2.37985
2.36028
2.38744
2.40533
2.40427
2.39094
2.38483
2.38879
2.3677
2.36492
2.34382
2.32275
2.30135
2.26077
2.23318
2.21245
2.15918
2.10289
2.08011
2.05522
2.03719
2.01975
2.02023
2.00183
2.0028
2.01198
2.02309
2.01287
2.02037
2.01232
2.00347
1.98011
1.95757
1.90249
1.86826
1.84358
1.79551
1.77092
1.75971
1.74038
1.72172
1.72545
1.73581
1.75821
1.76361
1.78534
1.80239
1.80542
1.80424
1.80343
1.75387
1.6998
1.6315
1.56863
1.48559
1.39202
1.32466
1.2756
1.26375
1.24314
1.20283
1.17626
1.15962
1.13901
1.11184
1.08539
1.06405
1.03874
1.02768
0.999725
0.982399
0.979384
0.959814
0.948509
0.933488
0.908041
0.877561
0.842652
0.788292
0.765342
0.738385
0.712969
0.682742
0.649864
0.618777
0.591546
0.569292
0.545863
0.521424
0.504849
0.483597
0.465332
0.450966
0.435542
0.420436
0.412726
0.402277
0.391194
0.382643
0.366987
0.360673
0.35364
0.342528
0.33555
0.330003
0.321102
0.310391
0.302129
0.295952
0.288251
0.27974
0.272339
0.263558
0.257638
0.255269
0.248483
0.246357
0.233004
0.231545
0.231048
0.230345
0.229262
0.225462
0.227974
0.22495
0.222774
0.223421
0.222983
0.219321
0.219898
0.217345
0.214283
0.214853
0.211026
0.206896
0.204606
0.199491
0.193991
0.190572
0.186877
0.182831
0.181564
0.178938
0.175353
0.173007
0.168011
0.164629
0.161716
0.165355
0.161693
0.162189
0.161296
0.162653
0.162983
0.161726
0.161116
0.159517
0.161008
0.159641
0.16083
0.158268
0.159797
0.157888
0.150565
0.149099
0.142711
0.135525
0.129443
0.113992
0.0968813
0.0941522
0.0808288
0.0739847
0.0612199
0.0527591
0.0451945
0.0430423
0.03681
0.0312244
0.0202878
0.00740919
-0.0084301
-0.0313283
-0.0521033
-0.0781787
-0.12867
-0.177051
-0.243852
-0.301141
-0.349474
-0.380612
-0.412026
-0.430393
-0.434385
-0.424479
-0.418014
-0.410998
-0.399344
-0.386018
-0.371752
-0.358272
-0.348929
-0.346281
-0.363016
-0.37501
-0.392756
-0.418435
-0.442662
-0.469648
-0.498261
-0.524474
-0.535524
-0.54473
-0.502743
-0.433972
-0.411201
-0.413497
-0.408318
-0.431947
-0.471589
-0.536883
-0.585959
-0.644767
-0.687045
-0.709359
-0.706437
-0.694483
-0.689073
-0.664723
-0.640215
-0.614701
-0.582541
-0.557068
-0.510139
-0.508611
-0.503564
-0.508416
-0.515306
-0.520147
-0.539934
-0.557742
-0.578922
-0.598338
-0.621177
-0.652058
-0.687744
-0.715501
-0.749237
-0.764046
-0.778668
-0.798613
-0.804446
-0.812692
-0.818677
-0.816392
-0.814461
-0.815822
-0.812011
-0.799037
-0.80213
-0.795605
-0.801155
-0.803975
-0.8078
-0.828936
-0.835738
-0.843486
-0.8563
-0.87797
-0.87691
-0.889203
-0.876942
-0.896196
-0.91586
-0.922892
-0.927673
-0.939683
-0.938005
-0.949529
-0.952063
-0.946784
-0.952477
-0.964748
-0.970488
-0.960858
-0.95943
-0.946787
-0.944069
-0.940024
-0.936664
-0.933419
-0.935988
-0.941557
-0.956837
-0.963518
-0.986118
-0.989243
-1.01531
-1.01813
-1.02769
-1.04496
-1.04503
-1.04164
-1.04353
-1.05412
-1.06922
-1.06111
-1.05882
-1.08704
-1.09125
-1.09834
-1.09063
-1.08953
-1.09491
-1.09891
-1.09825
-1.09059
-1.09754
-1.10343
-1.09683
-1.07553
-1.08002
-1.08814
-1.08046
-1.08204
-1.07877
-1.08474
-1.10164
-1.10996
-1.12257
-1.12681
-1.13539
-1.15066
-1.14405
-1.15489
-1.14957
-1.15104
-1.14553
-1.15979
-1.16692
-1.1734
-1.2049
-1.2103
-1.20974
-1.22305
-1.25126
-1.26036
-1.26172
-1.2706
-1.27699
-1.28123
-1.28599
-1.2845
-1.28385
-1.27971
-1.28771
-1.28722
-1.29274
-1.29657
-1.30856
-1.30469
-1.31402
-1.306
-1.31318
-1.31305
-1.30778
-1.30426
-1.30131
-1.27594
-1.25277
-1.2306
-1.20573
-1.17893
-1.13492
-1.10892
-1.05293
-1.01467
-0.95903
-0.907676
-0.853014
-0.803247
-0.764455
-0.733543
-0.681724
-0.668686
-0.66909
-0.676629
-0.702835
-0.733594
-0.78455
-0.847407
-0.912185
-0.981332
-1.06245
-1.11612
-1.16425
-1.2038
-1.2156
-1.2321
-1.22659
-1.22892
-1.21485
-1.21521
-1.20951
-1.20314
-1.21058
-1.21178
-1.2078
-1.20495
-1.20065
-1.18088
-1.14676
-1.10956
-1.04247
-0.975717
-0.908009
-0.816509
-0.727701
-0.646891
-0.559223
-0.497421
-0.443395
-0.398048
-0.317814
-0.283493
-0.261613
-0.246573
-0.229952
-0.213275
-0.199387
-0.189313
-0.180332
-0.174308
-0.169906
-0.164396
-0.161493
-0.155614
-0.146943
-0.141687
-0.129748
-0.12182
-0.11318
-0.103328
-0.0971587
-0.0892442
-0.0773338
-0.0690242
-0.053506
-0.0404499
-0.0289387
-0.0215546
-0.0125262
-8.38891e-05
0.0100689
0.0177389
0.0273816
0.031123
0.0322232
0.0330364
0.0370273
0.0344034
0.0337189
0.0322788
0.030276
0.0277758
0.0282973
0.0286255
0.0277378
0.0290914
0.0269834
0.0297953
0.0339535
0.0346967
0.0399944
0.0447125
0.0443853
0.0461555
0.0466569
0.0467279
0.042763
0.0439438
0.0418528
0.0411573
0.0386974
0.0356704
0.037651
0.0372921
0.0398508
0.0385324
0.045511
0.0429783
0.0482256
0.0503586
0.0488178
0.0526183
0.0503586
0.053136
0.0527475
0.0514897
0.0514698
0.0476531
0.0448396
0.0482974
0.0476775
0.0452778
0.0449176
0.0474905
0.0480246
0.0505118
0.0484749
0.053624
0.0516156
0.0493094
0.0501242
0.0496128
0.0510843
0.0477823
0.049259
0.0477844
0.0461506
0.048422
0.0453789
0.0519553
0.0452675
0.0480914
0.0524065
0.051521
0.0491171
0.0496966
0.0482375
0.048848
0.048082
0.051462
0.0469862
0.0498332
0.0475153
0.0471072
0.0473069
0.0485368
0.0495546
0.0493977
0.0468517
0.0515033
0.0487964
0.05128
0.0467205
0.0494584
0.0470787
0.0481583
0.0480097
0.0487386
0.047396
0.0481067
0.0485785
0.0504395
0.0465715
0.049023
0.0456496
