0.009264
0.00271445
-0.00233873
-0.014925
0.00799061
-0.016067
0.00972338
-0.00131962
-0.00804236
-0.00153494
0.0219809
-0.00839926
-0.0136782
-0.0104623
-0.00291119
-0.000976707
0.0150272
0.0049721
-0.00562788
-0.00828064
-0.00213337
-0.00756883
-0.0122803
0.00136313
0.0180863
-0.0115542
-0.010997
0.00476187
-0.00159267
-0.00250559
0.0145386
0.0221727
-0.00562235
-0.00959622
-0.00820327
0.00856856
0.000469398
0.000626773
0.00576217
0.00114965
-0.00253091
-0.0134148
-0.00821946
0.000281238
0.0063042
0.00290483
-0.0132408
0.0138267
-0.0129453
0.000552261
0.0107021
0.0032886
-0.00710834
0.0221916
0.00399831
-0.000327566
-0.0147808
0.0143188
0.0104912
0.00676023
-0.0110649
0.0102757
-0.00861766
0.0123876
-0.00771116
-0.00511574
0.00121518
-0.00330272
-0.00579812
-0.00296977
-0.0113026
0.000398049
-0.00880901
-0.00594755
0.0142823
0.00505806
-0.00611877
-0.00808747
0.0037523
-0.000511096
-0.00603144
0.00926044
-0.0189023
0.00192639
0.00187335
-0.00862389
-0.0110675
-0.00973505
-0.0109488
-0.00856398
-0.00614081
-0.0256233
0.0253206
-0.000947089
0.00283028
-0.00313667
-0.0105096
-0.00379903
0.0040229
0.0098091
-0.00153924
-0.000536993
-0.000907436
0.0101294
-0.0077756
0.00784014
0.00700865
-0.0128052
0.0187664
0.0085195
-0.00880946
0.00554593
-0.00508597
-0.00477255
-0.00366137
-0.000270764
0.00646048
0.00273765
-0.00613642
-0.0205728
-0.00266032
0.00610793
0.000571457
-0.00536275
0.00331346
0.00502967
-0.00104831
-0.00685865
0.000830714
-0.00119876
0.00450269
0.00362634
-0.00222245
-0.0229099
0.00285117
-0.000902926
0.00465085
-7.9412e-05
-0.0122425
0.0133309
0.0163833
-0.000410592
0.00658802
0.00918913
-0.00312115
-0.0123371
-0.00635036
0.00770733
-0.00819025
-0.0150367
0.00666567
-0.00442281
-0.00598796
0.0021488
-0.00826893
-0.0026489
0.00214862
0.00377591
0.00714427
0.00542649
0.00416607
0.0172636
0.00952263
0.00453306
0.000745977
-0.0214054
-0.00147015
-0.00905201
0.000268387
0.00301072
-0.00699253
0.0112399
-0.00880123
-0.011928
-0.00239178
-0.000682538
-0.014188
-0.0212419
0.0157011
0.00267612
0.0168777
0.00237318
0.000152646
0.000342548
0.00239336
0.00752903
0.00633501
-0.00189404
0.00520128
0.0135775
0.000426844
0.0257589
0.00265109
0.00248321
-0.0155536
0.0121036
-0.00246686
-0.00120941
0.00461102
-0.00261908
-0.0128034
-0.00543331
0.00180311
0.00419438
-0.00947521
-0.0055663
0.0027769
0.00832371
-0.00252485
0.0064572
0.00670197
0.00187749
0.00931903
-0.0101826
0.00890367
0.00358607
-0.0021494
0.00463387
-0.0124511
-0.00245316
-0.010692
0.0184017
0.0240102
-0.0125957
0.00563437
0.00332114
-0.00144378
0.00983642
0.0044053
-0.00425379
-0.0243992
-0.00261353
-0.00536777
-0.0215165
-0.0106349
0.00145787
0.0166152
0.0110474
0.00322728
0.0221655
0.00839748
-0.0142452
0.00808544
0.0143082
0.00503564
-0.00473007
-0.00334509
0.00688019
-0.00365474
-0.00918429
-0.0170434
0.0107411
-0.0180456
0.00655899
0.00631664
-0.0135169
-0.0140354
0.0100785
-0.0127837
-0.00351579
-0.00638297
0.0148763
-0.0112985
-0.0068388
0.00716996
0.00478118
-0.0038618
-0.00708561
-0.00184999
-0.00962677
0.0102244
-0.00935487
0.00310094
0.00102444
-0.0116008
-0.00255893
-0.00631275
0.00982083
0.00653429
0.00149388
0.00468755
0.00112404
-0.0127159
-0.0042393
-0.00667685
0.00586072
0.0091995
0.00728236
-0.00112071
-0.00534105
-0.0034146
0.00600622
0.0176846
0.0107177
-0.0149943
0.00275417
-0.00487503
0.000958934
-0.0140398
0.000277897
0.0120175
0.00510628
0.0039595
0.0026967
-0.0141294
0.00655395
-0.0149768
0.00393331
0.00390464
-0.00370822
-0.00764421
0.00759965
0.00445759
-0.00835202
0.000480222
0.00216462
0.0055943
-0.005662
-0.0085255
0.00605709
0.011057
-0.00881608
0.00818217
-0.00360801
-0.0517813
0.00267347
-0.000796664
0.00134914
0.00954307
0.0135199
0.0041265
0.0158488
0.00646147
0.0148045
-0.00049726
0.00534687
0.0100569
0.022398
0.0142211
0.0122156
0.0163966
-0.00882486
-0.00130712
-0.00068226
0.00707732
-0.0019161
0.0128261
-0.017995
0.0027676
-0.000171548
0.00545712
0.00305861
-0.00671137
0.0136611
0.000479532
0.00176316
0.00401657
0.000275951
-0.00353502
0.00804955
-0.00245331
0.00348233
0.00392772
0.0215099
-0.00928332
-0.00743182
0.00554752
-0.00428579
-0.0124151
0.00301979
0.0191364
0.00381584
0.00505144
-0.0106837
0.00311736
0.002977
-0.0103349
-0.00803945
0.00315896
0.0194718
0.0175153
0.00120434
-0.00125538
0.0150693
0.0021735
0.00584064
0.010165
0.0162139
-0.00617953
0.0130877
0.0128089
-0.0104218
-0.00776317
-0.0102065
-0.00271319
0.00656266
-0.00951987
0.00133882
-0.0120201
-0.00466347
-0.0030301
-0.00398873
0.0079986
-0.0273269
-0.0238361
-0.00370494
-0.00271167
0.00396794
-0.0187067
-0.00813356
0.0269307
0.00799915
0.000105365
0.00448398
-0.0169712
0.00496767
0.0144602
-0.00347222
0.00490553
-0.00655855
-0.00925105
-0.013587
-0.0476771
-0.0500234
-0.0494214
-0.0407056
-0.0338093
-0.049965
-0.0304056
-0.0257432
-0.0119218
-0.0569582
-0.109807
-0.125905
-0.182509
-0.259656
-0.281372
-0.280103
-0.224177
-0.116244
-0.166027
-0.104461
-0.159869
-0.169987
-0.160564
-0.159405
-0.14466
-0.137008
-0.142914
-0.13233
-0.138231
-0.148802
-0.153125
-0.154632
-0.172178
-0.207265
-0.214615
-0.246316
-0.234798
-0.272389
-0.289496
-0.268238
-0.294019
-0.340221
-0.293845
-0.293348
-0.297958
-0.294535
-0.295676
-0.297017
-0.231994
-0.266218
-0.249429
-0.283171
-0.300192
-0.293743
-0.292924
-0.246605
-0.334617
-0.292557
-0.34461
-0.314034
-0.322674
-0.322044
-0.307632
-0.338707
-0.351344
-0.326119
-0.325934
-0.358633
-0.345097
-0.388725
-0.352666
-0.362137
-0.377434
-0.361814
-0.402808
-0.378421
-0.344633
-0.39232
-0.417162
-0.409188
-0.389655
-0.381713
-0.438173
-0.398561
-0.414935
-0.403351
-0.342907
-0.351455
-0.394442
-0.387057
-0.384699
-0.376191
-0.387665
-0.407323
-0.402413
-0.384781
-0.395841
-0.431132
-0.440021
-0.461519
-0.464374
-0.507891
-0.491789
-0.502848
-0.472307
-0.463626
-0.470069
-0.479207
-0.483179
-0.486398
-0.467108
-0.448597
-0.501421
-0.516544
-0.497661
-0.455294
-0.507425
-0.552904
-0.553161
-0.57566
-0.542984
-0.476641
-0.501533
-0.512634
-0.548214
-0.528966
-0.544579
-0.522875
-0.514374
-0.4896
-0.53848
-0.522357
-0.526981
-0.543293
-0.519324
-0.497698
-0.481872
-0.517593
-0.525339
-0.51392
-0.517958
-0.494792
-0.490738
-0.492488
-0.539717
-0.541539
-0.530929
-0.554421
-0.556225
-0.553855
-0.565641
-0.580632
-0.575882
-0.559441
-0.533868
-0.542112
-0.546432
-0.577043
-0.584342
-0.582315
-0.609413
-0.587218
-0.56862
-0.581254
-0.588699
-0.567507
-0.60099
-0.602966
-0.520303
-0.564395
-0.564062
-0.540373
-0.575397
-0.584126
-0.58044
-0.57801
-0.588985
-0.583542
-0.557457
-0.592737
-0.576712
-0.591063
-0.586152
-0.578213
-0.558528
-0.574131
-0.584331
-0.584396
-0.579911
-0.562524
-0.595557
-0.609196
-0.619042
-0.647975
-0.620527
-0.621049
-0.625821
-0.6021
-0.602045
-0.615123
-0.572699
-0.580131
-0.623543
-0.583572
-0.590555
-0.638279
-0.590224
-0.586497
-0.617968
-0.602618
-0.607773
-0.626262
-0.631055
-0.609756
-0.615235
-0.584828
-0.593607
-0.610484
-0.59475
-0.588416
-0.609485
-0.616766
-0.59884
-0.626671
-0.618054
-0.597469
-0.62973
-0.630313
-0.630912
-0.633288
-0.66113
-0.687372
-0.645827
-0.655915
-0.666219
-0.6446
-0.62143
-0.604447
-0.598646
-0.638725
-0.638745
-0.634789
-0.636631
-0.674458
-0.64127
-0.650853
-0.620965
-0.625178
-0.619694
-0.615939
-0.612935
-0.592344
-0.609837
-0.619233
-0.629171
-0.612563
-0.637429
-0.663219
-0.664325
-0.678024
-0.673163
-0.683804
-0.672984
-0.645432
-0.668412
-0.636818
-0.635758
-0.632753
-0.623578
-0.667139
-0.64067
-0.628659
-0.638995
-0.61243
-0.60867
-0.552373
-0.538249
-0.543321
-0.527086
-0.491118
-0.492155
-0.513425
-0.496419
-0.478616
-0.514217
-0.480535
-0.479677
-0.565912
-0.566674
-0.574821
-0.616068
-0.605561
-0.62167
-0.658103
-0.665906
-0.659331
-0.651852
-0.675123
-0.658632
-0.659492
-0.668942
-0.647391
-0.62308
-0.596425
-0.592452
-0.593007
-0.558676
-0.597211
-0.58261
-0.573628
-0.584917
-0.590084
-0.586589
-0.607915
-0.59311
-0.60366
-0.605624
-0.558077
-0.546514
-0.573706
-0.566377
-0.543042
-0.568637
-0.525201
-0.554879
-0.57957
-0.548713
-0.574034
-0.616718
-0.58047
-0.584721
-0.568465
-0.563095
-0.568016
-0.560727
-0.553708
-0.543362
-0.566333
-0.598673
-0.595183
-0.585425
-0.566137
-0.553201
-0.53681
-0.503563
-0.478883
-0.484105
-0.476316
-0.466132
-0.447562
-0.469621
-0.447315
-0.407278
-0.417808
-0.436211
-0.429539
-0.436333
-0.461927
-0.446315
-0.440659
-0.448552
-0.495248
-0.46487
-0.443672
-0.421756
-0.449274
-0.410762
-0.396912
-0.385438
-0.361041
-0.402192
-0.414609
-0.355381
-0.394007
-0.427735
-0.391031
-0.442847
-0.400713
-0.433192
-0.452153
-0.437858
-0.394767
-0.431836
-0.41223
-0.366094
-0.259205
-0.296642
-0.25002
-0.208469
-0.187797
-0.151525
-0.191665
-0.230499
-0.249433
-0.225398
-0.188269
-0.201367
-0.214868
-0.218463
-0.176468
-0.198354
-0.197617
-0.158763
-0.182762
-0.148966
-0.19497
-0.199299
-0.169416
-0.188929
-0.127731
-0.134506
-0.0735328
-0.0740687
-0.0863366
-0.0653155
-0.062217
-0.0795766
-0.0619095
-0.0682462
-0.0397729
-0.018323
-0.0324023
-0.0267723
-0.0260818
-0.0172741
-0.00926228
-0.0134577
-0.0216366
-0.0254411
-0.0265548
-0.0175594
-0.0125899
-0.0238296
-0.00795535
-0.0326721
-0.0188718
-0.0233428
-0.00132272
0.00566584
0.0101271
-0.00854807
-0.00513083
-0.0110978
-0.0123831
-0.00869543
0.01486
-0.0158374
0.0190473
0.00701253
0.0366084
0.0163891
0.0122963
0.0110918
0.00208026
0.00465664
-0.0035087
0.00739128
0.00319784
0.00311026
0.0131587
0.00918158
0.0212019
-0.00748759
0.00816868
0.00837126
-0.00277644
0.00942723
-0.0115638
0.011597
0.00550979
0.0235579
0.0160517
0.00964169
0.0185632
0.0244496
0.00749939
0.00383661
0.0128311
0.016026
0.00283917
0.0111308
0.0152167
0.0116296
-0.00209161
-0.0019439
-0.00922284
0.0147691
0.00875664
0.00314326
0.0107566
0.011332
0.0022485
0.0100593
0.0179954
0.0160509
0.00678083
0.00623713
0.00478559
0.0137159
0.00903979
0.0300597
0.0365192
0.0347657
0.167684
0.0455097
0.0585264
0.0512348
0.017139
0.0663211
0.0284583
0.0431875
0.0219705
0.0484837
0.0264832
0.0894391
0.0643024
0.100413
0.117855
0.114589
0.18525
0.2463
0.273064
0.367262
0.307085
0.311218
0.296421
0.28722
0.234209
0.227387
0.208578
0.217307
0.181033
0.15801
0.153256
0.139503
0.122819
0.118286
0.164668
0.204742
0.206331
0.23837
0.269161
0.258379
0.269006
0.28172
0.25236
0.297817
0.244908
-0.0801247
0.132258
0.0422593
0.174205
0.183842
0.2573
0.273804
0.404766
0.351617
0.381021
0.375558
0.266066
0.286176
0.272146
0.285661
0.216687
0.15768
0.175552
0.164549
0.167601
0.200922
0.221721
0.202411
0.191559
0.205794
0.219159
0.254935
0.256637
0.292981
0.288309
0.343379
0.310252
0.343898
0.304363
0.366583
0.329669
0.332037
0.33721
0.323373
0.315954
0.320379
0.313523
0.294501
0.314406
0.294205
0.288418
0.292501
0.267292
0.291216
0.299687
0.287762
0.302351
0.333119
0.349843
0.359375
0.359083
0.354503
0.331962
0.413523
0.320642
0.373867
0.354611
0.36222
0.377661
0.306563
0.358045
0.33655
0.325501
0.348637
0.342563
0.355286
0.29442
0.335626
0.330142
0.369577
0.359322
0.349869
0.338976
0.332704
0.337426
0.367866
0.358071
0.367338
0.339989
0.354801
0.348317
0.339852
0.360884
0.383335
0.39018
0.402068
0.377186
0.37983
0.415993
0.370417
0.413246
0.393629
0.404807
0.386913
0.352748
0.378293
0.358222
0.373142
0.331505
0.343195
0.346538
0.371232
0.348239
0.377585
0.362737
0.33066
0.349181
0.339497
0.381017
0.40386
0.356982
0.378439
0.391392
0.374247
0.389807
0.343799
0.431405
0.420244
0.429419
0.405202
0.43676
0.441839
0.425645
0.402395
0.412
0.41191
0.430253
0.430985
0.422147
0.411853
0.421987
0.411627
0.420327
0.454843
0.453557
0.441041
0.414516
0.494241
0.477117
0.449145
0.405222
0.484591
0.458511
0.431373
0.435652
0.464837
0.449731
0.422809
0.435136
0.440902
0.402415
0.374497
0.405806
0.358262
0.365189
0.330469
0.285205
0.259168
0.266521
0.234337
0.213595
0.154578
0.129967
0.163921
0.146815
0.145799
0.18722
0.200865
0.238299
0.283958
0.319513
0.363471
0.417183
0.436835
0.463688
0.464353
0.46924
0.453634
0.436169
0.451706
0.421517
0.423959
0.432708
0.415982
0.415033
0.4205
0.40897
0.385406
0.423484
0.360778
0.366113
0.366555
0.315103
0.304001
0.2751
0.254276
0.195124
0.140402
0.106783
0.0497717
0.0153168
0.0165628
-0.00954865
-0.0129384
0.00792713
-0.0173054
-0.0317706
-0.0261324
-0.00118193
-0.00783109
-0.00771416
0.0242624
0.00480564
0.0137521
-0.00715242
-0.0017654
-0.00104499
-0.0141552
-0.0109453
-0.0110027
-0.024325
0.00725756
-0.0288945
-0.0289645
-0.0385148
-0.0146784
-0.0404511
-0.0400246
-0.0538081
-0.042097
-0.0489516
-0.0522387
-0.0587028
-0.0694889
-0.0582355
-0.0673835
-0.0551325
-0.0369578
-0.0166532
-0.0200749
-0.00348312
-0.00710344
0.00914047
0.00772965
-0.0117516
0.00479028
0.0239811
0.0224451
-0.0151851
0.00681397
0.00666935
0.0179197
-0.00963135
-0.0238866
-0.00839323
-0.00706556
-0.0251741
0.0165858
-0.00462436
-0.00141461
-0.00762999
0.0253926
0.0124912
0.0150686
-0.00132423
-0.00629408
0.0268874
0.00933034
-0.0115195
0.0134518
-0.00437971
-0.0246783
0.00955456
-0.0210772
-0.0215535
-0.00586451
-0.00448144
-0.00125358
-0.0047107
-0.00722685
-0.00580273
-0.00312475
-0.00183105
0.0208927
-0.00622692
-0.00657767
-0.0203638
-0.0300009
-0.00403187
-0.000566762
-0.00624933
-0.0141856
-0.0205793
0.00499985
0.01428
-0.0047582
0.00228374
-0.0111531
-0.000709649
-0.00219999
-0.0153176
-0.00499365
0.00937345
0.0120362
-0.0175126
0.000723509
-0.0121351
-0.018004
-0.00552295
-0.00229942
0.0162058
-0.00520708
-0.000369388
0.0111572
-0.00717989
0.0171507
-0.00639543
0.0171569
-0.00171278
-0.000408667
0.00153312
-0.00884545
0.00011531
0.012279
-0.0278134
0.00373975
-0.00358679
0.00231505
0.000899454
-0.0101985
-0.00275395
0.0069769
0.00629929
0.0117538
-0.00150593
-0.0102743
-0.00575056
0.000275026
-0.0189942
0.016306
