1.05168
1.05168
1.0517
1.05169
1.05162
1.05169
1.05168
1.05172
1.05168
1.05169
1.05167
1.0517
1.0517
1.05165
1.05169
1.05173
1.0517
1.05167
1.05168
1.05169
1.0517
1.05169
1.0517
1.0517
1.05172
1.05168
1.05167
1.05168
1.05167
1.05166
1.05171
1.05166
1.05167
1.05169
1.05166
1.05169
1.0517
1.05163
1.05169
1.05168
1.05171
1.05172
1.05169
1.05167
1.05166
1.05165
1.05166
1.05168
1.05167
1.05169
1.0517
1.05168
1.05168
1.0517
1.05163
1.05166
1.05169
1.05168
1.05168
1.05167
1.05164
1.05166
1.05171
1.05171
1.0517
1.05166
1.05167
1.05169
1.05169
1.05167
1.0517
1.05165
1.05166
1.05164
1.05168
1.05169
1.05168
1.05164
1.05168
1.05168
1.0517
1.05164
1.0517
1.05167
1.05167
1.05166
1.05169
1.05163
1.05166
1.05167
1.0517
1.05165
1.05176
1.05163
1.05164
1.05168
1.05171
1.05169
1.05166
1.05165
1.05164
1.05169
1.0517
1.05169
1.05165
1.05169
1.05166
1.05166
1.05166
1.05166
1.05166
1.05168
1.05168
1.0517
1.05165
1.05168
1.05167
1.05169
1.05167
1.05167
1.05169
1.0517
1.05167
1.05168
1.05169
1.05167
1.0517
1.05172
1.05169
1.05174
1.0517
1.0517
1.05171
1.05167
1.05171
1.0517
1.05177
1.05178
1.05175
1.05175
1.05173
1.05172
1.05178
1.05173
1.05175
1.05175
1.05178
1.05177
1.05174
1.05176
1.05175
1.05178
1.05173
1.05179
1.05174
1.05177
1.05173
1.05176
1.05173
1.05174
1.05169
1.05169
1.05175
1.05168
1.05174
1.05173
1.05174
1.05173
1.05167
1.05172
1.05167
1.05172
1.05172
1.05173
1.05168
1.05171
1.05169
1.05172
1.05172
1.05167
1.05176
1.05171
1.05172
1.05171
1.05174
1.05174
1.0517
1.0517
1.05169
1.05172
1.05167
1.05173
1.0517
1.05168
1.05169
1.05172
1.05168
1.05171
1.05168
1.05171
1.05179
1.0518
1.05178
1.05174
1.05164
1.05174
1.05166
1.05171
1.05171
1.05174
1.05173
1.05164
1.05155
1.05163
1.05166
1.05169
1.05166
1.05163
1.05164
1.05159
1.05162
1.05169
1.05165
1.0517
1.05165
1.05156
1.05155
1.05153
1.05156
1.05144
1.05141
1.05142
1.0513
1.05119
1.05119
1.05119
1.05123
1.05131
1.05134
1.05136
1.05125
1.05128
1.05124
1.05127
1.05134
1.05133
1.05131
1.05131
1.05132
1.0513
1.05132
1.05134
1.05133
1.05132
1.05135
1.05132
1.05134
1.05131
1.05123
1.05117
1.05095
1.05081
1.05071
1.05077
1.05065
1.05071
1.0507
1.05075
1.0508
1.0508
1.05087
1.05089
1.05099
1.05099
1.05108
1.05098
1.05098
1.05102
1.05098
1.051
1.05107
1.05122
1.05123
1.05125
1.0512
1.05115
1.05116
1.05122
1.0512
1.05127
1.05126
1.05125
1.0512
1.05124
1.05124
1.05123
1.05125
1.05127
1.05121
1.05124
1.05125
1.05125
1.05123
1.05123
1.05126
1.05125
1.05124
1.05127
1.05121
1.0512
1.05096
1.05052
1.05017
1.05008
1.05005
1.05029
1.05064
1.05107
1.0513
1.05133
1.05111
1.05086
1.05041
1.05022
1.05
1.04962
1.04944
1.04948
1.04947
1.04949
1.04963
1.04989
1.05017
1.05028
1.05038
1.05037
1.05035
1.05037
1.05039
1.05042
1.05052
1.05052
1.05041
1.05019
1.05001
1.04999
1.04996
1.04997
1.04993
1.05002
1.05
1.04997
1.04993
1.04978
1.04961
1.04958
1.04954
1.04979
1.05009
1.05032
1.05039
1.05038
1.05031
1.05021
1.05018
1.05014
1.05015
1.05015
1.05018
1.05022
1.05021
1.05019
1.05018
1.05022
1.05022
1.05019
1.05019
1.05015
1.0502
1.05023
1.05025
1.05031
1.05041
1.05049
1.05047
1.05046
1.05053
1.05054
1.05051
1.05054
1.05057
1.05064
1.05064
1.05067
1.05068
1.05063
1.05062
1.05061
1.05064
1.05062
1.05069
1.05061
1.05065
1.0507
1.0507
1.0507
1.05068
1.05068
1.05075
1.0507
1.05069
1.05067
1.05067
1.05057
1.05033
1.04995
1.0494
1.04876
1.04791
1.0469
1.04561
1.04436
1.0421
1.03828
1.03634
1.0342
1.03196
1.02938
1.02634
1.02329
1.02037
1.01723
1.01402
1.01097
1.00757
1.00342
0.998449
0.992666
0.986355
0.979474
0.972471
0.965651
0.959266
0.953367
0.947877
0.942706
0.937694
0.932784
0.927863
0.923241
0.919095
0.915159
0.911427
0.907813
0.903802
0.899279
0.894452
0.889417
0.884517
0.879584
0.87481
0.869936
0.85921
0.853615
0.84796
0.842342
0.83672
0.831043
0.825375
0.819639
0.814309
0.809018
0.803818
0.798375
0.792717
0.786969
0.781036
0.775221
0.769288
0.763605
0.75798
0.752737
0.747654
0.742645
0.73751
0.732198
0.72673
0.721009
0.715118
0.709093
0.70296
0.696958
0.690849
0.684648
0.678525
0.672377
0.66626
0.66026
0.654105
0.647851
0.641693
0.635444
0.623831
0.618393
0.612877
0.607265
0.601364
0.595514
0.590008
0.584648
0.579273
0.573942
0.568475
0.563062
0.557689
0.552302
0.546647
0.540864
0.534956
0.528905
0.522648
0.516537
0.510355
0.504329
0.498599
0.493149
0.487648
0.482027
0.476319
0.470629
0.464984
0.459227
0.453578
0.448111
0.442591
0.436956
0.431428
0.425645
0.419867
0.414134
0.408546
0.402783
0.391275
0.385669
0.380067
0.374637
0.369319
0.364109
0.35875
0.353339
0.347901
0.342427
0.337297
0.33241
0.327711
0.323474
0.319192
0.315137
0.311398
0.307646
0.303872
0.300246
0.296185
0.292173
0.28804
0.283617
0.279244
0.27463
0.270212
0.26557
0.260876
0.25636
0.251837
0.247859
0.243502
0.238918
0.234191
0.228977
0.224322
0.219878
0.215279
0.206023
0.201596
0.197522
0.192646
0.188736
0.183947
0.179467
0.175029
0.170387
0.165847
0.161394
0.157211
0.15211
0.147399
0.142756
0.138604
0.1337
0.129474
0.124951
0.120235
0.116164
0.111287
0.105837
0.101524
0.0964966
0.0910795
0.0865384
0.0815939
0.0768955
0.0721346
0.0671486
0.062868
0.0576708
0.0529171
0.0438337
0.0387591
0.0335368
0.0287282
0.0240384
0.0198367
0.0152328
0.0101538
0.00566512
0.0012868
-0.00275362
-0.00716788
-0.0123417
-0.0171185
-0.0212769
-0.0265729
-0.0309149
-0.0362028
-0.0410534
-0.0454353
-0.0506999
-0.0553651
-0.0595708
-0.0647639
-0.0691576
-0.0740364
-0.0790327
-0.0845845
-0.0889792
-0.0942696
-0.0986098
-0.103417
-0.108177
-0.113066
-0.117623
-0.121987
-0.131464
-0.135541
-0.140454
-0.145766
-0.150384
-0.155421
-0.160738
-0.165061
-0.169799
-0.174477
-0.179284
-0.183826
-0.188561
-0.193654
-0.198732
-0.203611
-0.208597
-0.213737
-0.218666
-0.223744
-0.22871
-0.23359
-0.238346
-0.243164
-0.248004
-0.252856
-0.257742
-0.262643
-0.267458
-0.272621
-0.277567
-0.282526
-0.287848
-0.292856
-0.297765
-0.302619
-0.307414
-0.316691
-0.321891
-0.327209
-0.332558
-0.337765
-0.342868
-0.34794
-0.352872
-0.358028
-0.362688
-0.367455
-0.371931
-0.376404
-0.380815
-0.385111
-0.389528
-0.393891
-0.398267
-0.402475
-0.406971
-0.411487
-0.414917
-0.418915
-0.422879
-0.426554
-0.430489
-0.434539
-0.439005
-0.443836
-0.448428
-0.452858
-0.457956
-0.463178
-0.468241
-0.472908
-0.477361
-0.485766
-0.489965
-0.494152
-0.49838
-0.502476
-0.506499
-0.510579
-0.514646
-0.518663
-0.522641
-0.526733
-0.530762
-0.534699
-0.538776
-0.542661
-0.546329
-0.549891
-0.553787
-0.557682
-0.561815
-0.5661
-0.570539
-0.574951
-0.57959
-0.584175
-0.588554
-0.593283
-0.59822
-0.603034
-0.607531
-0.611912
-0.616485
-0.621087
-0.62568
-0.630301
-0.63586
-0.640391
-0.650297
-0.655007
-0.659663
-0.664219
-0.668588
-0.673063
-0.677473
-0.681801
-0.685986
-0.690385
-0.694779
-0.698972
-0.703225
-0.707152
-0.711216
-0.715361
-0.719357
-0.723361
-0.72759
-0.731635
-0.735687
-0.740136
-0.744757
-0.749406
-0.754053
-0.758918
-0.763842
-0.768614
-0.773445
-0.778114
-0.78286
-0.787465
-0.791873
-0.796322
-0.801182
-0.805589
-0.809932
-0.818145
-0.822664
-0.827073
-0.831532
-0.835855
-0.840301
-0.844645
-0.849007
-0.853467
-0.856284
-0.857966
-0.859874
-0.861812
-0.862862
-0.864344
-0.866306
-0.868137
-0.869999
-0.871448
-0.872798
-0.873666
-0.874311
-0.874768
-0.875159
-0.875484
-0.875813
-0.876388
-0.877123
-0.878005
-0.87888
-0.879855
-0.880539
-0.881043
-0.881536
-0.882082
-0.882486
-0.882893
-0.883539
-0.883732
-0.883729
-0.883706
-0.883679
-0.883715
-0.883734
-0.883663
-0.883597
-0.883493
-0.883425
-0.883335
-0.883268
-0.883142
-0.883075
-0.883019
-0.882963
-0.882822
-0.882751
-0.882753
-0.882769
-0.882793
-0.882776
-0.882758
-0.88276
-0.882757
-0.882764
-0.882761
-0.882731
-0.882595
-0.882545
-0.882543
-0.882541
-0.882514
-0.882623
-0.882549
-0.882561
-0.882546
-0.88256
-0.882615
-0.882584
-0.882607
-0.882575
-0.882588
-0.882538
-0.882551
-0.882531
-0.88239
-0.882363
-0.882337
-0.882419
-0.882352
-0.882381
-0.882353
-0.882387
-0.882359
-0.882344
-0.88228
-0.882351
-0.882341
-0.882317
-0.882348
-0.882316
-0.882293
-0.882301
-0.882335
-0.882322
-0.882295
-0.882277
-0.882355
-0.882329
-0.88235
-0.882393
-0.882433
-0.882416
-0.882484
-0.882525
-0.882691
-0.882822
-0.882898
-0.883029
-0.883169
-0.883331
-0.883525
-0.883582
-0.883609
-0.883575
-0.883567
-0.883581
-0.883608
-0.883611
-0.883486
-0.883354
-0.883266
-0.883144
-0.882953
-0.882579
-0.882208
-0.881497
-0.880841
-0.880276
-0.879714
-0.879152
-0.878572
-0.878311
-0.878316
-0.878276
-0.878334
-0.878329
-0.877857
-0.877085
-0.8763
-0.875418
-0.874148
-0.871585
-0.870391
-0.869045
-0.868098
-0.866987
-0.866271
-0.86543
-0.864795
-0.864214
-0.863768
-0.863497
-0.863044
-0.862455
-0.861708
-0.860815
-0.860092
-0.85937
-0.858891
-0.858485
-0.857897
-0.857257
-0.856757
-0.855821
-0.854659
-0.853782
-0.85319
-0.852452
-0.8517
-0.85141
-0.85131
-0.85108
-0.850849
-0.850297
-0.849738
-0.848832
-0.847726
-0.846623
-0.845378
-0.843628
-0.841989
-0.8403
-0.837192
-0.835456
-0.833775
-0.831626
-0.829238
-0.826895
-0.824481
-0.821904
-0.818979
-0.816066
-0.812984
-0.8098
-0.8065
-0.803199
-0.800046
-0.796845
-0.793716
-0.79045
-0.787276
-0.78393
-0.781094
-0.778489
-0.775812
-0.773247
-0.770803
-0.768321
-0.765441
-0.762663
-0.759634
-0.756652
-0.753204
-0.74994
-0.7463
-0.74234
-0.738477
-0.73067
-0.726666
-0.722313
-0.718074
-0.714157
-0.709998
-0.706332
-0.702846
-0.699041
-0.695423
-0.691626
-0.687714
-0.683561
-0.679048
-0.674577
-0.670066
-0.665625
-0.66127
-0.657129
-0.652931
-0.648593
-0.644774
-0.64116
-0.637682
-0.633945
-0.629904
-0.626108
-0.62184
-0.61754
-0.612986
-0.608308
-0.603642
-0.598669
-0.593838
-0.588848
-0.584198
-0.579697
-0.575654
-0.571798
-0.567913
-0.56001
-0.55564
-0.551233
-0.54681
-0.542316
-0.537812
-0.533269
-0.528672
-0.524124
-0.519787
-0.515569
-0.511788
-0.507761
-0.503391
-0.498894
-0.494081
-0.48923
-0.484274
-0.479167
-0.473934
-0.468836
-0.463787
-0.459032
-0.454642
-0.450571
-0.446501
-0.442352
-0.437985
-0.433681
-0.429265
-0.424723
-0.420081
-0.415612
-0.411285
-0.407063
-0.402921
-0.39886
-0.391341
-0.387776
-0.383952
-0.379876
-0.375779
-0.371313
-0.366522
-0.361499
-0.356226
-0.35118
-0.34603
-0.340733
-0.335593
-0.33091
-0.326768
-0.322453
-0.318202
-0.313983
-0.309741
-0.305418
-0.300705
-0.296087
-0.291408
-0.287003
-0.28255
-0.278328
-0.274182
-0.270573
-0.266975
-0.263828
-0.2608
-0.257822
-0.254961
-0.25224
-0.249437
-0.247112
-0.24515
-0.243191
-0.240692
-0.239392
-0.237858
-0.236186
-0.234082
-0.231426
-0.228603
-0.225491
-0.22232
-0.218273
-0.214422
-0.210977
-0.207145
-0.202976
-0.198579
-0.19417
-0.190043
-0.185629
-0.181089
-0.176431
-0.172145
-0.167919
-0.163773
-0.160052
-0.156747
-0.153552
-0.151002
-0.148908
-0.146611
-0.144651
-0.142892
-0.141034
-0.139465
-0.138402
-0.137165
-0.136078
-0.135064
-0.134374
-0.133703
-0.133269
-0.132726
-0.132631
-0.132658
-0.132677
-0.132866
-0.133011
-0.133368
-0.133766
-0.134188
-0.134528
-0.134802
-0.134878
-0.13495
-0.135042
-0.135029
-0.135003
-0.134986
-0.134866
-0.134665
-0.134351
-0.134106
-0.133751
-0.133514
-0.133213
-0.133017
-0.132869
-0.132837
-0.132754
-0.132704
-0.132722
-0.132774
-0.132912
-0.133075
-0.133459
-0.133822
-0.134377
-0.134923
-0.13552
-0.136267
-0.138615
-0.139679
-0.14029
-0.140849
-0.141263
-0.141715
-0.141991
-0.142098
-0.14228
-0.142294
-0.142357
-0.142365
-0.142434
-0.142476
-0.142508
-0.142533
-0.142606
-0.142544
-0.142568
-0.142643
-0.142587
-0.142589
-0.142635
-0.142574
-0.142632
-0.142575
-0.142583
-0.142547
-0.142479
-0.14248
-0.142389
-0.142339
-0.14226
-0.142201
-0.142153
-0.142114
-0.142135
-0.14214
-0.142089
-0.142143
-0.142143
-0.142146
-0.14211
-0.142163
-0.142116
-0.14213
-0.142079
-0.142018
-0.141952
-0.141847
-0.141773
-0.141688
-0.141548
-0.141533
-0.141477
-0.141417
-0.14131
-0.141341
-0.141257
-0.141207
-0.141262
-0.141239
-0.141271
-0.141325
-0.141371
-0.1414
-0.141372
-0.141388
-0.141353
-0.141427
-0.14142
-0.141465
-0.141401
-0.14146
-0.141454
-0.141427
-0.141409
-0.141384
-0.141366
-0.1414
-0.141412
-0.141434
-0.141511
-0.141595
-0.141571
-0.141647
-0.141699
-0.141724
-0.141748
-0.141741
-0.141729
-0.141712
-0.141732
-0.141743
-0.141682
-0.141615
