-0.277336
-0.278369
-0.278462
-0.278508
-0.2775
-0.279183
-0.279223
-0.277887
-0.27866
-0.277693
-0.278565
-0.277332
-0.2805
-0.276715
-0.278149
-0.279126
-0.281962
-0.277701
-0.278188
-0.278889
-0.278324
-0.277406
-0.277763
-0.276337
-0.27817
-0.27682
-0.277543
-0.276987
-0.277723
-0.278258
-0.279289
-0.278352
-0.277732
-0.275997
-0.276531
-0.278012
-0.278677
-0.275757
-0.278503
-0.277835
-0.277768
-0.279195
-0.27873
-0.278349
-0.27781
-0.277168
-0.27903
-0.279734
-0.277499
-0.277849
-0.279557
-0.278519
-0.279525
-0.27926
-0.277206
-0.276747
-0.277771
-0.277835
-0.277831
-0.277164
-0.27724
-0.278295
-0.279766
-0.278327
-0.279272
-0.277833
-0.277677
-0.277813
-0.278546
-0.278761
-0.278858
-0.276275
-0.276741
-0.277633
-0.278835
-0.276497
-0.278803
-0.277996
-0.278218
-0.27718
-0.27965
-0.276356
-0.278711
-0.277552
-0.277825
-0.277287
-0.277884
-0.276155
-0.277867
-0.278547
-0.27828
-0.278256
-0.280168
-0.277663
-0.279773
-0.278937
-0.278308
-0.278919
-0.278835
-0.2785
-0.27646
-0.279108
-0.279193
-0.277862
-0.278196
-0.277467
-0.277
-0.278612
-0.276883
-0.277855
-0.277901
-0.277865
-0.276163
-0.27891
-0.277734
-0.277212
-0.277966
-0.278075
-0.277109
-0.279091
-0.27783
-0.278291
-0.276026
-0.277034
-0.278072
-0.278264
-0.279816
-0.28056
-0.277698
-0.278325
-0.277701
-0.278877
-0.279388
-0.278888
-0.277779
-0.279661
-0.279419
-0.279719
-0.279466
-0.279866
-0.280575
-0.279406
-0.280984
-0.27944
-0.281126
-0.280317
-0.280916
-0.279846
-0.279443
-0.279644
-0.279409
-0.280992
-0.28171
-0.280505
-0.278756
-0.280777
-0.279108
-0.280553
-0.280529
-0.279092
-0.27906
-0.279319
-0.278856
-0.276674
-0.279281
-0.280148
-0.280797
-0.279334
-0.277677
-0.279191
-0.278342
-0.280215
-0.279492
-0.281281
-0.276543
-0.278951
-0.278553
-0.280315
-0.279489
-0.276839
-0.279738
-0.278399
-0.27885
-0.279442
-0.280034
-0.279485
-0.278667
-0.278091
-0.278387
-0.279528
-0.278444
-0.278036
-0.277862
-0.278356
-0.277008
-0.278245
-0.277281
-0.279608
-0.278115
-0.278397
-0.282157
-0.280985
-0.280134
-0.280907
-0.276689
-0.278499
-0.27797
-0.278928
-0.279387
-0.278844
-0.278035
-0.276035
-0.276382
-0.277469
-0.27909
-0.278285
-0.277144
-0.275424
-0.277097
-0.275151
-0.27674
-0.278952
-0.277626
-0.279333
-0.277766
-0.276223
-0.27453
-0.27373
-0.274415
-0.272838
-0.271965
-0.270936
-0.268066
-0.266361
-0.266492
-0.266336
-0.266715
-0.269128
-0.271355
-0.270792
-0.266937
-0.267515
-0.267481
-0.266114
-0.269412
-0.268768
-0.268033
-0.270686
-0.268264
-0.26768
-0.269949
-0.270845
-0.269541
-0.268766
-0.270245
-0.269807
-0.270043
-0.268514
-0.26683
-0.265071
-0.259373
-0.2553
-0.253488
-0.255128
-0.251579
-0.254319
-0.25477
-0.255446
-0.255826
-0.255269
-0.257261
-0.2579
-0.261765
-0.260807
-0.263097
-0.260519
-0.261864
-0.261636
-0.26016
-0.260648
-0.262184
-0.265986
-0.267088
-0.267327
-0.265076
-0.264719
-0.264934
-0.26781
-0.266899
-0.266224
-0.267979
-0.266419
-0.26694
-0.266095
-0.267808
-0.266317
-0.267477
-0.267668
-0.265856
-0.266347
-0.266682
-0.267097
-0.265838
-0.267794
-0.266627
-0.269323
-0.268607
-0.268597
-0.265112
-0.268095
-0.260992
-0.248504
-0.240182
-0.23703
-0.235985
-0.241774
-0.249954
-0.262869
-0.268188
-0.27045
-0.264139
-0.257174
-0.246508
-0.239779
-0.234352
-0.225653
-0.222488
-0.223529
-0.223297
-0.222679
-0.225133
-0.232811
-0.239738
-0.24221
-0.246029
-0.244235
-0.244507
-0.24598
-0.244882
-0.246235
-0.247677
-0.248797
-0.246383
-0.243022
-0.236202
-0.23437
-0.23543
-0.235936
-0.233564
-0.235748
-0.235082
-0.236742
-0.234557
-0.23015
-0.224718
-0.226302
-0.222839
-0.232106
-0.238268
-0.243393
-0.246288
-0.245762
-0.243596
-0.24058
-0.240185
-0.238929
-0.239317
-0.240794
-0.240494
-0.242069
-0.239546
-0.239564
-0.240228
-0.242364
-0.241589
-0.239895
-0.240998
-0.240749
-0.241075
-0.241403
-0.242403
-0.243031
-0.246161
-0.248889
-0.247822
-0.248364
-0.249697
-0.2492
-0.246901
-0.249429
-0.248501
-0.250481
-0.251226
-0.252664
-0.25368
-0.251539
-0.250004
-0.25106
-0.250795
-0.253617
-0.252883
-0.25293
-0.25281
-0.253533
-0.254234
-0.254337
-0.254934
-0.253373
-0.256348
-0.252441
-0.254339
-0.25077
-0.254319
-0.251199
-0.244673
-0.234017
-0.221374
-0.204858
-0.183941
-0.160166
-0.126715
-0.0995629
-0.0825846
-0.00652638
0.0336097
0.0800591
0.125785
0.164197
0.212314
0.256677
0.296905
0.337534
0.377678
0.409402
0.444965
0.498919
0.571759
0.668196
0.765169
0.88651
0.993746
1.09468
1.17307
1.22975
1.25001
1.25844
1.26813
1.27742
1.29077
1.27845
1.24722
1.20937
1.17508
1.14109
1.12482
1.14547
1.18004
1.21348
1.2511
1.27924
1.30394
1.31674
1.38056
1.4125
1.43534
1.45824
1.47318
1.49029
1.51016
1.53189
1.53588
1.54609
1.54921
1.55618
1.56829
1.57524
1.58339
1.59302
1.60935
1.61314
1.63151
1.64761
1.64992
1.65631
1.66191
1.6655
1.66754
1.68862
1.70574
1.74548
1.78333
1.80018
1.8269
1.86515
1.88286
1.90549
1.92445
1.92406
1.93225
1.96355
1.96162
1.96976
1.94982
1.93282
1.9119
1.91987
1.91198
1.90653
1.88689
1.85523
1.8499
1.8508
1.85204
1.86432
1.88418
1.90807
1.92822
1.93969
1.95839
1.96966
1.99215
2.01415
2.05303
2.07767
2.0754
2.08184
2.07751
2.07269
2.07324
2.05767
2.0462
2.04029
2.02561
2.0166
2.0216
2.02814
2.03683
2.05499
2.05249
2.05179
2.05125
2.04799
2.05187
2.0486
2.04726
2.04974
2.05069
2.04846
2.03439
2.01222
2.00464
1.98419
1.9312
1.88954
1.85294
1.79466
1.75789
1.73941
1.68951
1.6461
1.6386
1.60056
1.57499
1.56482
1.55737
1.55638
1.56923
1.5795
1.58623
1.59097
1.61753
1.62787
1.63881
1.66721
1.67633
1.67219
1.68198
1.68343
1.68147
1.66071
1.62966
1.62216
1.61899
1.6158
1.60842
1.60968
1.61171
1.61465
1.59227
1.59426
1.58933
1.58912
1.58031
1.58902
1.59248
1.60445
1.60875
1.60733
1.6135
1.63355
1.62783
1.61641
1.63275
1.63458
1.63175
1.62953
1.62548
1.63888
1.65046
1.65429
1.65479
1.65065
1.66837
1.68122
1.68331
1.66646
1.68019
1.66332
1.66626
1.65282
1.64453
1.64172
1.64172
1.64644
1.64999
1.65635
1.66093
1.67892
1.68202
1.67693
1.67677
1.6738
1.67888
1.6753
1.67304
1.67799
1.6834
1.69639
1.68337
1.68146
1.68352
1.6758
1.67836
1.67068
1.6583
1.66116
1.67169
1.681
1.67519
1.67145
1.67278
1.69475
1.67995
1.68576
1.68924
1.7111
1.71083
1.71873
1.73454
1.75237
1.76028
1.78215
1.78486
1.79316
1.8072
1.81514
1.82378
1.81404
1.81001
1.79109
1.79831
1.80497
1.80547
1.80346
1.80034
1.82073
1.83099
1.83911
1.83806
1.83215
1.85804
1.86334
1.84793
1.83984
1.84999
1.86304
1.8701
1.87974
1.90551
1.90458
1.91053
1.91981
1.93086
1.9322
1.94923
1.95182
1.96467
1.95336
1.95208
1.92268
1.89492
1.87113
1.8503
1.81202
1.79518
1.78117
1.766
1.76756
1.74424
1.72583
1.71073
1.70078
1.69042
1.68566
1.68298
1.69376
1.7221
1.73276
1.72903
1.71921
1.73749
1.7615
1.75108
1.73507
1.73115
1.71042
1.71202
1.71224
1.69212
1.67
1.65633
1.64178
1.62516
1.60151
1.60221
1.60431
1.58198
1.59143
1.59128
1.57232
1.56458
1.55157
1.54635
1.55423
1.55304
1.55843
1.55844
1.58224
1.58563
1.58441
1.61843
1.66377
1.67614
1.68073
1.67537
1.68371
1.68917
1.68643
1.67137
1.69804
1.71396
1.70959
1.69358
1.67792
1.66494
1.64695
1.65357
1.65277
1.64707
1.61253
1.60187
1.59221
1.57636
1.55997
1.52522
1.51438
1.50948
1.50228
1.50361
1.52006
1.52532
1.53535
1.56463
1.58421
1.58978
1.6093
1.63305
1.64754
1.65023
1.66148
1.66908
1.67707
1.66931
1.65747
1.66089
1.65318
1.63719
1.61203
1.60049
1.59056
1.58931
1.58972
1.60174
1.61888
1.63038
1.64286
1.66905
1.58392
1.46912
1.37678
1.30053
1.20434
1.1422
1.10491
1.07215
1.04133
0.999864
0.953848
0.902585
0.847896
0.790884
0.741657
0.698629
0.659419
0.628545
0.606733
0.58579
0.566703
0.555131
0.547812
0.538398
0.520458
0.499938
0.476841
0.462043
0.43836
0.434766
0.433331
0.433093
0.4335
0.434262
0.434844
0.432504
0.430294
0.427789
0.426526
0.422938
0.421858
0.421665
0.417457
0.415644
0.41481
0.411035
0.409811
0.409733
0.409264
0.409341
0.408857
0.408546
0.410643
0.40959
0.408363
0.409689
0.409068
0.405207
0.40317
0.40197
0.403932
0.401685
0.404252
0.402519
0.405011
0.401499
0.403997
0.404521
0.403898
0.406504
0.404586
0.404872
0.403213
0.402571
0.405356
0.399279
0.399313
0.397678
0.40009
0.39792
0.400322
0.396395
0.401038
0.396868
0.39692
0.394889
0.397459
0.398044
0.397152
0.397833
0.398598
0.397437
0.396317
0.39865
0.396862
0.397524
0.395031
0.397737
0.396388
0.399576
0.39762
0.40166
0.399164
0.401843
0.403777
0.407354
0.408661
0.409326
0.415641
0.418292
0.424196
0.429171
0.429722
0.431167
0.427129
0.428245
0.429584
0.431271
0.430835
0.427542
0.424358
0.421924
0.418902
0.412913
0.404155
0.395575
0.37592
0.35947
0.34545
0.330765
0.317855
0.301839
0.294266
0.295628
0.29442
0.296495
0.294589
0.282997
0.264394
0.246353
0.224427
0.193075
0.133296
0.104296
0.0906422
0.0694203
0.0591836
0.0428496
0.0258143
0.00982674
-0.00234202
-0.0147964
-0.0196588
-0.0308043
-0.0445428
-0.0639661
-0.0856451
-0.102932
-0.121757
-0.133929
-0.141424
-0.157249
-0.173384
-0.185043
-0.208196
-0.237841
-0.259605
-0.274039
-0.292005
-0.311327
-0.318821
-0.322353
-0.328735
-0.333767
-0.346604
-0.361427
-0.376339
-0.387333
-0.397359
-0.40302
-0.411788
-0.417664
-0.429941
-0.459639
-0.475728
-0.479916
-0.49163
-0.50311
-0.514813
-0.534441
-0.539585
-0.545699
-0.559409
-0.560896
-0.573819
-0.582178
-0.594765
-0.594045
-0.602921
-0.601506
-0.60804
-0.608336
-0.609648
-0.618418
-0.633185
-0.629023
-0.637899
-0.659333
-0.665805
-0.671597
-0.682156
-0.699368
-0.706259
-0.722481
-0.729081
-0.732073
-0.753531
-0.760953
-0.78289
-0.784077
-0.800643
-0.815471
-0.828286
-0.852379
-0.871475
-0.885546
-0.901531
-0.920729
-0.930617
-0.938817
-0.946715
-0.952341
-0.951547
-0.955029
-0.950172
-0.948007
-0.939798
-0.942229
-0.953915
-0.961771
-0.966488
-0.982823
-1.00287
-1.02885
-1.04341
-1.06079
-1.06215
-1.06146
-1.06101
-1.06272
-1.07082
-1.06584
-1.06505
-1.07381
-1.08697
-1.09623
-1.1012
-1.12655
-1.13087
-1.13326
-1.12966
-1.12702
-1.12679
-1.12779
-1.11669
-1.11685
-1.11218
-1.1217
-1.12476
-1.13569
-1.14496
-1.15755
-1.17731
-1.1949
-1.19181
-1.18967
-1.20046
-1.20169
-1.19909
-1.1915
-1.18645
-1.18786
-1.20057
-1.19856
-1.1964
-1.19539
-1.19817
-1.16629
-1.14459
-1.13683
-1.1234
-1.10907
-1.09516
-1.10042
-1.11092
-1.12472
-1.13704
-1.15931
-1.17688
-1.1827
-1.18585
-1.18824
-1.18864
-1.19097
-1.18865
-1.19163
-1.18566
-1.18694
-1.18683
-1.1895
-1.19493
-1.20058
-1.21007
-1.21282
-1.20648
-1.20543
-1.19422
-1.18797
-1.17743
-1.161
-1.14757
-1.13211
-1.12604
-1.1207
-1.10375
-1.09741
-1.06861
-1.05923
-1.01462
-0.985387
-0.935896
-0.88923
-0.83513
-0.738507
-0.698687
-0.669977
-0.652218
-0.641939
-0.647955
-0.667578
-0.701786
-0.733429
-0.783496
-0.837913
-0.887973
-0.936632
-0.977793
-1.03385
-1.05724
-1.08006
-1.09174
-1.09591
-1.09896
-1.08651
-1.06357
-1.04968
-1.02621
-0.997366
-0.976647
-0.969546
-0.942416
-0.924455
-0.9151
-0.891874
-0.873685
-0.847406
-0.813396
-0.781645
-0.736608
-0.695295
-0.647618
-0.605327
-0.562227
-0.487305
-0.450932
-0.415984
-0.385794
-0.353638
-0.324411
-0.290479
-0.26368
-0.237281
-0.214086
-0.198674
-0.188182
-0.179261
-0.170598
-0.167067
-0.167402
-0.163053
-0.166359
-0.169922
-0.177595
-0.180729
-0.185802
-0.189842
-0.193257
-0.195144
-0.192903
-0.192641
-0.187941
-0.183798
-0.179638
-0.173219
-0.16561
-0.155195
-0.141965
-0.131124
-0.116228
-0.101832
-0.0889395
-0.0721845
-0.0386823
-0.0293491
-0.0161054
-0.00704541
-0.00118205
0.00669147
0.00813198
0.00930494
0.0122578
0.00825398
0.0104147
0.00819077
0.0102809
0.0101442
0.0123593
0.0123328
0.0157265
0.0123313
0.0117963
0.0143097
0.0126929
0.0150298
0.0156089
0.011448
0.0148902
0.0128134
0.0130986
0.0117802
0.00874198
0.0100296
0.00971503
0.00728531
0.00427338
0.0043998
0.0031944
0.00317528
0.0017611
0.00244468
-0.000563121
0.00132008
0.000576219
0.00476877
0.000931981
0.00308855
0.00188018
0.00194339
0.00172876
0.000554167
-0.00151284
-0.00388721
-0.00575005
-0.00764385
-0.0120199
-0.0116126
-0.0105744
-0.0140332
-0.0164466
-0.0132699
-0.0177364
-0.0165701
-0.0154656
-0.0170937
-0.0168569
-0.0144876
-0.0137405
-0.0121582
-0.0142405
-0.0138229
-0.0157583
-0.0098333
-0.0123773
-0.00980977
-0.0138832
-0.0102318
-0.0123332
-0.0129479
-0.0133376
-0.0133685
-0.0140861
-0.0122317
-0.0133846
-0.0146405
-0.0102112
-0.00868783
-0.0067337
-0.00690279
-0.00725126
-0.00376371
-0.00521486
-0.00367403
-0.00639552
-0.00585444
-0.00593825
-0.00564272
-0.00495315
-0.009301
