-0.0179123
-0.0092354
-0.00277952
-0.000736562
-0.0331362
0.0125822
0.00473945
0.0117577
-0.00491341
0.00244501
-0.00301282
-0.00152714
0.000290166
-0.0107818
0.00551398
0.0176862
0.0165739
0.00534759
0.00465932
0.00726531
0.0246386
0.00421906
-0.00230496
0.00673683
0.0178648
-0.00441742
0.00104876
0.00838159
0.0120244
0.000761216
-0.00260799
-0.01552
0.00487701
-0.00106069
-0.0116143
0.00406508
0.0044994
-0.00545783
-0.00604538
-0.00688393
0.0145299
0.0188613
0.00960488
-0.00275609
-0.0102901
-0.0145625
-0.00798497
0.0100341
0.00362029
0.00657872
0.0197313
0.00137643
0.0109985
0.00611907
-0.00928557
-0.017038
0.00230778
0.0174571
-0.00943124
-0.00466889
-0.0135772
-0.0144998
0.0146556
0.00499741
0.000125056
-0.00898298
0.00188227
-0.00627001
0.00913346
-0.000372868
0.00321277
-0.00861792
0.00541514
-0.0121053
-0.00608794
0.000512494
-0.00255642
-0.0235932
-0.00357638
-0.0116719
-0.00246522
0.00064822
-0.00104122
0.0116541
-0.00353894
-0.00490331
0.0253405
-0.0248129
-0.00179247
-0.00446962
0.0099762
-0.00313971
0.0245109
-0.0167172
-0.00330946
0.0042889
0.00695901
0.011397
-0.00289779
-0.0174324
-0.00197064
-0.00302783
0.0080783
0.009241
0.00265464
0.000338204
-0.00590242
-0.00844069
-0.012873
-0.00323738
-0.00957559
0.00328026
-0.002418
0.0132608
-0.000650294
0.00447959
0.00595848
-0.00382806
0.00204852
0.00978526
0.00336106
-0.00720836
-0.0032046
0.00743764
0.00516517
0.00110189
0.00290587
0.0231225
0.00389705
0.0156411
-0.00395146
0.00543073
0.00783921
-0.00362246
0.00251696
-0.0130152
0.00161752
-0.00457722
-0.0145095
-0.00217293
-0.00215844
-0.00406113
0.028972
-0.0143274
-0.000135748
-0.00374807
0.00821671
0.0216533
0.00558923
0.0085531
0.00270574
0.0159134
-0.0116557
0.0115269
-0.00877509
0.0126707
-0.00215169
0.0097204
-0.00647628
0.00425764
-0.0205702
-0.0129784
0.00480767
-0.0201195
-0.00386511
-0.00994033
0.000794707
0.00811757
0.00128375
0.0220515
-0.0161988
-0.0177249
0.00906079
-0.00833998
-0.00906196
0.000524516
-0.000649823
-0.00416265
0.00251667
-0.00966893
0.00964012
-0.000258056
0.0113966
0.00796295
0.00488453
0.014224
-0.0118035
0.00713502
0.000864889
-5.62444e-05
0.00658465
-0.00296037
-0.00975868
0.00424353
-0.0036306
0.00834198
-0.0026569
-0.00239784
-0.000635413
0.00163538
0.00177579
0.0166255
0.000247279
-0.00576326
-0.0258812
-0.000228015
-0.000714985
0.0138469
0.0090206
-0.000715904
-8.44924e-05
-0.0113093
-0.0192789
0.0186208
0.0128008
0.00853347
-0.00547476
-0.00522436
0.00434116
-0.00427133
-0.0134205
0.0138797
0.0106018
0.0169428
0.00479532
-0.0079597
0.00504593
0.0123299
0.0183528
-0.0084831
-0.0031295
0.00571864
-0.0053167
-0.0187429
-0.0231731
-0.00796461
0.00549433
0.00690672
-0.00040567
0.00659856
-0.00836356
0.00244204
0.000959671
0.000262177
0.00491556
0.000495875
-0.00518212
-0.0109314
-0.0018307
-0.00449809
0.00623441
0.00801271
-0.00543401
-0.00682989
-0.00423675
-0.0133844
0.0264728
0.0138186
-0.00801502
-0.000444535
-0.0291639
-0.0237927
-0.0183256
0.0153262
-0.0169166
0.0238471
-0.00834853
-0.00602488
0.00829425
0.000914562
0.00587159
-0.00478947
0.00448303
-0.0126115
0.0210948
-0.0233131
-0.00985895
0.0197694
0.0101926
-0.00192322
-0.00123011
0.0157765
0.00877296
0.0136337
-0.00110374
-0.00480129
-0.00709798
0.00986852
-0.0064423
0.00200797
0.00309476
-0.00142685
-0.00958516
0.00303397
0.00401706
-0.00734012
0.00201275
0.00797761
-0.0151254
0.00669088
0.003556
0.00143419
0.00417723
0.00321199
0.0231255
0.00753729
0.000610734
-0.00779972
-0.0180001
-0.00429916
-0.0187592
-0.0269268
-0.0236084
-0.00369231
0.0137586
0.0329495
0.0417516
0.0379376
0.00657163
-0.00800067
-0.0154851
-0.0132832
-0.0568963
-0.0253396
-0.00218208
-0.0484134
-0.0207767
-0.0043991
0.00547805
0.00474045
0.0329066
0.0281452
0.0140891
0.0109015
0.0037842
-0.00894632
-0.0091386
0.00893471
0.0138756
0.00624513
-0.0014348
-0.00835329
0.00509927
-0.0306129
-0.0224555
0.0107426
-0.00213374
-0.00735322
-0.0198658
0.0240835
0.0151954
-0.00584405
-0.0196286
-0.0179636
-0.0242758
0.00221603
-0.0221562
0.0297218
0.0206939
0.00949174
0.00903431
-0.0014048
-0.0162704
-0.0271053
-0.010583
-0.00442598
-0.00879698
0.0027404
0.00615723
0.00585809
0.00241132
-0.00259702
-0.0103054
0.00476124
0.0203729
0.000560075
0.00148217
-0.0168173
-0.00489274
-0.0104358
0.0108652
0.0131802
0.019737
0.0054863
0.00143648
-0.0185092
0.00957912
0.0145819
0.00142196
-0.00874935
0.0116328
0.00582832
0.00865987
-0.000756132
0.00471892
-0.00400921
-0.0198825
-0.0177971
-0.000691305
-0.011142
0.0235205
-0.0110589
-0.000825915
0.0015984
-0.0229602
-0.01975
-0.0140493
-0.0106118
0.00436314
0.000800975
0.00426772
0.00363277
0.0092778
-0.0067759
-0.0151772
-0.0414354
-0.0595697
-0.0811445
-0.109579
-0.100967
-0.135143
-0.164491
-0.116862
-0.204338
-0.196776
-0.221725
-0.235986
-0.287423
-0.324528
-0.289169
-0.289826
-0.325314
-0.314817
-0.311452
-0.368148
-0.444514
-0.554847
-0.6246
-0.653932
-0.713657
-0.720394
-0.662187
-0.586691
-0.551153
-0.521558
-0.511395
-0.523175
-0.490379
-0.497831
-0.455498
-0.407425
-0.394922
-0.390145
-0.37905
-0.410189
-0.503367
-0.500678
-0.478562
-0.482501
-0.509465
-0.523564
-0.499322
-0.525841
-0.531225
-0.538698
-0.569696
-0.566092
-0.569015
-0.581406
-0.59256
-0.540784
-0.523047
-0.531877
-0.55989
-0.587403
-0.600489
-0.585262
-0.591338
-0.60983
-0.570752
-0.562228
-0.50701
-0.488637
-0.506723
-0.534218
-0.553893
-0.582175
-0.595117
-0.599756
-0.606934
-0.629029
-0.607468
-0.613381
-0.65368
-0.61965
-0.616795
-0.625822
-0.610625
-0.61008
-0.640965
-0.608851
-0.604269
-0.557346
-0.516349
-0.541956
-0.565386
-0.607597
-0.582437
-0.57309
-0.571577
-0.551716
-0.550838
-0.538721
-0.530012
-0.520741
-0.533382
-0.543881
-0.598886
-0.600726
-0.624683
-0.643198
-0.628858
-0.619696
-0.618788
-0.584349
-0.569007
-0.593114
-0.589561
-0.585899
-0.564939
-0.565503
-0.584305
-0.559696
-0.531215
-0.534745
-0.555816
-0.556754
-0.586101
-0.592253
-0.586379
-0.554909
-0.585765
-0.583545
-0.570002
-0.567708
-0.536882
-0.527601
-0.54603
-0.54834
-0.543815
-0.548131
-0.533349
-0.50017
-0.480611
-0.47984
-0.400163
-0.394569
-0.422126
-0.385246
-0.366357
-0.392387
-0.362862
-0.394312
-0.420685
-0.41448
-0.41382
-0.450926
-0.481538
-0.408008
-0.446979
-0.495838
-0.466994
-0.427366
-0.456435
-0.459116
-0.472595
-0.440656
-0.448484
-0.489754
-0.449645
-0.448393
-0.462956
-0.428384
-0.447696
-0.438225
-0.443406
-0.444567
-0.449998
-0.430683
-0.467968
-0.46284
-0.448491
-0.450946
-0.465325
-0.44836
-0.468896
-0.472137
-0.43787
-0.453947
-0.457832
-0.452682
-0.432357
-0.472494
-0.502437
-0.517448
-0.519059
-0.484099
-0.473117
-0.504328
-0.474535
-0.492813
-0.425183
-0.452152
-0.497023
-0.495153
-0.465255
-0.505943
-0.463307
-0.494555
-0.474744
-0.450934
-0.45463
-0.455925
-0.443258
-0.432741
-0.446312
-0.460089
-0.47458
-0.474267
-0.47846
-0.481923
-0.482475
-0.477841
-0.496886
-0.481221
-0.492531
-0.473499
-0.483785
-0.493568
-0.487815
-0.475427
-0.498333
-0.503408
-0.51888
-0.490789
-0.476563
-0.464006
-0.455102
-0.452691
-0.458256
-0.451174
-0.513441
-0.464977
-0.454543
-0.456505
-0.510725
-0.536359
-0.468228
-0.450298
-0.442906
-0.474726
-0.490666
-0.466226
-0.463381
-0.4996
-0.538516
-0.528451
-0.511904
-0.498409
-0.474508
-0.506658
-0.508643
-0.508365
-0.481866
-0.428376
-0.488977
-0.495697
-0.514657
-0.499003
-0.448857
-0.493681
-0.499973
-0.529492
-0.51699
-0.505514
-0.481965
-0.468423
-0.496277
-0.484017
-0.541765
-0.521452
-0.55163
-0.50426
-0.490541
-0.501687
-0.467674
-0.534007
-0.454841
-0.474385
-0.444631
-0.457387
-0.460693
-0.422923
-0.421536
-0.448992
-0.448194
-0.405644
-0.466039
-0.428296
-0.350592
-0.428477
-0.438946
-0.335929
-0.393857
-0.40986
-0.440834
-0.475341
-0.459733
-0.457114
-0.460782
-0.527562
-0.492028
-0.487988
-0.49178
-0.429762
-0.424524
-0.41706
-0.406523
-0.433476
-0.405314
-0.394908
-0.412129
-0.413522
-0.399126
-0.417497
-0.395465
-0.393057
-0.383858
-0.380151
-0.365598
-0.349409
-0.405517
-0.403235
-0.410136
-0.454066
-0.468445
-0.411263
-0.458691
-0.472473
-0.443175
-0.448951
-0.48851
-0.493939
-0.4716
-0.420332
-0.42558
-0.455168
-0.464647
-0.458998
-0.504645
-0.50454
-0.489879
-0.453587
-0.445778
-0.447706
-0.437009
-0.426641
-0.45265
-0.421706
-0.391502
-0.4641
-0.458809
-0.388563
-0.429524
-0.412135
-0.37852
-0.436386
-0.423045
-0.370379
-0.407166
-0.443892
-0.399999
-0.473032
-0.4968
-0.483921
-0.438907
-0.473868
-0.496823
-0.487404
-0.480799
-0.445845
-0.44761
-0.459999
-0.454672
-0.435839
-0.445148
-0.419311
-0.464366
-0.448337
-0.473775
-0.448657
-0.450484
-0.422184
-0.432936
-0.429324
-0.442631
-0.448922
-0.200326
-0.166961
-0.206474
-0.144238
-0.11375
-0.158214
-0.20612
-0.161273
-0.177587
-0.131356
-0.120666
-0.0543426
-0.0653549
-0.038838
-0.0497143
-0.0420528
-0.029322
-0.050536
-0.0800495
-0.0822822
-0.0991918
-0.0885014
-0.0666038
-0.0472489
-0.052654
-0.0542879
-0.0212605
-0.0456512
-0.0340068
-0.0157885
-0.000123877
0.00563002
0.00687189
0.00661243
-0.00616219
0.0036669
0.00711878
0.02381
0.0100313
0.0189403
0.00272529
0.0151422
0.0124919
0.0202258
0.00673763
0.0274351
0.0176592
0.0155594
-0.00642433
-0.0157296
0.00284958
0.00774465
-0.00233148
-0.00898926
-0.0108469
0.00551444
-0.00527974
0.0110603
0.00587485
0.00867004
0.00679503
0.0207116
-0.0155152
0.0109207
0.00739778
0.0152951
0.0180007
-0.00628866
0.00503374
-0.0013836
0.00412695
-0.00205631
0.000266187
0.00632019
-0.00755944
0.00408931
-0.00307584
-0.0036614
-0.0111989
-0.0159489
-0.0161099
0.00284682
-0.0136861
-0.0157831
-0.0065623
0.00737549
0.001486
-0.00614662
-0.00236808
-0.0103302
-0.0122255
0.00576492
-5.61198e-05
-0.00236193
-0.000372029
0.00174098
0.0124364
-0.0180213
-0.00759083
-0.0046529
-0.0200917
-0.0115819
-0.009064
-0.00529246
0.00712526
-0.00996511
-0.0340787
-0.00916621
-0.0116886
-0.0239868
-0.0050708
-0.0229967
-0.00115678
-0.00718153
0.0107965
0.0158074
-0.00102017
0.00813321
0.0130102
0.0248502
0.0167152
-0.00328737
0.0283046
0.0287289
0.0385164
0.0319445
0.0765299
0.0589249
0.0494663
0.0553011
0.0779536
0.0494869
0.0130294
-0.0193703
0.0112375
-0.00580628
0.00128242
0.0828428
0.071863
0.0620572
0.112009
0.118608
0.109064
0.113603
0.158628
0.0974977
0.108319
0.0832978
0.0904054
0.0619604
0.0560394
0.0436167
0.00569664
0.0499914
0.0587317
0.0806042
0.0847753
0.0615253
0.0751334
0.0521418
0.0485006
0.081213
0.0622438
0.0372279
0.145175
0.11571
0.0699433
0.067706
0.086194
0.0663449
0.0189046
-0.00582466
0.0327223
0.0337429
0.0754089
0.065465
0.104798
0.106463
0.10952
0.11819
0.179483
0.169367
0.163494
0.155826
0.17909
0.172687
0.227176
0.244582
0.238391
0.244575
0.276995
0.300673
0.285936
0.292763
0.314888
0.35098
0.325533
0.313292
0.343677
0.322129
0.336772
0.314538
0.323592
0.267334
0.278433
0.259697
0.246208
0.236068
0.263408
0.30201
0.286183
0.298055
0.305705
0.348906
0.36924
0.355718
0.424385
0.392734
0.426389
0.402365
0.413134
0.472293
0.399521
0.398494
0.379273
0.355062
0.373338
0.393992
0.379186
0.393241
0.416565
0.444091
0.43887
0.438581
0.424867
0.426443
0.423602
0.424078
0.436792
0.363664
0.316228
0.350689
0.391215
0.408448
0.392653
0.412607
0.459785
0.475375
0.478854
0.446589
0.496022
0.484166
0.521029
0.456012
0.385222
0.414309
0.392309
0.368298
0.387381
0.419582
0.452915
0.445799
0.451045
0.435826
0.450026
0.465793
0.459922
0.406125
0.431172
0.363764
0.399294
0.439941
0.429199
0.496176
0.505355
0.501955
0.494585
0.512541
0.497559
0.509075
0.47236
0.404195
0.37855
0.431825
0.401349
0.416705
0.449963
0.480101
0.430036
0.455869
0.465088
0.429624
0.393908
0.406382
0.403846
0.350609
0.34192
0.389553
0.431004
0.415581
0.430519
0.494237
0.523174
0.543487
0.517614
0.500941
0.526917
0.481459
0.473683
0.391801
0.4451
0.429723
0.429835
0.455624
0.454474
0.485207
0.412994
0.472781
0.443658
0.43845
0.388262
0.423588
0.328068
0.356739
0.30546
0.287469
0.301797
0.273409
0.278007
0.254763
0.214998
0.166846
0.180182
0.130177
0.138538
0.140003
0.181334
0.241724
0.284091
0.276311
0.314645
0.340663
0.411452
0.390242
0.326295
0.408811
0.446103
0.439494
0.443919
0.4461
0.453469
0.432533
0.488032
0.448868
0.398654
0.412169
0.372701
0.274075
0.316383
0.216317
0.225023
0.21823
0.149987
0.179955
0.195308
0.134983
0.0948161
0.140175
0.100976
0.0892997
0.0499421
0.0475101
0.0294531
0.0261399
0.012314
0.00146659
-0.000338775
-0.0283804
-0.0174061
-0.0413928
-0.0489509
-0.0470693
-0.0342926
-0.0357262
-0.0244621
0.00449267
-0.00522521
-0.0125168
-0.0129631
-0.00423657
0.0122563
0.0222182
0.0413685
0.0356264
0.0348132
0.0209654
0.0220442
0.0136769
0.00742323
-0.0124267
-0.00577292
-0.010425
-0.00124774
-0.0139354
-0.018683
-0.016146
-0.0480031
-0.0339923
-0.0764142
-0.0529742
-0.0497087
-0.0796167
-0.11121
-0.114731
-0.0647058
-0.0587986
-0.0434903
-0.0300083
-0.0181564
-0.00414807
-0.0180429
-0.00933005
-0.0018483
0.00117116
-0.00137014
0.00931347
-0.0198193
-0.0164848
-0.0132369
0.00493784
0.00445382
-0.018734
0.0136712
-0.00465545
-0.0133461
-0.00287635
-0.00769854
0.00471852
-0.00780604
-0.0100692
0.0126899
-0.00594232
-0.00337757
0.00902021
0.0150576
0.0167316
0.018625
0.0238313
0.0121293
-0.000930693
0.0112654
-0.00450519
0.00105259
0.0180966
0.0128785
-0.00544196
0.00689263
-0.00572099
0.0108849
0.0067751
0.00147735
0.0191983
0.00291785
-0.0127773
0.0290358
0.0177943
-0.00126446
-0.0163083
0.00746377
-0.015005
-0.00123533
0.00643459
-0.0130396
0.0105509
-0.00692426
-0.0103653
-0.0214219
-0.0212864
-0.000863462
-0.00624779
0.0069458
0.004161
0.0029586
-0.0108095
0.00783402
-0.0154073
-0.00731477
-0.0128588
0.0134319
0.0216895
0.016398
0.00204793
0.00263866
0.0043287
-0.0056716
-0.0250539
0.0116823
0.00577201
-0.0101705
-0.00732324
0.00728966
0.00147619
-0.00773779
-0.00125182
-0.00895
-0.0121672
-0.00513859
0.0215485
