-0.63583
-0.635887
-0.635836
-0.635866
-0.635861
-0.635859
-0.635827
-0.635841
-0.635792
-0.635839
-0.635915
-0.635867
-0.635852
-0.635798
-0.635765
-0.63585
-0.635869
-0.635881
-0.635891
-0.635884
-0.635913
-0.635821
-0.635865
-0.635915
-0.635824
-0.635828
-0.635882
-0.635862
-0.635814
-0.635863
-0.63589
-0.635853
-0.635847
-0.635901
-0.635874
-0.635874
-0.635889
-0.635882
-0.635891
-0.635899
-0.635832
-0.635819
-0.635781
-0.635852
-0.635842
-0.635908
-0.635828
-0.635869
-0.635897
-0.635807
-0.635833
-0.635906
-0.635924
-0.635877
-0.635871
-0.635847
-0.635857
-0.635871
-0.635882
-0.635818
-0.635881
-0.635884
-0.635878
-0.635862
-0.635848
-0.635853
-0.635864
-0.635829
-0.635853
-0.635903
-0.63586
-0.635843
-0.635858
-0.635853
-0.635904
-0.635833
-0.63587
-0.635839
-0.635871
-0.635839
-0.635844
-0.635801
-0.635894
-0.635864
-0.635821
-0.635865
-0.635832
-0.635822
-0.635863
-0.635854
-0.635842
-0.635866
-0.635887
-0.63588
-0.635863
-0.635841
-0.635847
-0.635833
-0.63589
-0.635831
-0.635865
-0.635837
-0.635939
-0.635837
-0.635911
-0.635866
-0.635882
-0.635896
-0.635789
-0.635866
-0.635868
-0.635862
-0.635842
-0.635885
-0.635823
-0.635868
-0.63585
-0.63584
-0.635865
-0.635867
-0.635885
-0.635858
-0.635866
-0.635798
-0.635798
-0.635917
-0.635865
-0.635933
-0.635861
-0.635903
-0.635902
-0.635917
-0.635976
-0.635949
-0.635984
-0.635981
-0.63597
-0.635981
-0.63596
-0.636002
-0.636041
-0.635961
-0.635931
-0.635982
-0.635987
-0.636
-0.635966
-0.635961
-0.635938
-0.636048
-0.636007
-0.636011
-0.63608
-0.636099
-0.636127
-0.6361
-0.636081
-0.63615
-0.636071
-0.636069
-0.636082
-0.636071
-0.636041
-0.636029
-0.636029
-0.635915
-0.636005
-0.635987
-0.635985
-0.635942
-0.636022
-0.636017
-0.635996
-0.636017
-0.63605
-0.636057
-0.636182
-0.636176
-0.636207
-0.636242
-0.636224
-0.636462
-0.636693
-0.636857
-0.63694
-0.63698
-0.636949
-0.636952
-0.636937
-0.637212
-0.637712
-0.638111
-0.638264
-0.63846
-0.638565
-0.638751
-0.639034
-0.639285
-0.639439
-0.63958
-0.639949
-0.640507
-0.641487
-0.642672
-0.643687
-0.644884
-0.646253
-0.647586
-0.64913
-0.650363
-0.651875
-0.653459
-0.655304
-0.657179
-0.659329
-0.661516
-0.663822
-0.666387
-0.668868
-0.671547
-0.674247
-0.677128
-0.679987
-0.682919
-0.685687
-0.688375
-0.693959
-0.697049
-0.700411
-0.70382
-0.707262
-0.710529
-0.713599
-0.716629
-0.719459
-0.722497
-0.725347
-0.728249
-0.731124
-0.734142
-0.73724
-0.740691
-0.744176
-0.748054
-0.751998
-0.756039
-0.760303
-0.764602
-0.7691
-0.773548
-0.77812
-0.782464
-0.786653
-0.790904
-0.795212
-0.799533
-0.803989
-0.80853
-0.812952
-0.817645
-0.822265
-0.826995
-0.831694
-0.836305
-0.840745
-0.844977
-0.848822
-0.85248
-0.858765
-0.861537
-0.864085
-0.866328
-0.868343
-0.869935
-0.870915
-0.871573
-0.871908
-0.871826
-0.871686
-0.871384
-0.871166
-0.870772
-0.870394
-0.870119
-0.869835
-0.869654
-0.869543
-0.869402
-0.869426
-0.869377
-0.869446
-0.869443
-0.869518
-0.869523
-0.869537
-0.86949
-0.869506
-0.869526
-0.869532
-0.869554
-0.869535
-0.86956
-0.869493
-0.86947
-0.869394
-0.869371
-0.869355
-0.869295
-0.869316
-0.869328
-0.869388
-0.869278
-0.868865
-0.868333
-0.867767
-0.867181
-0.86642
-0.865654
-0.864644
-0.863611
-0.862395
-0.860946
-0.859388
-0.857817
-0.855969
-0.853956
-0.851775
-0.84966
-0.847291
-0.845098
-0.842662
-0.840386
-0.838056
-0.835691
-0.833274
-0.830887
-0.828119
-0.825028
-0.822407
-0.820104
-0.817897
-0.816003
-0.814588
-0.813452
-0.812876
-0.812879
-0.813374
-0.814371
-0.815301
-0.816058
-0.81721
-0.818885
-0.821162
-0.823513
-0.826179
-0.829136
-0.832667
-0.840814
-0.845894
-0.851422
-0.857583
-0.864067
-0.870917
-0.877999
-0.885303
-0.892738
-0.900298
-0.908019
-0.915819
-0.923741
-0.931728
-0.939745
-0.948121
-0.95643
-0.964768
-0.973215
-0.981491
-0.989696
-0.997686
-1.0054
-1.01283
-1.02028
-1.02747
-1.03453
-1.04166
-1.04883
-1.05598
-1.0633
-1.07083
-1.07844
-1.08601
-1.09369
-1.10121
-1.10906
-1.11694
-1.12475
-1.13262
-1.14053
-1.14845
-1.16444
-1.17256
-1.18071
-1.18911
-1.19735
-1.20573
-1.21417
-1.22258
-1.23103
-1.23976
-1.24824
-1.25676
-1.26515
-1.27345
-1.28185
-1.29021
-1.29843
-1.30653
-1.31476
-1.32279
-1.33093
-1.33888
-1.3469
-1.35492
-1.36313
-1.3712
-1.37925
-1.3873
-1.39522
-1.40309
-1.41091
-1.41884
-1.4268
-1.43486
-1.44272
-1.45043
-1.45811
-1.46556
-1.47315
-1.48061
-1.4953
-1.50274
-1.51005
-1.51741
-1.52473
-1.53169
-1.5384
-1.54493
-1.55125
-1.55744
-1.56363
-1.56958
-1.57535
-1.58111
-1.5867
-1.59226
-1.59786
-1.60349
-1.60939
-1.61542
-1.62141
-1.62749
-1.63348
-1.63927
-1.64497
-1.65038
-1.65547
-1.66036
-1.66526
-1.66987
-1.67419
-1.67817
-1.68214
-1.68567
-1.68907
-1.69202
-1.69467
-1.69887
-1.70019
-1.70068
-1.70131
-1.70188
-1.70267
-1.7033
-1.70378
-1.70409
-1.70458
-1.70518
-1.70611
-1.70741
-1.70956
-1.71187
-1.71331
-1.71469
-1.71597
-1.71726
-1.71849
-1.71912
-1.71923
-1.71918
-1.71919
-1.71897
-1.71859
-1.71834
-1.71825
-1.71816
-1.71795
-1.71778
-1.71756
-1.71742
-1.71752
-1.71758
-1.71763
-1.71752
-1.71741
-1.71696
-1.71663
-1.71649
-1.71646
-1.71655
-1.7165
-1.71646
-1.7165
-1.71637
-1.71606
-1.71573
-1.71571
-1.71555
-1.71553
-1.71557
-1.71541
-1.71486
-1.71418
-1.71337
-1.71245
-1.71197
-1.71145
-1.71121
-1.71096
-1.71079
-1.71057
-1.71031
-1.7099
-1.70967
-1.70936
-1.70925
-1.70908
-1.70898
-1.70893
-1.70893
-1.70895
-1.70909
-1.70918
-1.70928
-1.7094
-1.70944
-1.70942
-1.70938
-1.70937
-1.70923
-1.70914
-1.7091
-1.70907
-1.70893
-1.70883
-1.70876
-1.70849
-1.70828
-1.70812
-1.70802
-1.708
-1.70778
-1.70778
-1.70774
-1.70772
-1.70775
-1.70777
-1.7078
-1.70777
-1.70766
-1.70757
-1.70743
-1.70715
-1.70686
-1.70664
-1.70634
-1.70605
-1.70557
-1.70524
-1.70494
-1.70456
-1.70431
-1.70395
-1.70366
-1.70359
-1.70344
-1.70339
-1.7034
-1.70342
-1.70342
-1.70346
-1.70343
-1.70349
-1.70348
-1.7034
-1.70341
-1.70326
-1.70312
-1.70297
-1.70287
-1.70274
-1.70255
-1.70249
-1.70246
-1.70248
-1.70246
-1.7024
-1.70236
-1.70243
-1.70238
-1.70239
-1.70231
-1.70237
-1.7023
-1.70231
-1.70229
-1.70232
-1.70225
-1.70221
-1.70223
-1.70208
-1.70206
-1.70195
-1.70188
-1.7017
-1.70158
-1.70139
-1.70135
-1.70117
-1.70096
-1.70084
-1.70068
-1.70055
-1.70049
-1.70043
-1.70024
-1.70013
-1.70009
-1.70001
-1.70003
-1.69999
-1.69993
-1.70001
-1.69995
-1.69994
-1.69999
-1.69992
-1.69996
-1.69992
-1.69989
-1.69987
-1.69981
-1.69969
-1.69967
-1.69962
-1.69952
-1.69934
-1.6992
-1.69911
-1.69902
-1.69887
-1.69872
-1.69854
-1.69838
-1.69819
-1.69804
-1.69782
-1.69756
-1.69721
-1.69697
-1.69667
-1.69628
-1.69606
-1.6958
-1.69545
-1.69535
-1.69527
-1.69518
-1.69507
-1.69486
-1.69465
-1.69454
-1.69432
-1.69398
-1.6937
-1.69326
-1.69264
-1.6917
-1.69033
-1.68915
-1.6877
-1.68581
-1.6838
-1.68191
-1.67989
-1.6779
-1.67624
-1.67481
-1.67361
-1.67281
-1.67201
-1.67124
-1.67053
-1.66996
-1.66934
-1.66877
-1.66827
-1.66777
-1.66718
-1.6666
-1.66597
-1.66524
-1.6645
-1.66342
-1.66213
-1.66058
-1.65898
-1.65729
-1.65531
-1.6532
-1.64891
-1.64647
-1.64395
-1.64136
-1.63877
-1.63609
-1.63336
-1.63054
-1.62775
-1.62496
-1.62209
-1.61924
-1.61629
-1.61361
-1.61088
-1.60843
-1.60624
-1.60435
-1.60274
-1.60131
-1.60018
-1.59924
-1.59873
-1.59842
-1.59831
-1.59826
-1.59819
-1.59828
-1.59827
-1.59822
-1.59809
-1.59785
-1.59757
-1.59699
-1.59612
-1.59527
-1.59428
-1.59309
-1.59182
-1.59039
-1.58726
-1.58521
-1.58296
-1.58096
-1.57945
-1.57745
-1.57554
-1.57362
-1.57178
-1.56943
-1.56722
-1.56473
-1.56263
-1.56053
-1.55873
-1.55717
-1.55586
-1.55463
-1.55348
-1.55239
-1.55149
-1.55047
-1.54956
-1.54875
-1.54796
-1.54701
-1.54614
-1.54527
-1.54454
-1.54387
-1.54316
-1.54264
-1.54156
-1.54103
-1.54005
-1.53879
-1.53767
-1.53662
-1.53568
-1.5351
-1.53402
-1.53343
-1.53269
-1.53188
-1.53092
-1.52985
-1.52859
-1.52719
-1.52559
-1.52386
-1.52184
-1.51933
-1.51652
-1.51346
-1.51038
-1.50706
-1.50369
-1.50014
-1.49684
-1.49384
-1.4913
-1.48893
-1.48686
-1.485
-1.48316
-1.48154
-1.47987
-1.47831
-1.47672
-1.47499
-1.47321
-1.47138
-1.46961
-1.46787
-1.4662
-1.46463
-1.46322
-1.46212
-1.46106
-1.46021
-1.45956
-1.45835
-1.45768
-1.45716
-1.45704
-1.45704
-1.45708
-1.45713
-1.45704
-1.45707
-1.45707
-1.45705
-1.45703
-1.4569
-1.45652
-1.45603
-1.4552
-1.45443
-1.45409
-1.45412
-1.4541
-1.45415
-1.45436
-1.45454
-1.45472
-1.4548
-1.45473
-1.45464
-1.4545
-1.45434
-1.45418
-1.45405
-1.4538
-1.45328
-1.45251
-1.4516
-1.45079
-1.45008
-1.44927
-1.44861
-1.44808
-1.44764
-1.44753
-1.4475
-1.44756
-1.4477
-1.44793
-1.44804
-1.44809
-1.44819
-1.44811
-1.44818
-1.44817
-1.44813
-1.44818
-1.44829
-1.44859
-1.44859
-1.44857
-1.44868
-1.44883
-1.44906
-1.44932
-1.4497
-1.45008
-1.45034
-1.45048
-1.45053
-1.4505
-1.4505
-1.45042
-1.45039
-1.4502
-1.44997
-1.4497
-1.44898
-1.44841
-1.44786
-1.44747
-1.44706
-1.44662
-1.44598
-1.44501
-1.44418
-1.44332
-1.4423
-1.4402
-1.43931
-1.43839
-1.43743
-1.43634
-1.43537
-1.43432
-1.4332
-1.43189
-1.43049
-1.42917
-1.42766
-1.42615
-1.425
-1.42383
-1.42278
-1.4219
-1.42111
-1.42028
-1.4194
-1.41838
-1.41749
-1.41648
-1.41539
-1.41405
-1.41292
-1.41159
-1.41057
-1.40979
-1.40884
-1.40765
-1.40632
-1.40504
-1.40371
-1.4022
-1.40056
-1.39867
-1.39671
-1.39502
-1.39329
-1.39146
-1.39017
-1.38876
-1.38721
-1.38554
-1.38181
-1.37977
-1.3778
-1.37557
-1.37314
-1.37051
-1.36767
-1.36499
-1.36183
-1.35862
-1.35501
-1.35106
-1.34687
-1.34245
-1.33781
-1.33289
-1.32793
-1.32289
-1.31785
-1.31267
-1.30719
-1.30176
-1.29616
-1.29073
-1.28556
-1.28048
-1.27561
-1.2708
-1.26617
-1.26185
-1.2576
-1.2534
-1.24924
-1.24519
-1.24108
-1.23702
-1.23287
-1.22891
-1.22462
-1.22036
-1.21577
-1.21133
-1.20673
-1.19713
-1.1924
-1.18782
-1.18329
-1.17862
-1.17388
-1.16887
-1.1637
-1.15861
-1.1533
-1.14788
-1.14262
-1.13726
-1.13183
-1.1263
-1.12093
-1.11535
-1.10994
-1.10442
-1.09873
-1.093
-1.08706
-1.08095
-1.07475
-1.06851
-1.06203
-1.05571
-1.04927
-1.04293
-1.03648
-1.0298
-1.023
-1.01605
-1.00917
-1.00209
-0.99499
-0.987622
-0.980114
-0.972703
-0.965187
-0.958139
-0.951138
-0.944427
-0.938043
-0.931883
-0.926169
-0.916022
-0.911025
-0.906052
-0.901222
-0.896686
-0.892252
-0.887814
-0.883388
-0.878661
-0.874151
-0.869341
-0.864295
-0.859641
-0.855079
-0.850588
-0.846102
-0.841902
-0.838102
-0.834293
-0.830403
-0.826472
-0.822551
-0.818864
-0.815245
-0.811746
-0.80822
-0.804834
-0.801892
-0.79879
-0.796026
-0.793174
-0.790216
-0.787129
-0.784099
-0.781001
-0.778026
-0.774827
-0.771629
-0.767818
-0.763631
-0.758877
-0.753754
-0.742091
-0.735953
-0.729694
-0.723395
-0.71651
-0.709012
-0.701122
-0.692607
-0.683601
-0.674239
-0.664827
-0.655756
-0.646649
-0.637492
-0.628809
-0.619523
-0.610518
-0.601537
-0.592318
-0.583219
-0.574292
-0.565234
-0.55599
-0.546822
-0.537374
-0.527823
-0.518592
-0.509415
-0.500348
-0.491338
-0.482471
-0.473848
-0.46532
-0.456826
-0.448549
-0.440152
-0.431695
-0.42326
-0.414817
-0.406234
-0.397816
-0.389522
-0.373087
-0.365113
-0.357176
-0.349218
-0.341469
-0.333466
-0.32562
-0.317856
-0.310102
-0.302379
-0.294921
-0.287328
-0.279793
-0.272571
-0.265387
-0.25837
-0.251473
-0.244431
-0.237478
-0.230425
-0.22335
-0.216286
-0.208995
-0.201712
-0.194333
-0.187058
-0.179797
-0.172573
-0.165337
-0.157841
-0.15044
-0.142663
-0.134917
-0.12692
-0.118913
-0.110747
-0.102632
-0.0945914
-0.0864818
-0.0782403
-0.0697674
-0.0524779
-0.0438261
-0.0352126
-0.026805
-0.0185284
-0.0101839
-0.00189889
0.00661715
0.0150971
0.02364
0.0321777
0.0406239
0.0490495
0.0576247
0.0659201
0.0745578
0.0831119
0.0918213
0.10067
0.109518
0.118601
0.127589
0.136496
0.145483
0.154512
0.163378
0.17237
0.18137
0.190236
0.199332
0.208181
0.216939
0.22556
0.234353
0.243088
0.25193
0.260995
0.269877
0.27884
0.28795
0.296907
0.314911
0.323916
0.332785
0.341619
0.350361
0.358972
0.367649
0.37623
0.384914
0.393588
0.401919
0.409998
0.417989
0.425958
0.43406
0.442157
0.450321
0.458477
0.466634
0.474835
0.482781
0.49075
0.498449
0.506444
0.514192
0.522068
0.529874
0.537776
0.545694
0.553602
0.561511
0.569063
0.576642
0.584243
0.591746
0.59929
0.606989
0.614599
0.62183
0.62857
0.635344
0.641945
0.648425
0.654424
0.660257
0.671479
0.676755
0.681973
0.687011
0.691641
0.6961
0.700471
0.704608
0.708323
0.711688
0.714434
0.716694
0.718568
0.71985
0.721112
0.722214
0.723319
0.724622
0.725689
0.726702
0.727602
0.728422
0.729228
0.729866
0.730315
0.730874
0.73157
0.732494
0.733672
0.734919
0.736371
0.737838
0.739469
0.741095
0.742567
0.743799
0.744732
0.74554
0.746108
0.746371
0.746494
0.746589
0.746695
0.74682
0.746981
0.747159
0.747489
0.74747
0.747385
0.747097
0.746719
0.746415
0.745998
0.745724
0.745616
0.74548
0.745417
0.745405
0.745651
0.74569
0.74572
0.745709
0.74574
0.745795
0.745919
0.745998
0.746156
0.746255
0.746485
0.746591
0.746795
0.746875
0.747008
0.7471
0.74724
0.747251
0.747213
0.747207
0.747146
0.747065
0.746995
0.746917
0.746791
0.746641
0.746594
0.746569
0.746465
0.746441
0.74644
0.746527
0.746451
0.746567
0.746547
0.746619
0.746539
0.74656
0.746578
0.746609
0.7466
0.746582
0.74665
0.746644
0.746681
0.746691
0.746702
0.746795
0.746809
0.746849
0.746841
0.746901
0.746898
0.746887
0.746911
0.746953
0.746906
0.746939
0.746927
0.747008
0.746889
0.746906
0.746849
0.746827
0.746928
0.746814
0.746836
0.746848
0.746799
0.746863
0.746827
0.746796
0.746762
0.746803
0.746844
0.74684
0.746832
0.746868
0.746862
0.746864
0.746823
0.746887
0.746846
0.746891
0.746873
0.746876
0.746846
0.746877
0.746845
0.746885
0.746815
0.746901
0.746836
0.746854
0.746937
0.746905
0.74681
0.746869
0.746851
0.746843
0.746877
0.746865
0.746848
0.746836
0.746877
0.74683
0.746887
0.746824
0.746884
0.746903
0.746871
0.746843
0.746819
0.746879
0.746913
0.746847
0.746842
0.746877
0.746847
0.746886
0.746848
0.746888
0.746878
0.74691
0.746824
0.746857
0.746855
0.746855
0.746889
0.746849
0.746843
0.746902
0.746816
0.746882
0.74685
0.746816
0.746908
0.746827
0.74684
0.746881
0.746898
0.746849
0.746866
0.746872
0.74683
0.746867
0.746887
0.746827
0.746892
0.746864
0.746905
0.746879
0.746901
0.746874
0.746836
0.746865
0.746867
0.746916
0.746911
0.746838
0.746843
0.746896
0.746812
0.746849
0.74686
0.746844
0.746839
0.74686
0.746843
0.74684
0.74682
0.74684
0.746855
0.746859
0.746903
0.74684
0.746859
0.746866
0.746907
0.746873
0.746876
0.746851
0.74686
0.746878
0.746859
0.746863
0.746861
0.746833
0.746871
0.746869
0.746857
0.746894
0.746847
0.746823
0.746883
0.746906
0.746823
0.746871
0.746831
0.746834
0.746842
0.746852
0.746819
0.746826
0.746857
0.746887
0.74686
0.746862
0.746859
0.746865
0.746845
0.746836
0.746852
0.746841
0.746875
0.746862
0.746899
0.746853
0.746834
0.746875
0.746881
0.746836
0.746888
0.746873
0.746842
0.746883
0.746874
0.746884
0.746889
0.746843
0.746855
