0.0106631
0.00690239
-0.0116701
-0.006588
0.0129298
0.00129545
8.72649e-05
0.0123185
0.0168897
0.0216877
-0.0188568
-0.0072955
-0.00540189
0.0181146
0.0264083
0.0133462
-0.00912685
-0.0087036
-0.0134
-0.00890761
-0.00394097
0.0208729
0.0132255
-0.0260888
0.0107307
0.015931
-0.0123432
-0.0080093
0.00914567
0.0028351
-0.00732124
-0.00890753
-0.000822925
-0.0118135
0.00137539
0.00593212
-0.0132731
-0.0102965
-0.0132027
-0.00680944
0.00947554
0.00893936
0.0391801
0.00403664
-0.001781
-0.0161612
0.00366367
0.00276892
-0.00643807
0.00725495
0.00942123
-0.0182455
-0.0182849
0.00196403
-0.00246832
0.00241066
0.00608476
-0.00239482
-0.00423649
0.0162336
9.90629e-05
-0.00748786
-0.012647
-0.0156463
-0.00282187
0.0113799
0.00320766
0.00807336
-0.00103182
-0.00696113
0.00820831
-0.00152749
-0.000253232
0.00343191
-0.0106684
0.0132059
-0.0034639
0.011978
0.00815381
0.0106947
0.012976
0.0105157
-0.00529067
0.000962636
0.0219912
-0.00694232
0.016745
0.00271053
-0.000174369
0.00197819
0.0113866
-0.00132753
-0.00368819
-0.00892172
0.00432875
0.00900516
-0.00394749
0.00765897
0.00861384
0.0140624
0.00236835
0.011642
-0.0226204
0.00233463
-0.0192244
-0.000838873
-0.00751156
-0.016362
0.0135788
-0.0133781
0.00365636
0.00414019
0.00778895
-0.00111321
-0.00697064
0.0113179
0.0017545
0.00429614
-0.00248216
0.00860471
-0.00860827
0.00367117
0.00452653
0.00962729
0.0200835
-0.0043283
0.0161758
0.000701554
0.00834005
-0.0106561
-0.0114635
-0.00841296
-0.0164848
-0.0015344
-0.00612291
0.00273541
0.00237218
0.0090198
0.00581446
-0.00670498
-0.021912
0.0119519
0.0125067
0.01663
0.000138817
-0.00751018
0.00191347
0.00342065
0.0183874
-0.0105718
-0.00443872
0.00655307
-0.0273376
-0.0173568
-0.0096314
0.00130456
0.00223585
-0.0223568
0.00759815
0.00296133
0.00756406
0.00563571
0.00469412
-0.00231047
-0.0178401
0.0209613
-0.00182938
-0.00295545
0.0117866
-0.00228203
-0.0080625
-0.00308263
0.0117451
-0.00815453
-0.00677779
0.00605336
-0.0225323
0.00240694
-0.010044
-0.0176589
0.0218199
-0.0353122
-0.0362086
-0.0146313
0.00070711
-0.0090053
0.00118697
-0.0102089
-0.00399176
-0.0363057
-0.0431382
-0.0226795
0.000342003
-0.0135824
-0.0284646
-0.0540166
-0.0329061
-0.0457851
-0.0215619
-0.0317746
-0.060231
-0.0725491
-0.11779
-0.134759
-0.0907548
-0.129755
-0.159235
-0.12979
-0.15559
-0.13606
-0.16183
-0.158274
-0.196431
-0.202763
-0.220648
-0.219168
-0.234584
-0.269915
-0.256744
-0.295464
-0.272943
-0.31241
-0.28879
-0.299398
-0.268481
-0.260525
-0.283694
-0.308827
-0.336688
-0.350756
-0.355195
-0.327252
-0.299569
-0.309553
-0.275639
-0.301716
-0.28094
-0.290866
-0.269394
-0.320554
-0.308442
-0.367601
-0.33101
-0.372809
-0.418147
-0.40577
-0.432927
-0.435126
-0.449998
-0.454312
-0.461407
-0.456303
-0.391026
-0.415067
-0.449132
-0.449098
-0.421812
-0.462193
-0.448971
-0.468125
-0.455579
-0.473834
-0.500167
-0.452816
-0.400371
-0.421257
-0.383329
-0.328151
-0.264108
-0.270504
-0.231311
-0.220798
-0.182785
-0.135683
-0.10193
-0.0396665
-0.0260676
0.0260621
0.0192925
0.0078302
0.0348167
0.0398297
0.0301414
0.0302351
0.0368121
0.0238312
0.0077465
0.0258864
-0.00104381
0.00961137
0.00209482
0.00410503
-0.0203038
-0.0123404
-0.00164543
0.0105896
0.00698246
-0.00513511
0.00578248
0.00401541
0.00534426
-0.00512298
0.00464292
0.00202936
0.0248875
0.0267021
0.00664573
0.00598331
0.00652573
0.00738744
-0.00875648
0.0108577
0.0452854
0.054077
0.0584506
0.0611813
0.0943971
0.0943609
0.117076
0.115
0.126786
0.142923
0.164576
0.162102
0.230726
0.205628
0.199712
0.215692
0.242396
0.225341
0.251035
0.236077
0.240665
0.240044
0.236396
0.250907
0.285887
0.311802
0.285637
0.214039
0.201293
0.203194
0.14367
0.0867757
0.0407164
-0.018075
-0.0561818
-0.116361
-0.077186
-0.105212
-0.143226
-0.172778
-0.227957
-0.262291
-0.269738
-0.311002
-0.368167
-0.449699
-0.537711
-0.579213
-0.636512
-0.637621
-0.714472
-0.691544
-0.738263
-0.753863
-0.760828
-0.77266
-0.7644
-0.828538
-0.79732
-0.812043
-0.83948
-0.818787
-0.834975
-0.857918
-0.852835
-0.814692
-0.810484
-0.775387
-0.752157
-0.73281
-0.695042
-0.690046
-0.703179
-0.686202
-0.721968
-0.743145
-0.765728
-0.756416
-0.753054
-0.799693
-0.743981
-0.794555
-0.808189
-0.78667
-0.768124
-0.811776
-0.7786
-0.831341
-0.812368
-0.818803
-0.852738
-0.84629
-0.837273
-0.860971
-0.847058
-0.842423
-0.881925
-0.831622
-0.84342
-0.814441
-0.837314
-0.820017
-0.847539
-0.805903
-0.793768
-0.807645
-0.795184
-0.814145
-0.805474
-0.786101
-0.808542
-0.8362
-0.790113
-0.804141
-0.807597
-0.791708
-0.777176
-0.782656
-0.770977
-0.766392
-0.800782
-0.779109
-0.771147
-0.759021
-0.755378
-0.764769
-0.751163
-0.706944
-0.755472
-0.727015
-0.739647
-0.753321
-0.662784
-0.665139
-0.639669
-0.622759
-0.608316
-0.5881
-0.573442
-0.552545
-0.534722
-0.545246
-0.549536
-0.582564
-0.56283
-0.630928
-0.627831
-0.579236
-0.6179
-0.614537
-0.562022
-0.577253
-0.550468
-0.487331
-0.461305
-0.470558
-0.466828
-0.429051
-0.364291
-0.382745
-0.35632
-0.325314
-0.271508
-0.253707
-0.151213
-0.112812
-0.00895719
-0.0795359
-0.0393449
-0.0820758
-0.0479103
-0.0638751
-0.0419365
-0.0654759
-0.089827
-0.117677
-0.154957
-0.24326
-0.198006
-0.136342
-0.123349
-0.136788
-0.109165
-0.110959
-0.0184659
-0.00976424
-0.0115094
-0.015467
0.0163459
0.0351858
0.0218927
0.0111413
0.0141582
0.0365245
0.0253052
0.00739456
0.016158
-0.0126142
-0.00530267
-0.00898082
0.0245418
0.0306522
0.0427478
0.0260186
0.0198287
0.00847896
-0.00695382
0.00524389
0.00759035
-0.0173281
0.0176364
0.0239655
0.0258394
-0.00785974
0.00250189
0.0222563
-0.00192727
0.0097039
0.0728958
0.0833699
0.0872081
0.101168
0.0441402
0.0223094
0.027152
0.0118441
0.0104514
0.0242485
0.0386342
0.0437369
0.0511199
0.0438976
0.016515
0.00670151
0.0116619
0.0160417
0.00455701
0.0125679
-0.00965218
0.00516112
-0.0141942
-0.00733652
-0.0181469
-0.0202895
0.00870133
-0.00746925
0.0178156
0.0151203
0.00605039
-0.00356357
0.00914255
-0.00483144
-0.00589322
0.00998801
0.0282727
0.00369444
0.0235599
-0.020122
0.0338441
0.0122456
0.00432794
0.00151447
0.00284834
0.00469375
-0.0207277
-0.0157149
-0.00295896
0.011244
-0.00293877
0.0424956
0.027872
0.0270875
0.0436146
0.028507
0.0675119
0.0389459
0.0426324
0.0422422
0.0313474
0.0330473
0.0387313
0.00548585
0.020078
0.0095707
0.00224384
-0.00431316
0.003527
-0.000886319
0.0024443
0.00195344
-0.00567938
0.018437
-0.00192566
0.00527796
0.0258256
0.025079
0.0136476
0.00321392
0.0213691
0.0223339
-0.00106404
-0.0130385
-0.0129006
0.00393634
0.0138791
0.00723202
-0.00455824
-0.000261377
0.000537633
-0.0210837
-0.00592856
0.0134102
-0.00803906
-0.0102661
0.00869529
0.00276562
-0.000569616
0.0195605
0.0174856
0.0154873
0.013294
0.0258476
0.00601386
0.0201499
0.0167561
0.0127697
0.0139113
0.0154004
0.0184283
0.0218553
0.0060191
-0.0101301
0.0195114
0.026983
0.0024969
0.020352
-0.00626323
-0.0111829
0.0214829
-0.00893694
0.00959301
-0.00932506
-0.0157526
0.00174528
0.00022216
0.000867515
0.00679838
0.0142933
0.0181144
0.0231188
-0.000345049
-0.000269719
0.0213116
0.0170592
0.0101896
0.0162817
0.0022812
0.00791206
0.012604
0.016299
0.0140816
0.0291034
0.0234513
0.0214975
0.0378275
0.0453563
0.0131208
0.0306324
0.0505907
0.00770744
0.0262026
0.0127315
0.00892012
-0.00371269
0.00698728
0.0170478
0.0155771
0.0175562
0.00595333
0.00142154
0.0225519
0.0423786
0.0603571
0.0595196
0.122919
0.138669
0.138454
0.169345
0.202411
0.188679
0.205316
0.199956
0.20784
0.151806
0.133509
0.113961
0.0702934
0.0610449
0.076986
0.0754411
0.0521149
0.0467893
0.0561368
0.0589791
0.0475924
0.0614493
0.0537474
0.0654556
0.0837727
0.0815811
0.12501
0.152442
0.134089
0.170262
0.181455
0.205359
0.225574
0.240749
0.228288
0.275615
0.269175
0.274072
0.277831
0.283966
0.283387
0.264731
0.305495
0.280267
0.273813
0.300431
0.261019
0.259511
0.254008
0.223666
0.185802
0.168621
0.134628
0.090845
0.0841402
0.0299216
0.0256074
-0.00651999
-0.00224485
0.00963381
-0.00571382
-0.0164471
-0.00287138
0.0297858
0.0486794
0.0359179
0.0406038
0.0795544
0.0924936
0.0976552
0.124805
0.118208
0.155335
0.17794
0.219304
0.218783
0.224721
0.13749
0.16671
0.191666
0.212426
0.192276
0.227091
0.201471
0.238162
0.21984
0.211742
0.175546
0.153766
0.125765
0.134615
0.120367
0.10344
0.0983957
0.120545
0.0911871
0.0684648
0.0781367
0.080366
0.0765403
0.069015
0.0530594
0.0603427
0.0651391
-0.00676065
0.17419
0.0984429
0.112551
0.147027
0.0919315
0.0786401
0.0645883
0.0551489
0.0397681
0.0622212
0.0651089
0.0740187
0.103758
0.10977
0.127235
0.127675
0.162944
0.190613
0.204218
0.263592
0.300651
0.33062
0.308318
0.326988
0.345304
0.359679
0.333272
0.283344
0.259996
0.215677
0.201934
0.172393
0.19467
0.164008
0.162376
0.140925
0.163207
0.171612
0.177368
0.175031
0.176643
0.170376
0.165828
0.169397
0.121002
0.108329
0.0772475
0.0658439
0.0412068
0.075759
0.0646883
0.0445071
0.0131959
0.00137544
-0.00317239
-0.00829834
0.00595928
0.0137922
-0.00516271
0.00724577
0.0151553
0.0175354
0.0495686
0.0831645
0.0899916
0.0701963
0.02836
-0.00198367
-0.0163182
-0.0169243
-0.0167361
-0.0202778
0.0027743
-0.0153612
-0.00215309
0.0168946
0.0253005
0.0128717
0.0211527
0.00964928
0.055775
0.0763593
0.0539648
0.0761738
0.0687077
0.0725425
0.0953575
0.0623094
0.0417946
0.0384054
0.00222093
-0.00164237
-0.0126258
0.0109536
-0.0367733
-0.00839257
0.00572351
0.00801149
0.0109313
0.00375448
-0.00442884
0.000862868
-0.000406483
-0.0221965
-0.0410831
-0.0134618
-0.0089182
0.00909922
0.00410513
-0.0310893
-0.018749
-0.0367246
-0.0324813
-0.0120946
0.00436236
-0.00784955
0.0111241
-0.00242773
0.00502726
-0.00214663
0.0133318
0.0285827
0.0339878
0.0793314
0.0555024
0.0384542
0.0343397
0.0448704
0.0509232
0.0842021
0.0988002
0.0920862
0.0837376
0.0935828
0.127702
0.0953946
0.0809274
0.108384
0.12005
0.0829356
0.0867745
0.103809
0.127123
0.156198
0.149624
0.158042
0.13876
0.109577
0.109933
0.0981674
0.0733777
0.0951346
0.0768452
0.0788867
0.096012
0.0839136
0.0961848
0.102653
0.139506
0.134304
0.150612
0.0913711
0.0656553
0.117597
0.120914
0.135235
0.135314
0.134852
0.142216
0.156783
0.179328
0.20434
0.154392
0.216145
0.165483
0.159645
0.151968
0.103461
0.160287
0.20153
0.218202
0.196458
0.218095
0.254509
0.277533
0.317663
0.2615
0.336287
0.324323
0.374225
0.394669
0.414142
0.448565
0.451231
0.499164
0.521217
0.532027
0.510473
0.504333
0.536504
0.557623
0.558189
0.549885
0.539907
0.516151
0.462918
0.468857
0.458163
0.437023
0.437707
0.419024
0.421539
0.380592
0.4044
0.399648
0.40436
0.420158
0.433543
0.424805
0.448947
0.465855
0.441489
0.489042
0.500142
0.462197
0.430349
0.476688
0.496377
0.530048
0.519109
0.49848
0.516472
0.541033
0.537773
0.562143
0.544443
0.570467
0.541656
0.540356
0.518796
0.523932
0.554358
0.598833
0.588681
0.619955
0.614777
0.616785
0.648288
0.624728
0.636167
0.635655
0.650127
0.684327
0.691791
0.703047
0.68861
0.700419
0.70391
0.741615
0.762501
0.747238
0.756095
0.712128
0.700641
0.679486
0.648332
0.619157
0.559538
0.49801
0.485478
0.4991
0.498881
0.457914
0.441236
0.406738
0.443491
0.49859
0.47138
0.469072
0.49915
0.468293
0.464989
0.41546
0.424945
0.428423
0.35082
0.379417
0.40979
0.389197
0.403953
0.379419
0.345216
0.342391
0.348752
0.314858
0.304534
0.302965
0.257125
0.301772
0.281662
0.31104
0.309905
0.299736
0.303161
0.31535
0.33216
0.411202
0.426319
0.470593
0.527429
0.552473
0.624063
0.63572
0.649888
0.710331
0.708316
0.829348
0.907684
0.876764
0.976503
0.933206
0.928113
0.893784
0.916709
0.861038
0.937132
0.887846
0.897105
0.918098
0.891533
0.886695
0.923448
0.926596
0.922005
0.94835
0.975138
0.912942
0.906097
0.933753
0.869563
0.912165
0.853549
0.847429
0.855553
0.823578
0.844179
0.858871
0.844
0.857277
0.846363
0.83786
0.820481
0.811155
0.785439
0.79841
0.794815
0.77023
0.798244
0.794094
0.758003
0.767975
0.78393
0.73108
0.746397
0.728535
0.725887
0.702726
0.705776
0.673524
0.705131
0.705025
0.714107
0.711102
0.699367
0.743303
0.753208
0.757027
0.706038
0.706891
0.717218
0.734728
0.754994
0.745558
0.78622
0.793204
0.815726
0.80889
0.827012
0.825971
0.803252
0.812994
0.837165
0.847201
0.857712
0.845035
0.856448
0.841693
0.837279
0.84965
0.833719
0.861367
0.858369
0.838687
0.863927
0.843428
0.854046
0.876833
0.825005
0.86794
0.859466
0.884552
0.896703
0.891442
0.874688
0.90567
0.889914
0.905838
0.919724
0.883084
0.89614
0.918175
0.888781
0.910125
0.869639
0.884977
0.854015
0.893998
0.872247
0.883071
0.909497
0.89229
0.899787
0.912051
0.878182
0.906092
0.88561
0.86868
0.88775
0.854771
0.866758
0.855296
0.847345
0.854232
0.851427
0.837738
0.809705
0.79457
0.789177
0.819412
0.82218
0.815008
0.805431
0.805754
0.817737
0.787667
0.786771
0.75942
0.817308
0.790746
0.794527
0.788195
0.795369
0.795188
0.826965
0.795108
0.731864
0.744795
0.753567
0.762903
0.742901
0.776599
0.766487
0.700664
0.670148
0.64186
0.636941
0.63559
0.601836
0.557261
0.540986
0.546362
0.532212
0.504219
0.485825
0.434047
0.426505
0.410205
0.354422
0.29409
0.269424
0.20699
0.194302
0.123675
0.0957729
0.113772
0.129008
0.134809
0.127573
0.0908716
0.099215
0.0734732
0.07652
0.0677721
0.0431403
0.0451094
0.0759395
0.100001
0.140419
0.136066
0.150294
0.163695
0.169763
0.15326
0.138592
0.120646
0.0845438
0.0715116
0.0434566
0.0215547
0.0137748
0.0195762
0.00758928
0.00658855
0.0223423
0.0293966
0.0258367
-0.0033478
-0.0174709
-0.0291254
-0.043683
-0.0252637
-0.0453957
-0.026463
-0.0103861
-0.00639771
-0.0118373
-0.0177971
-0.00718318
0.0101896
0.0205051
0.00384905
0.00102107
-0.00276539
0.0231774
0.00348005
0.0166671
0.000524427
0.0273888
0.0054813
0.0285701
0.00833064
0.00846717
0.0158687
0.00773167
0.00312559
-0.0062306
-0.0209015
-0.00621232
0.00209735
-0.0111371
0.00759745
-0.01319
-0.0165117
-0.0119432
0.0114125
-0.00705379
-0.0186235
-0.00255997
0.0191173
-0.0300692
0.011562
-0.0171789
0.0170824
-0.0193686
-0.0121345
-0.0198174
-0.00341599
-0.00163831
-0.0144859
0.00840515
0.00457643
0.0199975
0.00788467
0.0047037
0.0191463
0.0150278
0.00727596
0.008268
0.0206638
0.000346611
-0.00847647
-0.0141831
0.000215782
-0.0178405
0.00661764
-0.013091
0.0217741
-0.018592
-0.00685317
-0.0179725
-0.0290604
0.00964929
-0.0208945
-0.00434238
-0.0051689
-0.0180113
0.00947496
-0.00564355
-2.4559e-06
-0.00965747
-0.0129214
0.00677663
0.00329086
0.0067836
0.00814807
-0.00317472
-0.00686259
-0.00177552
-0.00302623
-0.00318217
0.0168494
-0.00126538
0.00365466
-0.0102471
-0.00669936
-0.016309
-0.00906532
-0.0237739
-0.00752118
-0.0077007
-0.010802
0.0198057
0.0194596
-0.0288478
0.00828758
0.00641848
-0.00852351
0.00358759
0.00917291
0.000482312
0.00229975
-0.000831011
-0.00100869
0.0271226
-0.00474631
0.00855501
0.0184315
0.000859171
-0.00433882
-0.00275806
-0.00152528
0.0149918
-0.0150755
-0.00771777
0.00893632
6.07464e-05
0.000319038
0.000626454
0.00300111
0.0013816
0.0140185
-0.0206047
0.00752226
-0.000566245
-0.00833386
0.0039051
0.00540904
0.00164828
0.0129991
-0.0089259
0.00697342
-0.00116737
-0.00916418
0.0126285
-0.00324166
-0.00713893
-0.00471746
0.0183975
0.00309084
1.99974e-05
0.00653633
-0.00343242
-0.000521139
0.00593774
-0.00600684
0.00746763
-0.0129097
0.00935514
0.0156803
0.0256761
0.0059727
-0.0054828
-0.00814415
-0.00716201
0.0248702
0.0135907
-0.0107763
0.00334732
0.0139545
-0.0131187
-0.000175346
-0.00498867
-0.00683774
-0.00775682
-0.0166092
0.00799536
-0.0119715
-0.0172913
-0.0030269
-0.0128878
-0.00735055
-0.00166519
0.00252116
-0.00504062
0.00397608
0.0113583
0.0234277
-0.00675681
-0.00661527
-0.00210347
-0.000558828
-0.0117004
-0.00167505
0.00223219
-0.018985
0.00284608
0.00107858
-0.00387316
0.0207779
-0.00632678
-0.0105303
0.00504902
0.0190513
-0.00336013
0.00396832
-0.0152616
-0.0212008
0.00174577
0.0020964
-0.0050011
-0.018227
-0.00333016
0.00360012
-0.000156008
-0.000500469
0.00577864
-0.00470538
-0.0109136
-0.0215822
-0.00567132
0.0071095
0.00109355
-0.00793667
0.0161433
-0.0149876
-0.00155056
-0.00300698
-0.00484606
-0.00724685
0.00786635
0.0014796
-0.000645366
-0.001213
-0.0142719
0.00664131
0.00244362
0.0102835
0.00352693
