-0.686208
-0.686189
-0.686174
-0.686184
-0.686155
-0.686169
-0.686162
-0.686176
-0.686181
-0.686185
-0.68617
-0.686146
-0.686211
-0.686209
-0.68621
-0.686212
-0.686194
-0.686156
-0.686173
-0.686211
-0.686167
-0.686155
-0.686165
-0.68617
-0.686177
-0.686167
-0.686224
-0.686141
-0.686213
-0.686174
-0.686148
-0.686169
-0.686142
-0.686176
-0.686199
-0.686182
-0.686222
-0.686161
-0.686187
-0.686182
-0.68616
-0.68623
-0.686151
-0.68619
-0.68621
-0.686227
-0.686226
-0.686244
-0.686143
-0.686213
-0.68618
-0.686205
-0.686229
-0.686206
-0.686204
-0.686175
-0.686204
-0.686153
-0.686145
-0.686163
-0.686192
-0.686139
-0.686166
-0.686169
-0.686198
-0.68621
-0.68622
-0.686148
-0.686197
-0.686218
-0.686175
-0.686172
-0.686199
-0.68619
-0.686211
-0.686232
-0.686147
-0.686151
-0.686198
-0.68618
-0.686166
-0.686132
-0.686143
-0.686167
-0.6862
-0.686144
-0.68627
-0.686218
-0.686186
-0.686173
-0.686197
-0.686204
-0.686177
-0.686187
-0.686137
-0.686237
-0.686202
-0.686185
-0.68616
-0.686159
-0.686229
-0.68621
-0.686174
-0.686188
-0.686199
-0.686151
-0.686198
-0.68616
-0.686166
-0.686189
-0.68614
-0.686164
-0.686217
-0.68617
-0.686198
-0.686204
-0.686188
-0.686167
-0.68615
-0.68621
-0.686148
-0.686208
-0.686175
-0.686198
-0.686167
-0.686206
-0.686203
-0.686173
-0.686218
-0.686262
-0.686193
-0.686213
-0.68626
-0.686286
-0.686242
-0.686233
-0.6862
-0.686229
-0.686223
-0.686248
-0.686181
-0.685975
-0.685527
-0.685311
-0.685261
-0.685212
-0.685244
-0.685272
-0.685281
-0.685176
-0.685238
-0.685176
-0.685244
-0.685211
-0.685203
-0.685209
-0.685207
-0.685238
-0.685275
-0.685263
-0.685263
-0.685284
-0.685302
-0.685258
-0.685242
-0.685206
-0.685151
-0.685196
-0.68524
-0.685181
-0.68518
-0.685202
-0.685203
-0.685177
-0.685239
-0.685215
-0.685297
-0.685339
-0.685436
-0.685782
-0.685749
-0.685699
-0.685737
-0.68583
-0.685841
-0.685937
-0.686267
-0.686456
-0.686879
-0.687506
-0.688148
-0.68882
-0.689653
-0.690453
-0.691396
-0.692512
-0.693639
-0.694825
-0.696065
-0.697421
-0.699087
-0.701631
-0.704127
-0.706728
-0.709715
-0.712965
-0.716591
-0.720775
-0.724687
-0.728754
-0.732916
-0.737032
-0.741625
-0.746226
-0.751104
-0.75602
-0.761359
-0.76687
-0.77283
-0.779037
-0.785674
-0.79256
-0.799712
-0.806737
-0.813591
-0.820358
-0.834077
-0.84149
-0.849139
-0.856905
-0.864871
-0.873004
-0.881397
-0.889702
-0.898581
-0.907879
-0.917556
-0.927169
-0.936834
-0.946379
-0.956065
-0.966132
-0.97638
-0.986893
-0.997492
-1.00803
-1.01855
-1.02929
-1.04029
-1.05144
-1.0624
-1.07322
-1.08379
-1.09451
-1.10547
-1.11644
-1.12776
-1.13879
-1.14996
-1.16124
-1.17274
-1.18418
-1.1955
-1.20668
-1.21796
-1.22915
-1.24045
-1.25174
-1.2745
-1.28583
-1.29754
-1.30941
-1.321
-1.33238
-1.34382
-1.35515
-1.36659
-1.3781
-1.38957
-1.40105
-1.41265
-1.42407
-1.43568
-1.44723
-1.45873
-1.47058
-1.48272
-1.49476
-1.50667
-1.51825
-1.53005
-1.54182
-1.55356
-1.56511
-1.57645
-1.58772
-1.5987
-1.60958
-1.62016
-1.63065
-1.64095
-1.65129
-1.66144
-1.67163
-1.68184
-1.69154
-1.70141
-1.71134
-1.72129
-1.73119
-1.74052
-1.75843
-1.76741
-1.77609
-1.78501
-1.79412
-1.80367
-1.81315
-1.82279
-1.83242
-1.84194
-1.85162
-1.86113
-1.86841
-1.87545
-1.88218
-1.88895
-1.89575
-1.90229
-1.90908
-1.91642
-1.92306
-1.92976
-1.93611
-1.94138
-1.94372
-1.94564
-1.94745
-1.94919
-1.95021
-1.95073
-1.95116
-1.95132
-1.95163
-1.95179
-1.9518
-1.95177
-1.95175
-1.95152
-1.95128
-1.95087
-1.95062
-1.95056
-1.95051
-1.95041
-1.95034
-1.95025
-1.95015
-1.95012
-1.95002
-1.94997
-1.94998
-1.95003
-1.95001
-1.95
-1.95
-1.95001
-1.94999
-1.94996
-1.9498
-1.94984
-1.94969
-1.94971
-1.94971
-1.94968
-1.94966
-1.94963
-1.94958
-1.94952
-1.94952
-1.9495
-1.9495
-1.94944
-1.94937
-1.9493
-1.94919
-1.94916
-1.94917
-1.94917
-1.94915
-1.94909
-1.94905
-1.94907
-1.94907
-1.94904
-1.94898
-1.949
-1.94895
-1.94896
-1.94886
-1.94886
-1.94887
-1.94888
-1.94887
-1.94887
-1.94886
-1.9489
-1.94885
-1.94885
-1.94889
-1.94889
-1.94882
-1.94887
-1.94885
-1.94883
-1.94883
-1.94884
-1.94884
-1.94887
-1.94885
-1.94888
-1.94881
-1.94884
-1.94881
-1.94882
-1.9488
-1.94883
-1.94878
-1.94874
-1.9488
-1.94873
-1.94883
-1.9488
-1.94879
-1.94882
-1.94879
-1.94874
-1.94876
-1.94882
-1.94879
-1.94881
-1.94885
-1.94899
-1.94893
-1.94896
-1.94887
-1.94894
-1.9489
-1.94902
-1.94894
-1.94893
-1.94896
-1.94895
-1.94898
-1.94896
-1.94899
-1.94902
-1.949
-1.94902
-1.94906
-1.94903
-1.94904
-1.94904
-1.94904
-1.94905
-1.949
-1.94902
-1.94907
-1.94907
-1.94902
-1.94901
-1.94893
-1.94862
-1.94796
-1.94707
-1.94621
-1.94435
-1.94312
-1.94189
-1.9405
-1.9389
-1.93713
-1.93514
-1.9328
-1.93002
-1.9267
-1.92294
-1.91877
-1.91433
-1.90934
-1.90414
-1.89854
-1.89281
-1.88676
-1.88032
-1.87358
-1.8666
-1.85943
-1.85235
-1.84538
-1.83847
-1.83169
-1.82503
-1.8181
-1.8105
-1.80219
-1.79296
-1.7834
-1.77412
-1.76538
-1.75648
-1.74789
-1.73923
-1.73046
-1.72222
-1.71468
-1.70746
-1.70145
-1.69553
-1.68994
-1.68465
-1.67541
-1.67067
-1.66617
-1.66227
-1.659
-1.65664
-1.65472
-1.65355
-1.65262
-1.6517
-1.6509
-1.6501
-1.64997
-1.64996
-1.64999
-1.65008
-1.65006
-1.65004
-1.64979
-1.64952
-1.64873
-1.64803
-1.64734
-1.64666
-1.646
-1.64532
-1.64452
-1.64364
-1.6426
-1.64166
-1.64073
-1.63976
-1.63873
-1.63756
-1.63633
-1.63518
-1.63429
-1.6336
-1.63364
-1.63404
-1.6344
-1.63474
-1.6349
-1.63506
-1.63563
-1.6358
-1.63578
-1.63566
-1.63561
-1.63555
-1.63547
-1.63552
-1.63551
-1.63548
-1.63549
-1.63546
-1.63549
-1.63551
-1.63555
-1.63554
-1.63554
-1.63567
-1.63571
-1.63583
-1.63575
-1.63572
-1.63579
-1.63576
-1.63576
-1.63573
-1.63576
-1.63568
-1.63568
-1.6357
-1.63565
-1.63564
-1.63554
-1.63547
-1.63533
-1.63523
-1.63511
-1.63511
-1.63511
-1.63516
-1.63528
-1.63537
-1.63542
-1.6354
-1.63546
-1.63548
-1.63546
-1.63553
-1.63552
-1.63546
-1.63553
-1.63552
-1.63555
-1.63551
-1.63546
-1.6355
-1.63553
-1.63552
-1.63546
-1.63546
-1.63552
-1.63556
-1.63554
-1.63553
-1.63555
-1.63563
-1.63564
-1.6356
-1.63561
-1.63562
-1.63557
-1.6356
-1.63558
-1.63553
-1.63556
-1.63552
-1.63548
-1.63554
-1.63554
-1.63558
-1.63551
-1.63555
-1.63547
-1.63546
-1.63548
-1.63556
-1.63552
-1.6355
-1.63548
-1.63548
-1.63547
-1.6355
-1.63547
-1.63553
-1.63545
-1.63551
-1.63547
-1.63548
-1.63545
-1.6354
-1.63544
-1.6354
-1.63535
-1.63534
-1.63533
-1.63534
-1.63529
-1.63527
-1.63525
-1.6352
-1.6351
-1.63503
-1.63472
-1.63442
-1.63384
-1.63345
-1.633
-1.63253
-1.63105
-1.63029
-1.6295
-1.62866
-1.62775
-1.62672
-1.62565
-1.62447
-1.62343
-1.62218
-1.62084
-1.61956
-1.61812
-1.61659
-1.61504
-1.61378
-1.61258
-1.61146
-1.61026
-1.60895
-1.60773
-1.60646
-1.60547
-1.60435
-1.60343
-1.60242
-1.60116
-1.59981
-1.59822
-1.59694
-1.59587
-1.59489
-1.5937
-1.59213
-1.59033
-1.58859
-1.58694
-1.58514
-1.58305
-1.58085
-1.57842
-1.57592
-1.573
-1.5704
-1.56749
-1.56461
-1.5592
-1.55671
-1.554
-1.5515
-1.54878
-1.54632
-1.54389
-1.54135
-1.53911
-1.53724
-1.53526
-1.53326
-1.53106
-1.52925
-1.52776
-1.52601
-1.52431
-1.52258
-1.52055
-1.51841
-1.51637
-1.51426
-1.51215
-1.51005
-1.50804
-1.50593
-1.5039
-1.50164
-1.4995
-1.49758
-1.49542
-1.49319
-1.4912
-1.48911
-1.48717
-1.48541
-1.48354
-1.48198
-1.48056
-1.47923
-1.47622
-1.47506
-1.47432
-1.47416
-1.47404
-1.47412
-1.47385
-1.4736
-1.47317
-1.4724
-1.47145
-1.47048
-1.46981
-1.46924
-1.46888
-1.46831
-1.46755
-1.46656
-1.46528
-1.46376
-1.46234
-1.46087
-1.45916
-1.45751
-1.45577
-1.45418
-1.45268
-1.45128
-1.45003
-1.44884
-1.44748
-1.44622
-1.4448
-1.44371
-1.44235
-1.44127
-1.43991
-1.43856
-1.43722
-1.43595
-1.43273
-1.43074
-1.42851
-1.42627
-1.42399
-1.42161
-1.41895
-1.41629
-1.41351
-1.4105
-1.40715
-1.40362
-1.39957
-1.39559
-1.39142
-1.38722
-1.3829
-1.37858
-1.37441
-1.37054
-1.36689
-1.36376
-1.36075
-1.3579
-1.35564
-1.35308
-1.35078
-1.34887
-1.34662
-1.34431
-1.34228
-1.34039
-1.33858
-1.33712
-1.33568
-1.3347
-1.33451
-1.33428
-1.33418
-1.33427
-1.33454
-1.33567
-1.33662
-1.33756
-1.33852
-1.33958
-1.34086
-1.34202
-1.34345
-1.34459
-1.34586
-1.34734
-1.34917
-1.35103
-1.35331
-1.35563
-1.35777
-1.3598
-1.3618
-1.36305
-1.36416
-1.36521
-1.36599
-1.36649
-1.36665
-1.36625
-1.36554
-1.36415
-1.36283
-1.36146
-1.36015
-1.35905
-1.35773
-1.35637
-1.35526
-1.35445
-1.35374
-1.35364
-1.35369
-1.35392
-1.3543
-1.35504
-1.35589
-1.35658
-1.35655
-1.35612
-1.3549
-1.35389
-1.35312
-1.35238
-1.35142
-1.3503
-1.34925
-1.34843
-1.34778
-1.34731
-1.3469
-1.3461
-1.34503
-1.34352
-1.34174
-1.33981
-1.3378
-1.33572
-1.3333
-1.33112
-1.32872
-1.32655
-1.32471
-1.32258
-1.32028
-1.31766
-1.31468
-1.31149
-1.30852
-1.30618
-1.30405
-1.30249
-1.30146
-1.30081
-1.30065
-1.30044
-1.30053
-1.30056
-1.30064
-1.30066
-1.30049
-1.3005
-1.30049
-1.30056
-1.30065
-1.30084
-1.3014
-1.3019
-1.30248
-1.30345
-1.30448
-1.30566
-1.30704
-1.30834
-1.30951
-1.3109
-1.31237
-1.31409
-1.31585
-1.31778
-1.31975
-1.32171
-1.32386
-1.32624
-1.32872
-1.33157
-1.33473
-1.3384
-1.34126
-1.34352
-1.34586
-1.34877
-1.3515
-1.35448
-1.35748
-1.3609
-1.36443
-1.36808
-1.371
-1.37354
-1.37537
-1.37706
-1.37854
-1.37933
-1.37981
-1.38001
-1.37962
-1.37903
-1.37823
-1.3775
-1.37659
-1.37545
-1.37432
-1.37331
-1.37196
-1.37002
-1.36777
-1.36499
-1.36196
-1.35851
-1.35508
-1.35094
-1.34673
-1.34201
-1.33708
-1.3317
-1.32592
-1.31988
-1.31345
-1.30679
-1.29977
-1.29272
-1.28589
-1.27931
-1.27281
-1.26602
-1.25882
-1.25152
-1.24385
-1.23609
-1.2285
-1.2212
-1.21387
-1.20642
-1.19877
-1.19092
-1.18297
-1.17486
-1.15901
-1.15169
-1.14439
-1.13686
-1.12908
-1.12094
-1.11273
-1.10453
-1.09691
-1.0895
-1.08205
-1.07439
-1.06663
-1.05871
-1.05082
-1.04309
-1.03564
-1.02854
-1.02168
-1.01468
-1.00762
-1.00047
-0.993163
-0.986
-0.979006
-0.972413
-0.966051
-0.959904
-0.953538
-0.946665
-0.9394
-0.93192
-0.92427
-0.916931
-0.909775
-0.903135
-0.896666
-0.889905
-0.88293
-0.87604
-0.869173
-0.861743
-0.854475
-0.847646
-0.840982
-0.834213
-0.819921
-0.812562
-0.805379
-0.798125
-0.791619
-0.785539
-0.77991
-0.774524
-0.768882
-0.763152
-0.757358
-0.751365
-0.745543
-0.739719
-0.733975
-0.7286
-0.723539
-0.718617
-0.71371
-0.708563
-0.70339
-0.698291
-0.693378
-0.688754
-0.684338
-0.680089
-0.676172
-0.672979
-0.669699
-0.666799
-0.663811
-0.66083
-0.658094
-0.654876
-0.651713
-0.648324
-0.644981
-0.641688
-0.638271
-0.634573
-0.630994
-0.627068
-0.619855
-0.616442
-0.612945
-0.609785
-0.606556
-0.603505
-0.600359
-0.597193
-0.593815
-0.590252
-0.586318
-0.582254
-0.577759
-0.57313
-0.568516
-0.564043
-0.559875
-0.555625
-0.551758
-0.548328
-0.544914
-0.541529
-0.537751
-0.533958
-0.530095
-0.525608
-0.52103
-0.516202
-0.511196
-0.505859
-0.500537
-0.494995
-0.489574
-0.484337
-0.479195
-0.47404
-0.46877
-0.463167
-0.457449
-0.451894
-0.446385
-0.440968
-0.430052
-0.424665
-0.419561
-0.414369
-0.409144
-0.403819
-0.398347
-0.392942
-0.387659
-0.382457
-0.377228
-0.371998
-0.367041
-0.362315
-0.357716
-0.353125
-0.348496
-0.343772
-0.338773
-0.333392
-0.327963
-0.322324
-0.316276
-0.310149
-0.303784
-0.297379
-0.291243
-0.285126
-0.278635
-0.27203
-0.26516
-0.258188
-0.251105
-0.243972
-0.23724
-0.231019
-0.224946
-0.218816
-0.212633
-0.20613
-0.199649
-0.186485
-0.179933
-0.173668
-0.167771
-0.16167
-0.155451
-0.148995
-0.142396
-0.135562
-0.128724
-0.121751
-0.115074
-0.108732
-0.102267
-0.0959613
-0.0894962
-0.0824972
-0.0754224
-0.0682568
-0.0611442
-0.0542547
-0.0478053
-0.0414908
-0.0351404
-0.0286345
-0.0221131
-0.0155686
-0.00909883
-0.00272655
0.00339121
0.00922382
0.0144988
0.0196112
0.0248893
0.0303158
0.035942
0.0416781
0.0473943
0.0529789
0.0587521
0.0643036
0.0744556
0.079324
0.0842902
0.0896332
0.0951614
0.100738
0.106567
0.112389
0.118339
0.124258
0.129941
0.135267
0.14067
0.145619
0.151987
0.158203
0.16468
0.171319
0.178092
0.18492
0.191509
0.198073
0.204598
0.210815
0.218552
0.225211
0.233441
0.241062
0.248613
0.255854
0.262728
0.268876
0.276556
0.283649
0.290887
0.29808
0.305244
0.312039
0.317951
0.323332
0.328668
0.334032
0.339474
0.345058
0.350408
0.359375
0.363407
0.367442
0.370447
0.372916
0.375267
0.376838
0.378412
0.380192
0.382007
0.383175
0.384572
0.38621
0.38781
0.389749
0.391296
0.392765
0.393988
0.39502
0.396074
0.397118
0.39801
0.399051
0.40018
0.401012
0.401704
0.402526
0.40327
0.403819
0.404377
0.404826
0.405366
0.405818
0.406249
0.406533
0.407015
0.407536
0.408087
0.408763
0.40943
0.410218
0.411103
0.411688
0.412259
0.412745
0.413239
0.414286
0.414988
0.415797
0.416586
0.417567
0.418271
0.418828
0.41949
0.420114
0.420448
0.420799
0.421435
0.422185
0.422593
0.422645
0.422853
0.423021
0.423299
0.423488
0.423659
0.423861
0.424152
0.42437
0.424713
0.425117
0.425482
0.425941
0.426354
0.426755
0.427116
0.427369
0.427415
0.42746
0.427625
0.427611
0.42766
0.427647
0.427656
0.427653
0.427691
0.427653
0.427721
0.427797
0.427809
0.427981
0.428081
0.428155
0.428237
0.428261
0.428355
0.428329
0.428373
0.42838
0.428453
0.428456
0.42856
0.428513
0.428555
0.42869
0.428774
0.428956
0.429045
0.429038
0.429071
0.429067
0.429112
0.429148
0.42914
0.42918
0.429189
0.429204
0.429166
0.429173
0.429193
0.429144
0.429168
0.429188
0.429225
0.429168
0.429192
0.429211
0.429192
0.429202
0.429279
0.429203
0.429254
0.429299
0.42921
0.429286
0.429277
0.429261
0.42928
0.42931
0.429329
0.429326
0.429355
0.429388
0.429396
0.429366
0.429352
0.429365
0.429378
0.429416
0.429382
0.429381
0.429405
0.429354
0.429384
0.429415
0.429417
0.429382
0.429415
0.429454
0.4294
0.429423
0.429464
0.429415
0.42944
0.429441
0.429492
0.429497
0.429428
0.429527
0.429472
0.42955
0.429506
0.429471
0.429492
0.429523
0.42953
0.429556
0.429549
0.429626
0.429571
0.429561
0.429502
0.429514
0.429531
0.429535
0.429467
0.429546
0.42953
0.42956
0.429558
0.429539
0.429511
0.429535
0.429552
0.429547
0.429505
0.429522
0.429535
0.429628
0.429572
0.429544
0.429488
0.429625
0.42955
0.429527
0.429541
0.429507
0.429548
0.429568
0.429522
0.429602
0.429628
0.429606
0.429611
0.429509
0.429545
0.42958
0.429565
0.429595
0.429575
0.429553
0.429562
0.429561
0.429575
0.429574
0.429569
0.429508
0.429578
0.429601
0.429586
0.429565
0.429543
0.429618
0.429597
0.429554
0.429555
0.429574
0.429579
0.42956
0.429572
0.429615
0.429598
0.429584
0.42958
0.429595
0.429591
0.429559
0.429529
0.429576
0.429561
0.429573
0.429612
0.429576
0.429577
0.429539
0.429548
0.429633
0.429611
0.429563
0.429541
0.429603
0.42962
0.429634
0.429642
0.429591
0.429611
0.42951
0.429599
0.429594
0.429491
0.429606
0.429564
0.429555
0.429558
0.429657
0.429597
0.429567
0.429591
0.429551
0.429633
0.429569
0.429628
0.429618
0.429609
0.429623
0.42959
0.429613
0.429625
0.429578
