-0.0158734
-0.012159
-9.90182e-05
0.00292462
0.00333343
-0.00343435
0.0114315
0.00348927
-0.0056416
0.0115302
-0.00746107
0.00766387
-0.0112269
-0.00542827
-0.0166453
0.00303489
-0.021262
0.011811
0.00660197
0.0042033
0.000848641
0.00738765
0.00378019
0.00471553
-0.0106677
-0.00138753
-0.0162592
0.00967647
0.00498633
-0.000769457
0.00110684
0.0123358
0.0230478
0.00559519
-0.000253257
-0.00424455
-0.0114001
0.00642632
0.0052785
-0.00253601
0.00316256
-0.0181635
0.0121433
0.00894034
-0.00332138
-0.0126169
-0.0104886
-0.0223282
0.00963333
-0.0154219
-0.00563043
0.0042506
-0.0101899
-0.0136226
-0.00436299
-0.00914214
0.00707944
0.0115213
0.0095475
0.0172294
0.000630312
0.00545407
0.00422793
0.00735731
-0.00272006
-0.0162479
-0.00591215
0.00224666
-0.00386452
-0.016707
0.0111759
-0.00335068
-0.0201702
-0.00804151
-0.00618689
-0.00553774
0.022116
0.00214514
-0.00881391
-0.00399136
0.00151097
0.0179682
0.00921856
0.021821
0.00138683
0.00898585
-0.0125961
-0.0144982
-0.0158979
-0.00433369
-0.014547
-0.00837782
0.00512821
-0.000251625
0.0141272
-0.0243858
-0.0056018
-0.00428279
-0.000929795
0.00111237
-0.00876952
-0.00950679
0.00871693
-0.00766149
-0.00957511
0.00754309
-0.00443685
-0.00890836
0.00203374
-0.00663896
0.00204487
0.00189803
-0.0170877
0.00243059
-0.0263243
-0.00531246
-0.0160198
0.0105566
0.00998357
0.00159435
0.0150556
-0.00123573
0.00616642
-0.00953967
0.00933827
0.00370572
-0.003915
0.0129178
-0.0165603
-0.00455228
-0.00380634
0.00666988
0.00870698
-0.00176343
0.0154728
0.00647989
0.0114832
0.00419148
-0.000409625
-0.0128884
0.00483269
0.0395055
0.0317452
0.0158303
0.00433573
0.00996551
-0.0139611
-0.00319778
-0.0113483
0.0128384
-0.00304481
-0.00744706
-0.00928239
0.000561869
-0.0046794
-0.00946378
0.00859648
-0.00209365
-0.00480126
0.00171874
0.00938587
-0.00906282
-0.012325
0.00440366
-0.00298452
0.00823216
0.00806686
-0.0137541
-0.0171584
-0.00519248
-0.0046591
-0.016307
0.00609195
-0.00717299
-0.0184437
0.00603123
0.0133068
-0.00514955
-0.022217
-0.0102386
0.00355488
0.000557446
0.0022497
-0.00819545
-0.0050833
-0.0098554
-0.0187109
-0.0141328
-0.0525325
-0.0628199
-0.0586345
-0.0708708
-0.0822923
-0.0727841
-0.101758
-0.115648
-0.11862
-0.105636
-0.140267
-0.132898
-0.167797
-0.272312
-0.228654
-0.290626
-0.31935
-0.359434
-0.348966
-0.427115
-0.386316
-0.357561
-0.437725
-0.427282
-0.440751
-0.442455
-0.514253
-0.50867
-0.552959
-0.540717
-0.587708
-0.62389
-0.680715
-0.702174
-0.716873
-0.695308
-0.683239
-0.701595
-0.69362
-0.743717
-0.767985
-0.785123
-0.794024
-0.812092
-0.859623
-0.85228
-0.904632
-0.931921
-1.00042
-0.941349
-0.957464
-0.957535
-0.98399
-1.02202
-1.03302
-1.02197
-1.06387
-1.05884
-1.04798
-1.0887
-1.10001
-1.12899
-1.08343
-1.08086
-1.04045
-1.05227
-1.11199
-1.10132
-1.14057
-1.10005
-1.10033
-1.13396
-1.15506
-1.13918
-1.13769
-1.11435
-1.12885
-1.12849
-1.13614
-1.14252
-1.13795
-1.13527
-1.14319
-1.18191
-1.1417
-1.14702
-1.18202
-1.16083
-1.14895
-1.14791
-1.13758
-1.13418
-1.14752
-1.11206
-1.15913
-1.17014
-1.12566
-1.17976
-1.21832
-1.15644
-1.15644
-1.15812
-1.15872
-1.16694
-1.18079
-1.12617
-1.12209
-1.13895
-1.09855
-1.06411
-1.05857
-1.05223
-1.02273
-1.03366
-1.0167
-0.999113
-1.03693
-0.969296
-0.9878
-1.00276
-0.969711
-0.997961
-0.920163
-0.862894
-0.901297
-0.851482
-0.905949
-0.944132
-0.97719
-0.949085
-0.971036
-0.964072
-0.926786
-0.981667
-0.948636
-0.635316
-0.673305
-0.684861
-0.690746
-0.691855
-0.618194
-0.693076
-0.747336
-0.672033
-0.622818
-0.603374
-0.341339
-0.260198
-0.236214
-0.11249
-0.170936
-0.0677538
-0.0197336
-0.0483838
-0.028026
-0.0361304
-0.0241024
0.00297523
0.0055144
-0.000108652
0.0450623
0.0427902
0.0361349
0.0125901
0.021253
0.00119956
0.00283759
0.00953296
-0.000131873
0.00477457
-0.0168487
-0.00462633
-0.00267037
-0.00857488
-0.00607502
2.40584e-05
0.0216745
0.0218858
0.00067482
0.0208701
-0.00314397
0.0207058
-0.023279
0.0102885
0.00598858
0.00628149
0.0196244
-0.00931382
0.00485733
0.0030596
-0.0083159
0.00216648
-0.000979522
-0.0111579
0.00615261
0.0124738
0.018831
0.0177063
0.0208161
0.0121879
-0.00495083
0.00779561
0.0177781
-0.00705365
-0.00102284
-0.0120509
-0.019286
0.0155392
-0.00408944
0.0161386
0.0171623
0.00402783
-0.00623932
-0.0050863
0.000996153
0.0135885
0.00012571
-0.000317726
-0.0236906
0.000280387
-0.00813617
0.00156358
0.00279248
-0.00499036
-0.00194613
-0.00894784
0.0112812
0.00452403
0.002912
-0.00254742
-0.00190125
-0.00833008
-0.0109959
0.00836259
-0.0169034
0.0110567
0.000586955
0.0118661
-0.00574485
0.00332694
0.0153019
0.00757216
-0.00046717
-0.0290728
-0.00182283
0.000255373
0.00450505
0.00476177
0.0067791
0.00437325
-0.0156565
-0.00595568
0.00454436
-0.0256345
-0.00703152
0.00453582
-0.00584418
0.0158149
-0.0016895
0.0154408
-0.00980213
-0.00805725
0.00873016
-0.0140611
0.013701
-0.00451304
0.00605233
-0.00400726
-0.00627358
-0.0027634
-0.0060567
-0.0125448
-0.00945837
0.009134
0.0113143
-0.012239
-0.0113224
0.00702804
-0.00704972
-0.00559293
-0.00967101
0.00703909
0.00440862
0.0195601
0.0266292
0.0622821
0.0955278
0.0963104
0.10754
0.140323
0.132824
0.135815
0.17635
0.198693
0.205485
0.255016
0.29965
0.342242
0.376749
0.445526
0.449616
0.51211
0.508685
0.572445
0.566941
0.589352
0.641335
0.676753
0.7158
0.7229
0.729397
0.676683
0.671989
0.668861
0.637091
0.715514
0.807648
0.851113
0.961432
0.961406
0.914627
0.847732
0.89704
0.851621
0.861747
0.871746
0.799481
0.73391
0.63101
0.595429
0.588156
0.556539
0.518579
0.452912
0.468375
0.433087
0.35572
0.297445
0.144381
0.170144
0.0747415
0.102162
0.0716938
0.0718065
0.0636555
-0.00449282
0.00626406
-0.000579729
-0.00886982
-0.00241745
0.00984546
0.031279
0.0620545
0.081856
0.0642919
0.0572936
0.0732358
0.0867163
0.0717014
0.0863497
0.0850079
0.0985288
0.0884733
0.0833384
0.0854775
0.0841307
0.123343
0.133677
0.13232
0.0754389
0.0738224
-0.00755082
-0.0275957
-0.0166807
-0.00915034
-0.0209675
-0.0197817
-0.0231633
-0.0165895
0.00337481
0.0213466
0.00653971
0.00850503
0.0111969
-0.0205344
-0.00617491
0.00793602
0.00441227
0.0125607
0.0120251
0.00102695
-0.00719452
0.000150412
0.0223102
0.00260806
0.0125399
-0.0175527
-0.0137755
0.0120249
-0.00351724
0.0177827
-0.00128774
0.018966
-0.0103234
0.00567403
0.00764847
-0.0248034
-0.00493917
0.00133512
0.015674
0.015407
0.00441352
0.0218244
0.00496028
0.0119909
0.000862124
-0.00543814
0.00687394
-0.0136106
-0.0162178
-0.00436434
-0.00802922
0.00539145
0.0230624
-0.0143891
-0.0138633
0.0206912
0.00218691
-0.00803952
-0.0211768
-0.00892015
0.0284516
-0.002134
-0.00886675
-0.0110596
0.0242355
0.0145647
-0.00261936
-0.0131803
-0.00517916
0.00107187
0.0198101
-0.0175163
-0.00263585
0.00181426
-0.00214895
-0.011018
0.0089182
-0.000213882
-0.0066289
0.00373387
-0.00265157
-0.00251144
0.00699886
-0.0117637
-0.00708646
-0.0191213
0.00241148
-0.00956362
0.0142283
0.00371715
0.0192464
-0.0196128
-0.00256572
-0.00350391
0.0152795
0.0088646
0.00204323
-0.0030925
0.00414269
-0.00476022
0.0234196
0.000173922
0.000276602
0.0138163
0.0218533
0.0185476
-0.000436706
-0.00129185
0.000177102
-0.0225665
0.00093662
-0.00269521
8.78107e-05
-0.00184388
0.0100654
0.000767091
0.0254638
-0.00434197
0.0453971
0.0383589
0.0514104
0.0374915
0.0441307
0.0387408
0.0872627
0.0610792
0.081663
0.104856
0.111732
0.120871
0.115997
0.117923
0.117067
0.12607
0.134903
0.131367
0.141065
0.151006
0.155154
0.115968
0.122207
0.11839
0.125285
0.144157
0.13379
0.13363
0.0902795
0.10998
0.104462
0.0966361
0.154001
0.134873
0.168389
0.12043
0.0948456
0.103078
0.135241
0.182085
0.194875
0.183934
0.181011
0.171362
0.217385
0.234524
0.236866
0.242828
0.284684
0.245282
0.288281
0.273552
0.28697
0.254835
0.256239
0.265861
0.270546
0.227271
0.255569
0.248137
0.233581
0.185328
0.192596
0.2158
0.207026
0.169911
0.14504
0.163882
0.162515
0.146693
0.231238
0.221276
0.183535
0.226121
0.198496
0.22835
0.207343
0.218188
0.206038
0.225826
0.206329
0.193789
0.237652
0.220666
0.196192
0.197014
0.186864
0.184268
0.176902
0.138477
0.15208
0.112162
0.138011
0.0848426
0.0838312
0.0195193
-0.00265024
-0.0111397
0.0398166
0.0270097
0.0574441
0.0738355
0.119028
0.0679784
0.0684194
0.0445396
0.0394425
0.0601964
0.101454
0.111192
0.12273
0.157911
0.159919
0.126685
0.190339
0.157451
0.177108
0.158506
0.137211
0.130518
0.123562
0.0886709
0.126981
0.109298
0.159918
0.113016
0.111813
0.13202
0.139475
0.141396
0.135169
0.119268
0.186939
0.231529
0.252048
0.22384
0.199458
0.25851
0.278995
0.259519
0.292091
0.315539
0.363887
0.373755
0.402989
0.415295
0.407458
0.398831
0.461104
0.429724
0.378718
0.376384
0.341896
0.294418
0.317809
0.254667
0.213736
0.265455
0.207956
0.201938
0.223365
0.219463
0.207648
0.168432
0.191753
0.151069
0.114179
0.0947175
-0.0054064
0.0108433
-0.00664554
-0.0252499
-0.0365015
-0.084111
-0.100387
-0.112249
-0.0859942
-0.118105
-0.129296
-0.114708
-0.146145
-0.104847
-0.148483
-0.148922
-0.205709
-0.190487
-0.247071
-0.227838
-0.20232
-0.199866
-0.181295
-0.108344
-0.145688
-0.11632
-0.0680323
-0.0364787
-0.00839739
0.0530562
0.0892843
0.166205
0.147279
0.105366
0.110726
0.129346
0.117928
0.11841
0.116057
0.0957112
0.0722634
-0.000416262
-0.0109775
-0.0252724
-0.0504886
-0.0951565
-0.0751413
0.00668893
0.0120506
0.0732142
0.146823
0.0690574
0.0793812
0.0954956
0.11039
0.11284
0.108278
0.0627696
0.0528007
0.0327836
0.0350035
0.0953944
0.122089
0.153991
0.17181
0.182667
0.185481
0.208591
0.244517
0.222467
0.219574
0.207269
0.200597
0.212034
0.230399
0.292976
0.330281
0.343848
0.304647
0.244559
0.189984
0.132208
0.101879
0.0537309
-0.00472952
0.0131825
-0.0206631
-0.00367162
-0.00661127
-0.0126434
0.00258948
-0.0144998
-0.0133949
-0.0141542
-0.0139787
-0.035417
-0.0562766
-0.061798
-0.0704041
-0.0849287
-0.10052
-0.12136
-0.147011
-0.111497
-0.138773
-0.13799
-0.140422
-0.179623
-0.200273
-0.196542
-0.200198
-0.21321
-0.234836
-0.233217
-0.281329
-0.286688
-0.368467
-0.322567
-0.284842
-0.245009
-0.262701
-0.304872
-0.278518
-0.296234
-0.299088
-0.358867
-0.353432
-0.365401
-0.234411
-0.18393
-0.183314
-0.0967899
-0.155064
-0.139437
-0.0509943
-0.0113747
0.0245104
0.0794459
0.071154
0.0878318
0.130453
0.0786936
0.108002
0.131917
0.121359
0.210685
0.224266
0.292133
0.322085
0.350419
0.372793
0.449084
0.452373
0.49227
0.466492
0.537377
0.589003
0.612729
0.642844
0.66927
0.713332
0.703727
0.689634
0.691103
0.668024
0.696311
0.739968
0.723181
0.753768
0.811639
0.756754
0.729943
0.738075
0.759526
0.771864
0.77132
0.802456
0.813223
0.768237
0.752476
0.742919
0.763914
0.796311
0.819789
0.828534
0.804383
0.75391
0.74733
0.733665
0.765638
0.785252
0.801494
0.801302
0.757822
0.739925
0.719477
0.682487
0.688078
0.717166
0.714842
0.754478
0.742202
0.716862
0.618051
0.613595
0.611064
0.63855
0.691205
0.745814
0.786131
0.779078
0.704903
0.692841
0.642918
0.640878
0.68962
0.719414
0.717076
0.693326
0.735081
0.722446
0.653807
0.694835
0.708082
0.732962
0.725125
0.716635
0.710471
0.615318
0.56611
0.548988
0.532368
0.555205
0.575457
0.574014
0.59102
0.57833
0.563281
0.566699
0.513156
0.508394
0.521164
0.486314
0.48864
0.490166
0.513054
0.492543
0.469525
0.440811
0.401234
0.365391
0.326122
0.324568
0.287753
0.335151
0.302268
0.279927
0.335115
0.323635
0.352277
0.34639
0.307002
0.346313
0.353111
0.358002
0.403119
0.320209
0.34797
0.324996
0.305875
0.359216
0.281748
0.306323
0.299767
0.346245
0.372529
0.385449
0.439085
0.466507
0.441034
0.461696
0.46181
0.417115
0.400405
0.395895
0.314674
0.327984
0.359592
0.363609
0.40164
0.389021
0.444753
0.499023
0.495192
0.499283
0.553124
0.547462
0.564421
0.566009
0.499087
0.482576
0.52472
0.532426
0.594361
0.589378
0.57544
0.561359
0.556008
0.537188
0.494026
0.475544
0.524764
0.545469
0.547786
0.564275
0.546182
0.512014
0.496044
0.510646
0.494348
0.519609
0.498357
0.459991
0.439553
0.470229
0.501692
0.496847
0.564011
0.545066
0.587572
0.648607
0.630556
0.638911
0.634329
0.629989
0.62376
0.672327
0.682565
0.68067
0.698809
0.684285
0.692243
0.688074
0.639581
0.614253
0.624357
0.631977
0.692006
0.691729
0.631912
0.631026
0.600893
0.555591
0.563724
0.621257
0.627581
0.650289
0.682162
0.681472
0.7232
0.687894
0.615383
0.642142
0.632277
0.666857
0.732658
0.698656
0.730224
0.707416
0.670154
0.627593
0.637393
0.641914
0.651762
0.639411
0.63611
0.653187
0.64127
0.587614
0.576493
0.539948
0.505648
0.538651
0.550934
0.571552
0.567838
0.565782
0.526396
0.55167
0.506848
0.523846
0.529132
0.500844
0.504289
0.530104
0.524633
0.548795
0.55643
0.576128
0.582074
0.572006
0.525772
0.553203
0.563421
0.583635
0.619346
0.680346
0.675402
0.67455
0.693854
0.652612
0.637959
0.647626
0.712343
0.728423
0.73415
0.747627
0.776944
0.744682
0.674742
0.656987
0.662071
0.73
0.730672
0.721426
0.715149
0.695278
0.674718
0.568782
0.527009
0.529152
0.528399
0.543741
0.571621
0.499945
0.423367
0.412911
0.33865
0.255742
0.233169
0.217589
0.120441
0.156824
0.192669
0.163532
0.101649
0.110491
0.181573
0.186373
0.191219
0.162529
0.139333
0.124278
0.131293
0.102509
0.109162
0.088926
0.113823
0.106611
0.078978
0.0752532
0.0655668
0.0636654
0.0686532
0.0471161
0.0333893
0.0726324
0.042335
0.0573618
0.0425305
0.062327
0.062687
0.0476213
0.0694058
0.0683282
0.0771148
0.076779
0.0479816
0.0608403
0.0458293
0.0452351
0.0490858
0.0691283
0.0766227
0.0931128
0.100775
0.0748906
0.0720716
0.0688025
0.065555
0.0116175
0.0502825
0.0688535
0.0852328
0.0343894
0.0136149
0.0170417
0.00346702
0.0124595
0.0237172
0.0286263
0.0179482
0.0214106
0.00333991
0.0144927
0.0425098
0.023966
0.038235
0.0310917
0.0495377
0.00972254
0.0245954
0.0166335
0.0114946
0.000766156
0.00140806
0.00190808
-0.0203869
-0.0214674
-0.00561861
-0.00960379
-0.0164033
-0.00487309
0.0262144
-0.0114397
0.0225357
0.00671806
0.00785346
0.0155916
-0.000834261
0.0238067
0.00605772
-0.0021651
0.0109991
0.0115644
-0.00506437
0.0131365
0.0187213
0.0113503
0.0217616
0.00978224
0.0370723
0.015605
-0.0161101
-0.00152376
-0.000178731
-0.0101246
0.00429196
-0.00282489
0.00398691
0.0127451
-0.00527223
-0.0139924
0.00266309
-0.000852493
-0.00966529
-0.0235316
-0.00303179
-0.0102682
-0.00438429
0.00250329
0.00859163
-0.00381659
-0.00909454
-0.00301061
-0.0110858
0.00799042
0.00441895
-0.0229529
0.00193319
-0.00735592
0.0052158
-0.00732615
-0.00221198
0.00228611
-0.00279543
0.00130578
0.0100938
0.0177793
0.00189709
-0.0109162
-0.0108318
-0.00457183
0.0111207
-0.000437317
-0.0126829
0.0108651
-0.0121413
-0.0115202
0.00924948
0.00350487
-0.00637872
0.013549
0.0113205
-0.00640569
0.00384249
0.00513467
-0.00163577
-0.0139186
0.0070546
0.00533608
0.0240948
-0.01535
0.0157225
-0.00185116
0.0120915
0.0189754
-0.00357257
-0.0329536
0.00213345
-0.000612654
0.012134
-0.00346199
0.0224933
0.0167794
0.0058746
-0.0111004
0.00542137
-0.00164947
0.00980516
-0.0120255
0.0122616
0.0129303
0.0133469
0.011976
-0.000105575
0.00274034
-0.000488301
0.00304798
0.00726453
-0.0150541
0.00205762
-0.00830548
0.0364903
0.0261683
0.00212652
-0.0158532
0.0353635
-0.00255415
-0.00309974
-0.00640048
-0.0097255
-0.00482212
0.00724127
-0.0187696
0.00106178
0.011149
0.0105435
0.0202103
-0.0231017
-0.0191963
0.00779629
-0.0089716
0.0134022
0.00302537
0.00165709
-0.0037119
0.00268339
0.00487118
0.0100184
-0.00565248
-0.0288489
0.00279
0.0143376
-0.0111918
-0.00610134
-0.0140148
0.0133147
0.0161537
-0.0124374
-0.0126989
-0.00995017
0.00351698
-0.00522193
-0.00133581
0.00978306
-0.00251569
0.00644384
-0.00881572
0.00561262
-0.00222515
-0.0122037
-0.0208041
0.00377823
-0.00922897
-0.00580192
-0.00163659
0.00424218
-0.00830748
-0.0270077
-0.00717586
0.016215
-0.00623028
-0.0188251
-0.0214754
-0.00999917
0.0103639
0.0172769
0.0310517
0.00092384
0.0165878
-0.0312687
-0.00755388
0.00281592
-0.0439111
0.00189813
-0.00829462
-0.00537655
-0.00862643
0.0142158
0.00360239
-0.00684782
-0.000769516
-0.0133543
0.00165314
-0.0139175
0.00230128
0.00344012
0.00222154
4.44027e-05
-0.00656288
0.0159959
0.0221323
0.000910657
