1.02185
1.02187
1.02185
1.02182
1.0219
1.02179
1.02185
1.02189
1.02187
1.02182
1.02187
1.02181
1.02185
1.02184
1.02186
1.02184
1.02188
1.02185
1.02185
1.02183
1.02188
1.02186
1.02183
1.02186
1.02186
1.02185
1.02186
1.02184
1.0218
1.02183
1.02182
1.02186
1.02182
1.02184
1.02183
1.02183
1.02187
1.02186
1.0218
1.0218
1.0219
1.02185
1.02185
1.02186
1.02184
1.0218
1.02184
1.0218
1.02185
1.0218
1.02187
1.02183
1.02186
1.02182
1.02183
1.02184
1.02181
1.02184
1.02183
1.02184
1.02184
1.02181
1.02183
1.02188
1.02183
1.02177
1.02185
1.02186
1.02184
1.02176
1.02187
1.02181
1.02182
1.02186
1.02186
1.02183
1.02184
1.02188
1.02187
1.02187
1.02184
1.02178
1.02187
1.02189
1.02187
1.02186
1.02187
1.02184
1.02183
1.02185
1.02187
1.02188
1.02179
1.02186
1.02187
1.02187
1.02186
1.02178
1.02185
1.02184
1.02187
1.02184
1.02189
1.02183
1.02186
1.02189
1.02184
1.02187
1.02185
1.02188
1.02188
1.02188
1.02183
1.0219
1.02188
1.02186
1.02184
1.02185
1.02191
1.02188
1.02188
1.02183
1.02184
1.02183
1.02183
1.02187
1.0218
1.02183
1.02184
1.02184
1.02181
1.02177
1.0218
1.02189
1.02189
1.02185
1.02187
1.02182
1.02185
1.02184
1.0219
1.02183
1.02183
1.02185
1.02181
1.02188
1.02187
1.02182
1.02178
1.02186
1.02189
1.02186
1.0218
1.02183
1.02182
1.02187
1.02184
1.02186
1.02183
1.02113
1.0216
1.02143
1.02152
1.02149
1.02161
1.02156
1.02152
1.02165
1.02159
1.02167
1.02171
1.02165
1.02162
1.02165
1.02162
1.0216
1.02165
1.02168
1.02176
1.02178
1.02184
1.02176
1.02176
1.02175
1.02177
1.02181
1.02188
1.02193
1.02201
1.02193
1.02195
1.02192
1.02194
1.02193
1.02196
1.02197
1.02196
1.0219
1.02195
1.02198
1.02195
1.02195
1.02195
1.02193
1.02186
1.02191
1.02199
1.02191
1.02196
1.02193
1.02195
1.02194
1.02198
1.02195
1.02186
1.0219
1.02189
1.02191
1.0219
1.02184
1.02188
1.0219
1.0219
1.02198
1.0219
1.02189
1.02193
1.02194
1.02198
1.0219
1.0219
1.0219
1.02191
1.02184
1.02192
1.02188
1.02191
1.02192
1.02188
1.02187
1.02194
1.02193
1.02187
1.02191
1.02189
1.02191
1.02187
1.02189
1.02196
1.02191
1.02193
1.02193
1.02188
1.02191
1.02192
1.02194
1.0219
1.02193
1.02193
1.02188
1.02195
1.0219
1.02193
1.02192
1.02195
1.02196
1.02196
1.02192
1.02191
1.02195
1.02194
1.02195
1.02196
1.02198
1.0219
1.02195
1.02192
1.02192
1.02195
1.02194
1.02196
1.02198
1.02197
1.0219
1.022
1.02195
1.02194
1.02196
1.02199
1.02197
1.02191
1.02189
1.02196
1.02188
1.02196
1.02198
1.02192
1.02195
1.02194
1.02193
1.02196
1.02191
1.02195
1.02193
1.02189
1.0219
1.02189
1.02189
1.02193
1.02193
1.02192
1.02192
1.02189
1.02191
1.0219
1.02189
1.02189
1.02186
1.02192
1.0219
1.0219
1.02186
1.02186
1.02187
1.02187
1.02184
1.02186
1.02189
1.02191
1.02191
1.02188
1.0219
1.02185
1.02189
1.0219
1.0219
1.02194
1.02189
1.0219
1.02188
1.02187
1.02189
1.02189
1.02187
1.0219
1.02185
1.02189
1.02182
1.02189
1.02186
1.02187
1.02188
1.02186
1.02186
1.02184
1.02186
1.02186
1.02186
1.02188
1.02186
1.02183
1.02182
1.02183
1.02184
1.02187
1.02182
1.02186
1.02184
1.02185
1.0218
1.02179
1.02187
1.02178
1.02184
1.02179
1.02181
1.02185
1.02182
1.02183
1.02182
1.02186
1.02185
1.02179
1.02185
1.02183
1.02188
1.02184
1.02186
1.02186
1.0218
1.02186
1.02184
1.02185
1.02183
1.02189
1.02184
1.02186
1.02188
1.02178
1.02182
1.0218
1.02184
1.02182
1.02181
1.02179
1.02183
1.02176
1.02164
1.02152
1.02142
1.02123
1.02112
1.02101
1.02082
1.02064
1.02043
1.02008
1.01979
1.01947
1.01906
1.01852
1.01798
1.01748
1.01699
1.01649
1.01617
1.01592
1.01592
1.01584
1.01582
1.01584
1.01583
1.0158
1.0158
1.01571
1.01573
1.01569
1.01551
1.0155
1.01535
1.01528
1.01516
1.01493
1.01453
1.01402
1.01352
1.01296
1.01232
1.01164
1.01093
1.01018
1.0095
1.00875
1.00719
1.00631
1.00544
1.00458
1.00363
1.00267
1.00169
1.00082
0.999984
0.998925
0.997765
0.996545
0.995285
0.993886
0.992389
0.990898
0.989547
0.988171
0.986959
0.98565
0.984423
0.983125
0.981974
0.980837
0.979757
0.97878
0.977728
0.976709
0.975753
0.974784
0.973845
0.97297
0.972074
0.971413
0.97057
0.969651
0.968749
0.968024
0.966519
0.965667
0.96493
0.964204
0.963368
0.962406
0.96147
0.960533
0.959635
0.958938
0.958315
0.95753
0.956802
0.955979
0.955187
0.95435
0.953327
0.952397
0.951516
0.95056
0.949736
0.948866
0.948069
0.947291
0.946608
0.945789
0.94484
0.943956
0.943042
0.942076
0.941158
0.940211
0.939156
0.938163
0.937023
0.935832
0.934551
0.933244
0.931956
0.929129
0.927674
0.926243
0.924599
0.922849
0.921202
0.919162
0.916945
0.914617
0.912327
0.909968
0.907711
0.905227
0.90276
0.900247
0.897493
0.894982
0.89216
0.889424
0.886391
0.883507
0.880366
0.877318
0.874178
0.871038
0.867741
0.864162
0.860446
0.856669
0.852797
0.849108
0.845322
0.841389
0.837545
0.833584
0.829463
0.825377
0.820994
0.812424
0.808112
0.803688
0.799331
0.795128
0.790705
0.786106
0.781533
0.777027
0.772252
0.767295
0.762338
0.757386
0.752304
0.747061
0.741717
0.735927
0.730084
0.724069
0.71779
0.711366
0.704885
0.698304
0.691567
0.68504
0.678342
0.6716
0.664928
0.658223
0.651527
0.644623
0.637684
0.630679
0.623545
0.616328
0.609295
0.602063
0.594932
0.587758
0.580605
0.57337
0.566105
0.551613
0.544546
0.537428
0.530443
0.523453
0.516449
0.509288
0.502063
0.494808
0.487776
0.480776
0.47376
0.466931
0.460079
0.453269
0.446675
0.440004
0.433987
0.428146
0.422381
0.417194
0.412343
0.407532
0.402605
0.397644
0.392589
0.387265
0.382066
0.377014
0.371994
0.367426
0.362942
0.358692
0.354427
0.350239
0.345935
0.341338
0.336692
0.33226
0.327924
0.323534
0.315201
0.311086
0.306993
0.30269
0.298108
0.293351
0.288751
0.284092
0.279648
0.275207
0.271144
0.266968
0.262734
0.258688
0.254752
0.250696
0.246796
0.242866
0.239114
0.235626
0.232318
0.229151
0.226191
0.223514
0.221169
0.218793
0.216738
0.214784
0.212923
0.211119
0.209469
0.207823
0.206299
0.204785
0.203274
0.201706
0.200119
0.198367
0.194907
0.193236
0.191457
0.189721
0.187974
0.186471
0.185014
0.18349
0.182226
0.18141
0.18087
0.180061
0.179392
0.179077
0.179141
0.179237
0.179383
0.179572
0.179736
0.179968
0.180187
0.180478
0.180819
0.181141
0.181257
0.181297
0.181296
0.181238
0.181186
0.181134
0.181156
0.180973
0.180879
0.180643
0.18024
0.179971
0.179851
0.179518
0.17869
0.178278
0.177955
0.177166
0.175937
0.175019
0.174037
0.172689
0.170917
0.16897
0.167111
0.165348
0.163132
0.161198
0.159547
0.157424
0.155571
0.153425
0.151335
0.149145
0.146982
0.144791
0.142661
0.140532
0.138421
0.136047
0.133546
0.130911
0.128206
0.125333
0.122146
0.11893
0.116049
0.11267
0.109004
0.10574
0.102179
0.09481
0.0912285
0.0875033
0.0837567
0.0804261
0.0762181
0.0727415
0.069003
0.0652862
0.0617306
0.0583436
0.054349
0.0506959
0.0470535
0.0439534
0.0400949
0.037153
0.0336434
0.0309434
0.0275025
0.0248464
0.0216584
0.0191775
0.0161165
0.0137932
0.0111764
0.00874548
0.00610762
0.00374562
0.00170691
-0.000536639
-0.00276846
-0.0049299
-0.00722042
-0.0091937
-0.0114402
-0.0133839
-0.0151901
-0.0186359
-0.0205112
-0.0223552
-0.0241478
-0.025994
-0.027956
-0.0299514
-0.0316985
-0.0337366
-0.0354584
-0.0374439
-0.0396289
-0.0418287
-0.0439966
-0.0463123
-0.0484581
-0.0506306
-0.0529628
-0.0550643
-0.0571862
-0.0591626
-0.0609961
-0.0626519
-0.0642792
-0.0657117
-0.067011
-0.0684457
-0.0698102
-0.071152
-0.0723276
-0.0737042
-0.0747371
-0.0759901
-0.0772874
-0.0782872
-0.0792808
-0.0803394
-0.0815534
-0.0825593
-0.0837091
-0.0858207
-0.0869624
-0.0881694
-0.0893562
-0.0903964
-0.0916885
-0.0929768
-0.0944626
-0.0957629
-0.0972527
-0.0985521
-0.0999696
-0.101477
-0.102845
-0.104158
-0.105545
-0.106929
-0.108366
-0.109807
-0.111193
-0.112602
-0.113914
-0.115188
-0.116757
-0.11816
-0.119735
-0.121346
-0.122958
-0.124613
-0.126308
-0.127868
-0.12935
-0.130722
-0.132218
-0.133653
-0.134993
-0.136347
-0.138914
-0.140077
-0.141373
-0.142677
-0.143914
-0.144943
-0.146058
-0.147014
-0.147787
-0.148819
-0.149662
-0.150643
-0.151603
-0.152352
-0.15303
-0.153672
-0.154346
-0.154885
-0.155338
-0.155771
-0.156258
-0.156559
-0.157046
-0.157523
-0.158023
-0.158501
-0.158949
-0.159331
-0.159848
-0.160415
-0.161069
-0.161803
-0.16266
-0.163605
-0.164541
-0.165382
-0.166318
-0.168482
-0.169578
-0.170804
-0.172066
-0.173242
-0.174412
-0.175772
-0.177099
-0.178508
-0.179885
-0.181184
-0.182464
-0.183827
-0.185079
-0.186151
-0.187298
-0.188457
-0.189612
-0.190713
-0.191924
-0.193009
-0.194121
-0.195285
-0.196405
-0.197395
-0.198361
-0.199244
-0.200207
-0.200979
-0.201828
-0.202539
-0.203231
-0.204075
-0.204914
-0.205655
-0.20723
-0.208061
-0.209036
-0.209859
-0.210655
-0.211395
-0.212184
-0.212831
-0.213378
-0.213862
-0.214246
-0.214591
-0.214814
-0.214847
-0.215095
-0.215175
-0.215095
-0.215258
-0.215359
-0.215549
-0.215586
-0.215664
-0.215771
-0.215847
-0.215955
-0.216056
-0.216144
-0.216229
-0.216249
-0.216392
-0.21646
-0.216598
-0.21671
-0.216765
-0.216844
-0.216827
-0.217033
-0.217196
-0.217251
-0.217234
-0.217264
-0.217323
-0.217323
-0.217302
-0.217436
-0.218008
-0.218149
-0.218302
-0.218257
-0.218343
-0.21848
-0.218508
-0.218664
-0.218731
-0.218809
-0.218984
-0.219117
-0.219355
-0.219568
-0.21985
-0.220122
-0.220389
-0.220773
-0.221218
-0.221536
-0.221987
-0.222415
-0.222898
-0.223429
-0.224005
-0.22445
-0.225016
-0.225453
-0.226013
-0.225317
-0.224333
-0.224286
-0.224016
-0.223984
-0.224009
-0.224268
-0.224908
-0.225362
-0.225453
-0.226231
-0.227284
-0.228347
-0.229729
-0.231515
-0.233636
-0.236523
-0.239672
-0.243129
-0.247279
-0.251819
-0.256871
-0.2629
-0.269364
-0.276508
-0.284463
-0.293073
-0.302328
-0.312006
-0.321647
-0.331106
-0.340906
-0.35021
-0.35935
-0.368525
-0.377628
-0.387163
-0.396679
-0.406541
-0.416609
-0.426797
-0.436775
-0.44625
-0.455218
-0.463654
-0.471718
-0.479682
-0.487161
-0.495494
-0.502696
-0.509793
-0.522537
-0.529063
-0.535294
-0.541362
-0.54753
-0.553522
-0.559548
-0.565636
-0.571609
-0.577659
-0.583761
-0.589768
-0.595976
-0.602227
-0.608437
-0.614627
-0.62104
-0.6273
-0.63368
-0.640104
-0.646576
-0.653199
-0.65981
-0.666303
-0.672903
-0.679433
-0.685995
-0.692505
-0.698953
-0.705426
-0.712047
-0.718518
-0.725144
-0.731749
-0.738164
-0.74461
-0.751312
-0.756699
-0.762467
-0.767847
-0.773331
-0.778983
-0.788332
-0.793106
-0.797949
-0.802434
-0.806569
-0.810533
-0.814574
-0.818304
-0.822166
-0.82624
-0.830521
-0.835011
-0.839589
-0.844039
-0.84848
-0.852892
-0.857327
-0.861456
-0.865679
-0.870194
-0.874704
-0.879303
-0.884199
-0.889282
-0.894595
-0.900009
-0.905505
-0.91094
-0.91616
-0.92152
-0.926986
-0.932516
-0.938114
-0.943903
-0.949607
-0.95524
-0.960808
-0.966356
-0.971281
-0.975
-0.977035
-0.979363
-0.983283
-0.984498
-0.985025
-0.985611
-0.985913
-0.986052
-0.986108
-0.9861
-0.986014
-0.985986
-0.98598
-0.985915
-0.985896
-0.985965
-0.985929
-0.985939
-0.985927
-0.985933
-0.985892
-0.985933
-0.985958
-0.985901
-0.985948
-0.985888
-0.985937
-0.985915
-0.985906
-0.985914
-0.985897
-0.985911
-0.985861
-0.985909
-0.985892
-0.985865
-0.985881
-0.985883
-0.985866
-0.98582
-0.985858
-0.985842
-0.985852
-0.985839
-0.985815
-0.985852
-0.985847
-0.985832
-0.985814
-0.985888
-0.985725
-0.985825
-0.985861
-0.985833
-0.985834
-0.985801
-0.985844
-0.98585
-0.985843
-0.985819
-0.985806
-0.985842
-0.985845
-0.985821
-0.985854
-0.985826
-0.98582
-0.985782
-0.985775
-0.985874
-0.985853
-0.985829
-0.985755
-0.985826
-0.985783
-0.985816
-0.985817
-0.985804
-0.985835
-0.985795
-0.985831
-0.98582
-0.985831
-0.985835
-0.985859
-0.985837
-0.98581
-0.985784
-0.985807
-0.985819
-0.985835
-0.985792
-0.985804
-0.985856
-0.985816
-0.985785
-0.98582
-0.98584
-0.985833
-0.985825
-0.985824
-0.985836
-0.985827
-0.985773
-0.985825
-0.985824
-0.985815
-0.985807
-0.985762
-0.985819
-0.985809
-0.98582
-0.985858
-0.985818
-0.985843
-0.985841
-0.985838
-0.985835
-0.985798
-0.985808
-0.985818
-0.985814
-0.985838
-0.985799
-0.985849
-0.985819
-0.985795
-0.985753
-0.98583
-0.985831
-0.985822
-0.985867
-0.985842
-0.98589
-0.985819
-0.985827
-0.985787
-0.985819
-0.985812
-0.985828
-0.985816
-0.985833
-0.985807
-0.98583
-0.985812
-0.985833
-0.98578
-0.985842
-0.985754
-0.985842
-0.985788
-0.985821
-0.985825
-0.985847
-0.98585
-0.985813
-0.985821
-0.985773
-0.98582
-0.985808
-0.985821
-0.985822
-0.985818
-0.985774
-0.985748
-0.985808
-0.98579
-0.98581
-0.985825
-0.985823
-0.985815
