0.00834384
0.00899003
0.0106863
0.00910542
0.00654873
0.0113671
0.00566519
0.00569486
0.00799603
0.00959006
0.00879221
0.00593717
0.00767623
0.00939224
0.00654378
0.00776855
0.00953731
0.00934939
0.00852022
0.00951917
0.00872957
0.00881694
0.0103549
0.00985051
0.00863726
0.00862407
0.00803229
0.00919278
0.0103615
0.00937741
0.00899332
0.00887958
0.00691797
0.00929664
0.00941532
0.00980765
0.00725754
0.00666741
0.0089109
0.0103698
0.00629487
0.00658499
0.00767294
0.00881694
0.0103879
0.0101786
0.00757568
0.00754106
0.00911366
0.0099181
0.00682731
0.0106797
0.00850209
0.00918454
0.00622894
0.00811471
0.0105956
0.00733172
0.00790866
0.0100401
0.00856638
0.00922575
0.0122045
0.00826966
0.00873287
0.00939719
0.00809163
0.00987029
0.00790372
0.0109204
0.00724435
0.00883507
0.00941038
0.00995107
0.00784107
0.0101934
0.0101258
0.00656686
0.00862572
0.00786086
0.00624213
0.00793009
0.00836033
0.00699215
0.00948291
0.00794328
0.00778173
0.00962467
0.0105874
0.00628334
0.00955874
0.0079713
0.00992469
0.00907575
0.0086999
0.00689324
0.00668719
0.00906091
0.00819219
0.00924389
0.00810647
0.00830098
0.00915817
0.00988513
0.00882024
0.00700698
0.00799932
0.00564871
0.0096527
0.00617619
0.00763832
0.00783119
0.00740425
0.00511463
0.0090741
0.00747513
0.00818065
0.00946642
0.00705808
0.00885156
0.00783778
0.00892409
0.00820208
0.00850044
0.00801086
0.00592234
0.0106681
0.0106137
0.00799768
0.00890596
0.0102775
0.0128788
0.00685038
0.00699874
0.00722292
0.00617784
0.00885321
0.0105017
0.00971534
0.010289
0.00746359
0.0115385
0.0100384
0.0110094
0.00755755
0.00784272
0.00850209
0.0112962
0.0138465
0.00710424
0.0068339
0.00991315
0.00950599
0.00950599
0.0100285
0.00824988
0.00821362
0.00778668
0.0111033
0.0257457
0.0123117
0.00692621
0.00495474
0.00758227
0.0050454
0.00785921
0.0106039
0.00566684
0.0100747
0.00501573
0.00623883
0.00416187
0.0074537
0.00536024
0.00848231
0.00743392
0.00738611
0.00353714
0.00098713
0.00422781
0.000319546
0.0034745
0.000758009
0.00466463
0.00321406
0.00369044
0.000995372
-0.00154639
-0.0023986
-0.00090848
0.00102504
-0.00190903
0.00134977
-0.00112936
-0.0034074
-0.00288487
0.000400315
0.000644272
7.72377e-05
-0.000473313
-0.000428808
0.00125581
-0.00281399
-0.00080793
0.0029256
-0.00020628
-0.0013898
-0.000328258
-0.00173596
-0.000448588
-0.00330191
-0.000943095
-0.00170464
-0.00212002
0.00141735
-0.00024584
-0.000835952
0.00022559
0.00306901
0.00234538
0.0011701
0.00145526
0.0026256
-0.00036617
-0.000268917
0.00190691
-0.000296939
-0.000554083
-0.00203266
-8.43012e-05
0.000494272
-0.000667819
0.000251963
0.00114702
-0.000661226
0.00255801
0.000403612
0.00129537
0.00244098
0.00160856
-0.00171782
0.000296469
0.00233549
0.000792624
0.00398385
-0.00116398
0.00134317
-0.00133376
-0.00359202
0.00124592
0.00249702
-0.000718919
0.00150142
0.0016646
-0.000171664
0.00141735
-2.35019e-07
0.000792624
0.00012504
-0.000882106
-0.00160903
0.0013679
7.22926e-05
0.00146845
-0.000249137
-0.00198651
0.00155746
-0.000379357
-0.000278807
-0.000474962
0.0015146
-0.00167167
-0.00120518
-0.00235904
0.000578338
-0.000470017
-0.00103375
5.58091e-05
-0.00260464
-0.000344741
-0.00153815
-0.00118046
-0.00266563
0.000799217
-0.00289805
-0.00106178
0.000210755
-0.000756831
-0.00184145
-0.00458929
0.000174491
0.00154757
-0.00142112
0.00162834
-0.000320016
-0.000710677
0.00200746
-0.003714
-0.00262113
0.000579986
-0.00115738
0.000360755
-0.002903
-0.000361225
-0.000685951
-0.000666171
0.00223164
-0.000194741
-0.00374037
-0.000666171
0.000289876
0.00139592
-0.000669468
0.000675591
4.59189e-05
0.00281351
-0.000291994
0.00183109
-0.00163705
-0.000277159
-0.000545841
0.000940976
0.00105801
0.000687129
0.000100315
0.00238823
0.000795921
-0.00124145
-0.000313423
-0.000232653
0.00156076
0.00290252
0.00143054
-0.00055738
5.0864e-05
-0.00114419
-0.00120518
0.000410206
0.00153603
0.00180307
0.00270307
0.00061625
0.000390425
0.00187395
-4.80373e-05
0.00187065
0.00128054
0.00150142
-0.000554083
0.000753063
0.00240801
0.00061625
0.00170252
-0.000204631
0.00203878
0.00263219
0.000850316
0.00180801
-0.00260629
0.00089647
0.00496793
0.000810756
0.00196296
0.00331791
0.00121131
0.00173054
0.00206845
0.0027179
0.00108109
0.00308054
0.00271296
-0.000709028
0.00360472
0.00287944
0.00313164
0.00127889
-6.45209e-05
0.00439759
0.00511628
0.00217065
0.000322843
0.00249702
0.00350417
0.005352
0.00177669
0.000665701
0.00310362
0.00291571
0.000177787
0.00283494
0.00048603
0.00369868
0.000700316
-2.99054e-05
-0.00208376
0.000850316
0.00335747
0.00186241
0.00405802
0.0012657
0.00219867
0.0027756
0.00214428
0.00312835
0.00265692
0.00212779
0.00299153
0.00682566
0.0106418
0.013408
0.0151686
0.0122045
0.011743
0.012193
0.0128178
0.0163095
0.014918
0.0182829
0.021564
0.0203455
0.0245337
0.0238296
0.0205269
0.0168304
0.013281
0.0132481
0.0133733
0.0143328
0.0128936
0.0148752
0.0128821
0.0141976
0.0127848
0.0146098
0.0176135
0.0166359
0.016143
0.0165386
0.0159501
0.0169623
0.018644
0.0225912
0.0214354
0.0257342
0.024565
0.0277857
0.0227347
0.0251108
0.0178081
0.0241214
0.0243589
0.0271277
0.0259354
0.0267451
0.0272744
0.0271936
0.0286779
0.0264894
0.023851
0.0223159
0.0257111
0.0242171
0.0297136
0.0355479
0.0366879
0.0369436
0.0348303
0.0327502
0.0299973
0.027629
0.0326594
0.0302777
0.0289434
0.025594
0.0293491
0.0270864
0.028729
0.026501
0.0263608
0.0237059
0.0264202
0.0255478
0.0240967
0.0216167
0.0206538
0.0270749
0.0232013
0.0254192
0.0245155
0.0237982
0.0241775
0.0177306
0.0198838
0.0255726
0.0315246
0.0322949
0.031744
0.0221147
0.0197338
0.0201592
0.0233003
0.0250564
0.0253318
0.0241313
0.0291248
0.0302315
0.0276521
0.0280281
0.0263245
0.0212012
0.0225302
0.0208847
0.0211287
0.0233794
0.0267681
0.0262272
0.0249509
0.0262767
0.0244875
0.0239087
0.0243556
0.0279605
0.0277791
0.0306406
0.0270419
0.0284025
0.0266741
0.0296229
0.035373
0.0319337
0.0340484
0.0349887
0.0319452
0.0344129
0.0364124
0.0420901
0.0430637
0.0466602
0.0496318
0.0481707
0.0500907
0.0458002
0.0466569
0.0501502
0.0491084
0.0546401
0.0530761
0.0577536
0.0551273
0.0549423
0.0529638
0.0504804
0.0530431
0.0591859
0.0637119
0.0670806
0.0741535
0.0697227
0.0690563
0.0694135
0.0645631
0.0648573
0.0687951
0.0655234
0.0722744
0.0757185
0.0715004
0.0677501
0.0695441
0.069769
0.0720792
0.0697227
0.0728533
0.0767576
0.0730485
0.0765937
0.0780466
0.0774575
0.077153
0.0778431
0.0772622
0.0797794
0.0822194
0.0889583
0.095122
0.0996976
0.100414
0.102533
0.100663
0.101
0.100826
0.101363
0.0985365
0.0992066
0.104908
0.108393
0.112269
0.111682
0.117478
0.115109
0.120046
0.116251
0.114366
0.108614
0.107952
0.112962
0.114742
0.108749
0.115259
0.112512
0.105361
0.103848
0.104292
0.105823
0.116275
0.116561
0.111333
0.111045
0.10779
0.102402
0.106413
0.107282
0.10849
0.109706
0.102099
0.0925965
0.0891331
0.0799193
0.0715153
0.0729434
0.0735985
0.0759294
0.0818899
0.0887794
0.0915607
0.0910038
0.0857795
0.0772606
0.0706471
0.0640086
0.0611852
0.0671914
0.0705759
0.0751948
0.0677749
0.070958
0.0818287
0.0861149
0.0688223
0.0556286
0.0573349
0.0615363
0.0710737
0.0788195
0.0763298
0.0783643
0.0776966
0.0713433
0.0672075
0.0619824
0.0656552
0.0652333
0.0676807
0.0740488
0.06588
0.0595568
0.0615793
0.0613318
0.058559
0.0563062
0.0509316
0.045348
0.0460268
0.0447208
0.039211
0.0366244
0.0357112
0.0343878
0.0351681
0.0337857
0.0325147
0.0297631
0.0285868
0.0299235
0.032036
0.0311898
0.0325283
0.0344327
0.0355454
0.0310286
0.0315457
0.0345231
0.0335296
0.0352534
0.034288
0.0247753
0.0246487
0.0222643
0.0208612
0.0178848
0.0102923
0.00944541
0.00840442
-0.000460126
-0.000685539
-0.0016828
-0.00450028
-0.00467748
-0.00657355
-0.0115981
-0.0104779
-0.00753788
-0.0016387
0.000797157
0.000516524
0.00204991
0.00380995
0.00324662
0.0037028
0.0041083
0.010758
0.0106001
0.0107065
0.012683
0.0142747
0.0117516
0.0102758
0.0135543
0.015507
0.01088
0.0131833
0.0216575
0.0266428
0.0347074
0.0423972
0.0459989
0.0416212
0.0379263
0.033124
0.0325458
0.033012
0.0323939
0.0359721
0.0410185
0.0406532
0.0415581
0.0411614
0.037412
0.0357048
0.0374186
0.0368665
0.0378737
0.0415799
0.0507371
0.0554768
0.0572857
0.0529659
0.0563167
0.0529124
0.0503762
0.0507935
0.0612619
0.0620315
0.0614502
0.056421
0.061381
0.0578162
0.0580279
0.0573812
0.0585696
0.0572898
0.0562687
0.059779
0.0575646
0.0619384
0.0654287
0.0594311
0.0579755
0.056559
0.0527329
0.0508323
0.0509873
0.0510062
0.0483535
0.0457261
0.0456799
0.047147
0.0461193
0.0425712
0.0395864
0.0352755
0.0381745
0.0379091
0.0421448
0.0434523
0.037308
0.0349497
0.0331541
0.0324305
0.0351243
0.0360499
0.031883
0.0329347
0.0352472
0.0333133
0.0338253
0.0335184
0.0344684
0.0342975
0.0342886
0.034288
0.0364707
0.0385729
0.0399228
0.0439246
0.0384487
0.0433484
0.0421202
0.037532
0.0370471
0.0349165
0.0289562
0.026326
0.02805
0.026696
0.025453
0.0263113
0.0243383
0.0226359
0.0263109
0.0239891
0.0228045
0.0258076
0.0195557
0.021165
0.0211571
0.0238461
0.0226741
0.0219304
0.0266915
0.0248103
0.0253693
0.0218727
0.0227128
0.0243205
0.026158
0.022848
0.0297483
0.0276772
0.0270947
0.0220285
0.0262375
0.0262227
0.0252057
0.027004
0.0258793
0.0276109
0.0265364
0.0267916
0.0267661
0.0249822
0.0252597
0.0252403
0.0233093
0.0204461
0.0276348
0.0308434
0.0353582
0.0334879
0.0325947
0.0310413
0.0276607
0.0245794
0.0260677
0.0226869
0.0275226
0.027319
0.0270539
0.0288391
0.0270122
0.0227433
0.0249455
0.0249418
0.0201596
0.0188604
0.0158639
0.0162551
0.0199139
0.0242311
0.0215759
0.0195195
0.0178559
0.00923029
0.0122676
0.014273
0.0162802
0.0160313
0.013755
0.0120413
0.012348
0.011893
0.0116148
0.011766
0.00883837
0.0111322
0.0119169
0.0129719
0.0206427
0.0213331
0.021066
0.0176515
0.0164945
0.0167088
0.0177393
0.0180265
0.0242059
0.0281893
0.0219535
0.0196139
0.0240476
0.0263225
0.0276245
0.0285979
0.0298534
0.0321036
0.0290716
0.0247889
0.0206299
0.0199024
0.0244162
0.0218204
0.0228406
0.0222412
0.0208129
0.0240163
0.0262264
0.0260574
0.0244071
0.0224886
0.0219119
0.0208022
0.0216497
0.0163655
0.0177298
0.0135555
0.0201064
0.0189119
0.0213455
0.0175797
0.0180307
0.0226184
0.0199638
0.0182219
0.0222499
0.0224766
0.0202581
0.0183118
0.0145636
0.0138597
0.014698
0.0140591
0.0112319
0.0155099
0.0102058
0.0131871
0.013361
0.0122936
0.00989585
0.00826719
0.00720314
0.00872957
0.00983238
0.0102198
0.00863974
0.0103764
0.00987194
0.00417094
0.0056586
0.00878644
0.0090403
0.0111446
0.00993541
0.00704737
0.00633279
0.00699956
0.00680752
0.0068372
0.0103739
0.0101868
0.00969391
0.00800839
0.00490776
0.00718913
0.00866776
0.0060946
0.00883919
0.0100986
0.0096527
0.00755508
0.00713885
0.00677291
0.00806938
0.00757156
0.00848561
0.00739518
0.00842214
0.00720561
0.00919773
0.0100755
0.0120611
0.0144548
0.0142784
0.0139256
0.0166771
0.0203645
0.0175756
0.0168131
0.01406
0.0127436
0.0141737
0.0117504
0.0144944
0.0141292
0.0128862
0.0173613
0.00746936
-0.00790425
-0.00900129
-0.0137762
-0.00429505
0.00214757
0.0057303
0.00340445
0.00616548
0.00435885
0.0151117
0.0254918
0.0356815
0.0401107
0.0464902
0.0462236
0.0613107
0.0677154
0.0684652
0.0800029
0.0889484
0.0959428
0.114364
0.129126
0.136411
0.146465
0.154685
0.152333
0.148192
0.131267
0.116671
0.122537
0.119795
0.122114
0.130241
0.143865
0.158761
0.167731
0.160066
0.149369
0.136572
0.126387
0.110837
0.10874
0.110156
0.109274
0.110157
0.108858
0.100227
0.0981782
0.0937925
0.0942533
0.0943677
0.0869936
0.0854814
0.0851436
0.0830654
0.0840738
0.0882757
0.0883586
0.0936267
0.0958881
0.0923305
0.0905838
0.093688
0.0942749
0.0953144
0.0967337
0.0985099
0.0992995
0.101868
0.104027
0.105874
0.105323
0.0961517
0.0942649
0.0920023
0.0940544
0.0955697
0.102618
0.10317
0.101478
0.104845
0.0969161
0.0922476
0.0872354
0.0794517
0.0760362
0.0771365
0.0710324
0.0723356
0.0728781
0.0755779
0.0785315
0.0708868
0.0639135
0.0610629
0.0542652
0.058018
0.0655135
0.062598
0.0698318
0.0724398
0.0723952
0.072195
0.0739996
0.070743
0.0675484
0.0672773
0.0634442
0.0682478
0.0701195
0.0766715
0.0865182
0.0904827
0.0885822
0.082385
0.0844381
0.0795146
0.0758095
0.076511
0.0754372
0.077105
0.080079
0.0849465
0.093562
0.0913576
0.0879991
0.0878434
0.0790247
0.0771183
0.0629665
0.0340616
0.0221905
0.0145636
0.0239087
0.0209836
0.0144878
0.00948621
0.00178493
0.000103611
0.00397725
0.00563222
0.000489327
0.00179812
0.00140911
-0.000875513
1.41334e-06
0.000591525
-0.000733754
0.00169592
-1.88338e-06
0.00143878
-0.000407379
0.0025234
0.00077614
0.00129043
0.00191021
0.000805811
-0.000605182
-0.000793095
-0.00110628
0.00128383
-0.000694193
-0.00044694
-0.000334851
0.000238777
1.78969e-05
-0.00301839
-0.0016931
-0.000878809
0.000377238
-0.00233596
-0.00220739
-0.00255355
0.000357458
-0.000605182
-0.00164035
-0.00338432
0.00150471
-0.00120189
-0.0028997
1.41334e-06
-0.0044261
-0.00201288
-0.00140958
-0.00193706
-0.004225
-0.000117268
-0.00193376
-0.000202983
-0.00111288
-0.0011854
-0.00146892
-0.00203926
-0.000961227
-0.00269201
-0.00343048
-0.00406016
0.000954163
-0.00192057
-0.00197002
0.000383832
-0.000516171
-0.00073705
-0.00427445
0.000647569
-0.00122826
-0.000990898
-0.00558657
-0.00071727
-0.00268212
-0.00377664
-0.00329202
-0.00137002
0.000238777
-0.00305795
-0.0026986
-0.00195684
-0.0013898
-0.00270849
-0.00140958
-0.00183486
-0.000984304
-0.00242497
-0.00353268
-0.00132387
-0.00142277
-0.00374367
-0.000967821
-0.00221728
-0.000410676
0.000357458
-0.00181837
-0.00169969
0.00138933
-0.0050426
0.000327788
1.41334e-06
-0.00364147
-0.00332498
-0.00368433
-0.000512874
-0.000615072
-0.00164365
-0.00365136
-0.000667819
-0.000766721
-0.000657929
-0.000713973
-0.00133046
-0.00093815
-0.00092826
-0.00346345
-0.00145903
-0.00237552
-0.000526061
-2.82571e-05
-0.00183815
-0.0020953
-0.00296893
-0.00242497
-0.00112936
-0.000565621
-0.000961227
0.000980537
0.00077614
-0.000387599
-0.00144584
-0.000835952
-0.00071727
-0.00235904
-0.00196013
-0.00104694
-0.00216123
-0.0027975
-5.46308e-05
2.11936e-05
-0.00147222
-0.000661226
-0.00177552
-0.00451511
-0.00114584
-0.00267552
-0.00344037
-0.00533271
-0.000298587
-0.000110675
-0.00191728
0.000568448
-0.00305135
-0.00152497
-0.00187112
-0.00321949
-0.00123156
-0.00160409
-0.00419862
-0.00372719
-0.0028041
-0.00119859
-0.00116892
-0.00307113
-0.001492
-0.00126782
