-0.00898672
0.0040327
0.00302815
-0.00783907
0.017896
-0.0109293
-0.00357222
0.0321939
-0.0010963
-0.00918745
0.0126688
-0.00637212
-0.000319789
-0.00436594
0.0088911
0.000490199
0.000611017
0.000198551
-0.00467512
-0.00464628
0.00828817
0.010368
0.00190696
0.00682139
0.00766183
-0.00218
-0.00317577
-0.00214431
-0.00556462
-0.0154419
-0.0161799
0.00510147
-0.00615711
-0.00336232
-0.00873415
-0.00661308
-0.00418528
-0.000581084
-0.0165367
-0.00961928
0.0123652
0.00543654
0.00234191
-0.00347993
-0.0174751
-0.0205071
-0.000360186
-0.0208467
-0.0144736
-0.015433
-0.0144104
0.000457721
0.0113124
0.00474908
-0.0106347
0.007792
-0.00953014
-0.0147292
-0.00856918
-0.000615377
-0.0100278
-0.0164223
-0.0137401
0.00174362
-0.00203802
-0.0208267
-0.00553741
0.000389569
0.00144418
-0.0390812
0.0107515
-0.0130137
-0.0158689
0.00457979
0.0128425
-0.00491397
-0.0104335
0.0140328
0.0167711
0.00750576
-0.00248161
-0.0225147
0.00658562
0.0121858
0.0113287
0.00471846
0.00280125
0.0074784
-0.00705781
-0.00654056
0.0108329
0.00437301
-0.018399
-0.0172091
0.00513989
-0.00323853
0.00383909
-0.0222602
-0.00308618
-0.000605497
0.0157688
0.00323775
0.0211176
0.00868929
-0.0045289
0.0103513
-0.0118098
0.0177108
-0.00671823
-0.000854781
0.00591044
0.0109489
0.00786187
0.00885384
0.00542482
0.00764223
0.0041597
0.0042994
0.00934273
0.0233083
0.000101661
0.00475708
-0.00772988
-0.00135012
0.00731723
0.00911004
-0.0103302
-0.00200332
0.000531713
-0.00521159
-0.0168259
-0.0225498
-0.0127127
-0.00207335
0.0164421
0.00383468
0.00747889
-0.0120501
0.00940318
0.00270902
0.0148115
0.00501982
-0.0111122
0.0024412
-0.00732839
0.00551403
0.00613617
-0.00739582
-0.0268526
-0.00697755
0.000197168
0.00776845
0.00339537
0.00437716
-0.00527556
0.0143549
0.0132346
-0.00210746
-0.014313
-0.0129488
0.0184664
-0.0229946
0.0160437
0.00766002
0.00450234
0.00354364
-0.0155304
0.0240304
-0.00657108
0.00579432
-0.00972478
-0.0141849
-0.016306
0.00453269
-0.00735378
-0.00852669
-0.00207768
-0.0149646
-0.00559577
-0.00326547
0.012687
0.00472156
-0.00544446
-0.0120146
0.0148352
0.0231094
0.0184288
-0.00261832
0.0224979
-0.0172496
-0.00720547
-0.00628101
-0.00710606
-0.0136496
0.000339773
0.0173178
-0.00573286
-0.0195577
-0.0135473
0.02015
0.00317886
0.00567781
0.00243349
-0.000861017
-0.0129733
0.00591248
0.021675
0.0144184
-0.00147743
-0.0107103
0.0183843
0.0052276
0.020516
0.0217317
-0.00589091
-0.00268664
0.00678232
-0.00538388
-0.00894528
-0.0275137
-0.00359586
-0.0128457
-0.00183827
0.008925
0.00105664
-0.00575245
0.0132583
0.0128757
0.0242361
-0.0047218
-0.0159329
-0.00944588
0.014466
-0.0106637
0.00519002
-0.00178936
-0.00515207
-0.000860774
-0.0164486
-0.00102282
0.00890448
0.0167444
0.000181057
0.00682546
-0.007701
0.00690849
-0.019951
-0.00271808
0.0176523
-0.00772874
0.00123936
0.0173862
-0.00665048
-0.00908975
0.00499065
0.00470461
-0.00291152
-0.00624672
0.0100636
-0.00498716
0.00621438
-0.0186837
0.0030152
0.00690038
-0.000841696
0.00135068
0.0190225
-0.00374502
-0.0119124
0.0116935
-0.00333846
0.00213575
0.000328372
0.00534134
-0.0181351
-0.0123649
0.00586555
-0.00290933
0.011508
0.00501643
-0.00389548
0.0117796
0.00665144
-0.0269169
0.0184793
0.00280161
0.000856734
0.00504757
0.005753
0.00373709
-0.00721642
-0.0163017
0.00810154
-0.0127972
-0.0122496
-0.00109365
-0.009353
-0.0146599
0.0196106
-0.000780483
-0.0072969
-0.00762104
0.00489865
-0.00216052
-0.00610924
-0.00721512
-0.016957
-0.0163971
-0.00890327
0.0132567
-0.00387014
0.00861247
0.000577526
-0.00874183
0.00557379
-0.00199019
-0.00216988
-0.00806904
0.0162164
0.00234397
-0.0119719
-0.0053882
-0.00865673
-0.0199419
0.00126091
-0.0174816
-0.00914937
-0.0129774
-0.000639525
0.00894389
0.00258442
0.0113214
-0.0110444
-0.00286083
-0.00120123
-0.00107535
0.0186469
-0.00191137
0.0110614
-0.00116303
-0.0115494
0.00145592
-0.00587985
-0.00746436
0.000783367
-0.0124627
0.00377304
-0.0249064
-0.00694909
-0.00171222
-0.0142002
0.00836705
0.0022343
-0.00265272
-0.0137696
0.000724444
0.0109327
0.0049998
0.00669022
0.00692464
-0.00889019
-0.0183777
-0.0154585
0.00124331
0.0121515
-0.00457187
0.00255048
-0.000625709
-0.00723433
-0.00597282
-0.0263845
0.0120812
-0.0143531
0.0128336
-0.00944997
0.0044101
-0.00490868
0.00525015
-0.000165292
-0.00439409
0.00231509
-0.00306307
-0.00926963
0.00258201
-0.000321225
0.00522065
-0.00429549
0.00344983
0.00887603
-0.00293565
0.0170155
-0.00799847
0.000214056
5.40533e-05
0.00775434
0.0100295
0.00720096
0.0260224
-0.012638
-0.00514132
-0.000206682
-0.000242031
-0.00558706
-0.020656
-0.00515804
0.00133644
-0.000342488
-0.0206977
-0.00978408
-0.0263136
-0.0292829
-0.0293314
-0.00458473
-0.00386615
-0.0291195
-0.0217945
-0.00915264
-0.0209703
-0.0390959
-0.0317269
-0.0484274
-0.0537474
-0.0569881
-0.05401
-0.0476852
-0.0346911
-0.0273358
0.00996872
-0.00319633
0.00110414
0.00648055
-0.00376706
0.00298377
0.00805401
-0.0451342
-0.00194543
-0.0115017
-0.0211344
-0.00292081
-0.0239271
-0.00453428
-0.00567369
-0.0158169
-0.0402997
-0.055797
-0.0483898
-0.0401442
-0.0708184
-0.0704683
-0.0728264
-0.0882365
-0.0544083
-0.0646742
-0.0861552
-0.0830875
-0.0736793
-0.0806903
-0.0943368
-0.0822813
-0.108623
-0.0782793
-0.086163
-0.134188
-0.128283
-0.112146
-0.148233
-0.149252
-0.15504
-0.156719
-0.143334
-0.126527
-0.112442
-0.126108
-0.123175
-0.137717
-0.140014
-0.108238
-0.10578
-0.102887
-0.105602
-0.107994
-0.0869461
-0.0929708
-0.0801673
-0.0681522
-0.103234
-0.0596552
-0.0857582
-0.106241
-0.0887484
-0.0545477
-0.0714165
-0.0788918
-0.0745369
-0.0811955
-0.083967
-0.076534
-0.0962105
-0.0706646
-0.0762045
-0.0719264
-0.0655085
-0.111443
-0.0672883
-0.0802504
-0.0899892
-0.0856382
-0.111916
-0.103246
-0.0808792
-0.0771704
-0.0782797
-0.0951813
-0.0752391
-0.0641435
-0.0605871
-0.0939476
-0.100852
-0.0904324
-0.0907593
-0.104213
-0.0990206
-0.0918134
-0.10593
-0.100443
-0.121023
-0.124738
-0.139754
-0.126821
-0.11635
-0.148222
-0.144881
-0.152588
-0.16101
-0.178392
-0.17184
-0.20652
-0.234865
-0.211823
-0.224175
-0.236388
-0.249351
-0.260776
-0.246033
-0.272307
-0.282404
-0.287771
-0.299056
-0.282244
-0.323699
-0.280888
-0.29877
-0.294996
-0.310785
-0.311187
-0.323906
-0.358972
-0.380089
-0.386622
-0.376439
-0.371454
-0.379732
-0.396537
-0.387505
-0.37578
-0.430501
-0.409944
-0.425225
-0.437843
-0.422271
-0.441158
-0.44591
-0.430493
-0.437051
-0.456034
-0.469353
-0.442166
-0.454571
-0.4759
-0.513618
-0.53132
-0.506787
-0.539275
-0.514034
-0.573449
-0.589614
-0.578192
-0.597277
-0.641209
-0.613111
-0.638233
-0.655089
-0.675213
-0.700895
-0.686259
-0.704904
-0.674817
-0.666942
-0.693829
-0.69159
-0.698255
-0.716139
-0.742459
-0.717105
-0.709273
-0.687644
-0.7316
-0.719648
-0.728023
-0.704632
-0.727233
-0.70774
-0.71915
-0.687448
-0.706766
-0.713459
-0.721864
-0.735105
-0.741631
-0.691283
-0.702584
-0.67951
-0.687348
-0.702246
-0.682391
-0.654549
-0.656157
-0.569151
-0.549225
-0.553393
-0.517846
-0.508477
-0.492059
-0.490747
-0.481949
-0.504049
-0.543885
-0.533392
-0.527536
-0.486331
-0.432865
-0.422674
-0.427462
-0.412244
-0.413061
-0.468954
-0.454037
-0.44185
-0.431622
-0.454377
-0.447309
-0.427966
-0.409724
-0.419563
-0.434604
-0.457484
-0.47694
-0.477714
-0.456446
-0.411309
-0.451933
-0.41874
-0.417152
-0.417558
-0.418782
-0.394751
-0.40791
-0.402777
-0.384094
-0.347113
-0.347304
-0.320895
-0.308276
-0.283945
-0.257447
-0.211997
-0.220225
-0.197973
-0.196936
-0.177169
-0.190267
-0.166617
-0.168626
-0.136555
-0.156045
-0.150054
-0.139916
-0.158769
-0.192693
-0.161364
-0.16354
-0.165817
-0.185708
-0.183914
-0.144197
-0.13799
-0.138756
-0.105374
-0.051859
-0.0765644
-0.07883
-0.0598222
-0.0325283
0.0215035
0.0236045
0.00737987
0.033392
0.00565209
0.0156516
0.0234291
0.0229496
0.0263716
0.025109
0.0152143
0.0107272
0.00538919
-0.00460031
-0.00654209
-0.00820006
-0.00502071
-0.0564158
-0.0299418
-0.0246684
-0.0563806
-0.0383103
-0.0125639
-0.0425146
-0.0501536
-0.0360879
-0.0335113
-0.0875956
-0.123863
-0.0794828
-0.0960114
-0.134487
-0.201354
-0.188366
-0.190779
-0.182839
-0.181948
-0.203126
-0.181392
-0.181189
-0.18264
-0.219768
-0.191046
-0.219724
-0.215846
-0.220968
-0.221794
-0.200589
-0.211936
-0.255845
-0.25417
-0.267635
-0.271876
-0.310109
-0.325021
-0.314234
-0.297701
-0.33069
-0.362255
-0.319657
-0.357282
-0.397685
-0.34987
-0.375711
-0.372453
-0.366427
-0.390669
-0.382002
-0.356457
-0.386765
-0.352202
-0.360027
-0.373235
-0.335836
-0.357623
-0.34328
-0.332491
-0.362722
-0.323589
-0.297525
-0.289563
-0.320735
-0.28148
-0.277897
-0.277712
-0.271064
-0.244079
-0.247676
-0.239911
-0.228032
-0.223526
-0.240849
-0.215696
-0.18305
-0.216058
-0.19249
-0.193957
-0.202161
-0.193474
-0.200134
-0.199291
-0.194971
-0.185336
-0.173892
-0.185809
-0.169601
-0.18678
-0.199136
-0.179546
-0.198525
-0.212186
-0.218975
-0.211049
-0.242872
-0.222116
-0.208083
-0.224249
-0.217994
-0.206349
-0.172685
-0.161281
-0.16016
-0.148051
-0.129348
-0.10466
-0.139186
-0.12002
-0.13343
-0.112236
-0.109082
-0.118521
-0.131502
-0.129604
-0.117076
-0.118593
-0.111004
-0.103263
-0.103845
-0.121738
-0.0986509
-0.108947
-0.134204
-0.126318
-0.129904
-0.134399
-0.129336
-0.156313
-0.119001
-0.152375
-0.120374
-0.140024
-0.154444
-0.15503
-0.137172
-0.135826
-0.134604
-0.134903
-0.134694
-0.1396
-0.138211
-0.122244
-0.152058
-0.149479
-0.145745
-0.155387
-0.192514
-0.170161
-0.157535
-0.165156
-0.145631
-0.161021
-0.131024
-0.123289
-0.165798
-0.150339
-0.130944
-0.138964
-0.104315
-0.11616
-0.127591
-0.117347
-0.107642
-0.101363
-0.0874054
-0.0613701
-0.0951489
-0.089873
-0.0987823
-0.0905639
-0.0616474
-0.0706523
-0.0732902
-0.0818992
-0.0725752
-0.0562635
-0.0380585
-0.0408107
-0.026304
-0.037681
-0.0367152
-0.0374928
-0.0526296
-0.0513953
-0.051316
-0.0518056
-0.0674796
-0.0554757
-0.0476431
-0.0711536
-0.0917243
-0.0773225
-0.0866775
-0.110359
-0.096586
-0.100403
-0.123448
-0.128789
-0.109093
-0.111875
-0.144996
-0.152011
-0.149402
-0.159436
-0.122587
-0.110199
-0.128195
-0.122452
-0.10969
-0.123769
-0.100635
-0.122955
-0.0988368
-0.127219
-0.106508
-0.0998953
-0.126493
-0.129807
-0.0927507
-0.100782
-0.06777
-0.0737469
-0.0663102
-0.0641579
-0.0667273
-0.0765845
-0.100583
-0.0606434
-0.0736502
-0.111863
-0.0857384
-0.111736
-0.0774996
-0.0631946
-0.075571
-0.0619532
-0.0718901
-0.0462379
-0.0464165
-0.025681
-0.0346265
-0.0143355
-0.00284625
-0.0270529
-0.0105275
0.019157
-0.0267919
0.00111791
-0.0223301
-0.001557
0.00539603
0.00339304
-0.00858224
0.0106735
-0.014165
0.0104585
0.000184584
0.014797
-0.00602797
-0.00991918
-0.00295858
-0.0116337
0.00752597
-0.000445489
-0.00411834
-0.0272977
-0.0162095
-0.009706
0.000553979
0.0174837
-0.00590581
-0.00196151
0.00201634
-0.0197807
-0.0277115
-0.00870865
-0.015158
0.00998107
0.00632933
-0.011545
-0.0087593
-0.0276287
-0.0253412
0.00690862
-0.0217396
-0.0100367
-0.0206408
-0.0251467
-0.035686
-0.0317639
-0.0273283
-0.0447869
-0.0391231
-0.030444
-0.0418143
-0.0507511
-0.0471113
-0.0380427
-0.0644644
-0.0484515
-0.0529614
-0.053888
-0.0503782
0.182683
-0.0249467
-0.000678554
0.0318321
-0.007715
-0.0109482
-0.0345365
-0.0746345
0.0204899
-0.0306486
-0.0625586
-0.097081
-0.101764
-0.141803
-0.194492
-0.20174
-0.316245
-0.356897
-0.365454
-0.432652
-0.496815
-0.534767
-0.630941
-0.672083
-0.743774
-0.80316
-0.881622
-0.944134
-0.952237
-0.968177
-0.986042
-0.954755
-0.960101
-0.88072
-0.939782
-0.911796
-0.990485
-0.982534
-1.02347
-0.989514
-1.03755
-1.01102
-0.910879
-0.899309
-0.810015
-0.80522
-0.797752
-0.760352
-0.753765
-0.71116
-0.71405
-0.647753
-0.658227
-0.612176
-0.626879
-0.629145
-0.585963
-0.617058
-0.607518
-0.591135
-0.608721
-0.61635
-0.582438
-0.615995
-0.638666
-0.607027
-0.618455
-0.642639
-0.597506
-0.617493
-0.621564
-0.639945
-0.664719
-0.674138
-0.67174
-0.65315
-0.656827
-0.676424
-0.658575
-0.658561
-0.665681
-0.679888
-0.649425
-0.657186
-0.645862
-0.626271
-0.598194
-0.60278
-0.556309
-0.547258
-0.491628
-0.544674
-0.508212
-0.501899
-0.455491
-0.452169
-0.454473
-0.41632
-0.366418
-0.393464
-0.371486
-0.369181
-0.434412
-0.442645
-0.428401
-0.464407
-0.459311
-0.453623
-0.420711
-0.43629
-0.41864
-0.4198
-0.442554
-0.462819
-0.504268
-0.490357
-0.48804
-0.536697
-0.553281
-0.575648
-0.569711
-0.54796
-0.54515
-0.541303
-0.535042
-0.557897
-0.571626
-0.55726
-0.564486
-0.544309
-0.516885
-0.430872
-0.369193
-0.215641
-0.203715
-0.134581
-0.0980956
-0.0466935
-0.0611616
-0.0287818
-0.00121374
-0.0105209
-0.0136696
0.0181772
0.0209487
-0.0108816
0.0159129
0.0100286
-0.0112636
-0.00170816
-0.000546581
0.000705449
-0.00635184
-0.00287219
-0.00523724
-0.0196489
0.00297676
-0.0233806
-0.0157492
-0.00999778
-0.0236903
-0.0102366
0.00885258
-0.00644835
0.0111316
0.0222237
0.00457377
-0.00434294
-0.0107104
0.00489892
0.0014444
0.0123056
0.0123062
0.00520283
0.0082413
-0.00176933
0.00584094
0.0023152
-0.00307293
0.00230636
-0.00409325
-0.00347108
0.00187366
0.024568
-0.00334651
-0.00820798
-0.0018074
0.00675959
0.0111896
-0.00179314
0.0013305
-0.00588343
0.00245158
-0.00129098
-0.0132778
-0.00777137
-0.00336348
0.00544749
-0.00428143
0.0053816
-0.000287206
0.00860943
-0.00134324
-0.0198309
-0.000816691
0.0225819
0.00869405
0.0142867
0.0125242
-0.00312505
0.011036
-0.00421376
0.00468764
0.00657995
-0.00467239
-0.00172322
-0.000604011
-0.00960231
-0.011091
-0.00286524
0.00962964
0.000655725
-0.0026318
0.00147477
0.00836706
0.00959929
-0.00472607
-0.000614663
0.00726116
-0.00401345
-0.0193057
0.00132649
-0.000843303
0.00329121
-0.0106654
-0.00478546
0.0100163
0.00615732
-0.00643873
0.00597012
-0.0144998
0.0227677
-0.00206443
0.00779269
0.00227339
-0.0149168
0.00125763
-0.00863777
-0.00344055
-0.00710872
-0.00454093
0.0160595
0.0184212
0.00051368
-0.00923448
-0.00732036
0.00395453
-0.0138684
0.00924539
0.00144744
0.0323185
0.000572337
-0.00515241
-0.00589784
-0.00776332
-0.0117359
-0.0231954
0.00791529
-0.0032917
0.00313066
-0.00480189
-0.00426302
0.0111843
-0.00480981
-0.00496379
-0.000800735
-0.00837956
0.00366766
-0.00986285
0.0217153
-0.00982404
0.0203027
-0.00855062
0.0172302
0.0102569
-0.016764
-0.00583288
-0.00386364
-0.00243356
0.00102317
0.00121536
-0.00900949
0.00834585
0.00390285
0.00639435
0.00879278
0.0215998
0.0255438
-0.00319641
0.022333
0.00513968
-0.00873956
-0.0100095
0.00164859
