1.12925
1.12928
1.12927
1.12924
1.12929
1.12925
1.12928
1.12927
1.12928
1.1293
1.12932
1.12929
1.12928
1.12926
1.12932
1.12924
1.1293
1.12926
1.12931
1.12931
1.12928
1.12925
1.12928
1.12926
1.12924
1.12932
1.1293
1.12925
1.12928
1.12932
1.12925
1.12926
1.12929
1.12925
1.12926
1.12932
1.12926
1.12932
1.12926
1.12925
1.12928
1.12924
1.1293
1.12924
1.12932
1.12928
1.12933
1.12924
1.12931
1.1293
1.12931
1.12922
1.1293
1.12926
1.12928
1.12929
1.1293
1.12933
1.1293
1.12925
1.12923
1.12928
1.12933
1.12929
1.12931
1.12933
1.12925
1.12926
1.12927
1.12923
1.12925
1.1293
1.12932
1.1293
1.12929
1.12924
1.12926
1.12934
1.12928
1.1293
1.12925
1.12932
1.12927
1.12923
1.12931
1.12924
1.12922
1.12928
1.12928
1.12925
1.12925
1.12935
1.12923
1.12928
1.12931
1.12925
1.12928
1.12925
1.12928
1.12924
1.12929
1.12924
1.12929
1.12927
1.12927
1.12926
1.12929
1.12929
1.12926
1.1293
1.12931
1.12926
1.12926
1.12929
1.12923
1.12927
1.12931
1.12926
1.12924
1.12928
1.12931
1.12926
1.12933
1.12928
1.12924
1.12932
1.12929
1.12932
1.12931
1.12922
1.12933
1.12923
1.12929
1.12926
1.12928
1.12928
1.12929
1.1293
1.12933
1.12924
1.12932
1.12922
1.12926
1.1293
1.12932
1.12929
1.1293
1.12927
1.12928
1.12929
1.12924
1.12931
1.12924
1.12926
1.12931
1.12932
1.12932
1.12932
1.12921
1.12933
1.1297
1.13021
1.13061
1.13119
1.13149
1.13177
1.13195
1.1321
1.13211
1.13213
1.13195
1.13172
1.1315
1.13138
1.13139
1.13143
1.13155
1.13168
1.13177
1.13182
1.13173
1.13168
1.13167
1.1316
1.13158
1.13172
1.13186
1.13216
1.13228
1.13241
1.13264
1.13257
1.13259
1.13263
1.13268
1.13276
1.13273
1.13274
1.13271
1.13267
1.13264
1.13263
1.13258
1.13254
1.13249
1.13248
1.13255
1.13262
1.13261
1.13271
1.1326
1.13253
1.13247
1.13243
1.13245
1.13246
1.13247
1.13251
1.13255
1.13253
1.13246
1.13247
1.13241
1.13247
1.13253
1.13249
1.13249
1.13244
1.13245
1.1324
1.13237
1.13242
1.13248
1.13241
1.13243
1.1324
1.13238
1.1324
1.13237
1.13242
1.13238
1.13245
1.13244
1.13245
1.13244
1.13241
1.13243
1.13247
1.13247
1.13251
1.13241
1.13252
1.13249
1.13243
1.13241
1.13242
1.13246
1.13241
1.13236
1.13231
1.13222
1.13218
1.13213
1.13211
1.13205
1.13199
1.13201
1.13202
1.13208
1.13202
1.13208
1.13211
1.1321
1.13209
1.13207
1.13208
1.132
1.13205
1.13204
1.13205
1.13207
1.1321
1.13204
1.13201
1.13204
1.1321
1.13205
1.13208
1.13197
1.13205
1.13206
1.13208
1.1321
1.13208
1.13214
1.13211
1.13213
1.13213
1.13211
1.13209
1.1321
1.13214
1.13212
1.1321
1.13216
1.13212
1.13214
1.13219
1.13217
1.13215
1.1322
1.13214
1.13218
1.1321
1.13214
1.13213
1.13215
1.13211
1.13215
1.13216
1.13215
1.13217
1.1322
1.1322
1.13211
1.13214
1.13219
1.13216
1.13217
1.13217
1.13216
1.13214
1.13214
1.13221
1.13221
1.13211
1.13218
1.13213
1.13209
1.13206
1.13209
1.13212
1.13212
1.13209
1.13209
1.1321
1.13208
1.13208
1.1321
1.13207
1.13205
1.13204
1.13208
1.13202
1.13201
1.13201
1.13202
1.13196
1.13204
1.13201
1.13196
1.13193
1.13191
1.13192
1.13193
1.13191
1.13194
1.1319
1.13193
1.1319
1.13193
1.13192
1.13191
1.13195
1.13192
1.13194
1.13197
1.13204
1.13208
1.13215
1.13204
1.13205
1.13206
1.13195
1.13199
1.13196
1.13197
1.13198
1.13194
1.13198
1.13197
1.13194
1.13193
1.13185
1.13178
1.13165
1.13143
1.1313
1.13106
1.13093
1.1308
1.13072
1.13068
1.13072
1.13063
1.13063
1.13063
1.13052
1.13028
1.13013
1.12986
1.12957
1.12921
1.12881
1.12848
1.12801
1.12628
1.125
1.12329
1.12144
1.11953
1.1174
1.1151
1.11283
1.11033
1.10805
1.10564
1.10347
1.10171
1.10008
1.09841
1.09669
1.09516
1.09363
1.09207
1.0905
1.089
1.08734
1.08572
1.08416
1.08255
1.08076
1.07898
1.07724
1.07532
1.07317
1.07134
1.06909
1.06665
1.0644
1.06213
1.05999
1.05791
1.05384
1.05199
1.04991
1.04789
1.04598
1.04406
1.0425
1.04096
1.03927
1.03703
1.0352
1.03319
1.03099
1.02879
1.02621
1.02414
1.02156
1.01928
1.0171
1.01489
1.01288
1.01016
1.0078
1.00562
1.00306
1.00076
0.998187
0.996115
0.993691
0.991362
0.988864
0.986424
0.984564
0.982433
0.980257
0.978249
0.976261
0.97435
0.972499
0.968338
0.966326
0.964305
0.962454
0.960447
0.958337
0.955874
0.95397
0.951808
0.949432
0.947327
0.945238
0.942684
0.940475
0.937639
0.935294
0.93254
0.929417
0.926644
0.924065
0.92084
0.918279
0.915073
0.912272
0.909515
0.90637
0.903139
0.899919
0.896734
0.893525
0.890204
0.886858
0.883687
0.880358
0.877224
0.873343
0.870058
0.866755
0.860771
0.857754
0.8547
0.851987
0.848905
0.845993
0.842775
0.839221
0.836345
0.832899
0.830121
0.827123
0.824064
0.820915
0.817778
0.814544
0.811096
0.807569
0.803851
0.800029
0.796033
0.792067
0.787775
0.783425
0.778769
0.774128
0.769472
0.764898
0.760188
0.755581
0.751108
0.746781
0.742378
0.738056
0.733734
0.730012
0.7261
0.722186
0.714684
0.710872
0.706915
0.703003
0.699067
0.695798
0.69241
0.688949
0.685703
0.682466
0.679346
0.676002
0.672832
0.669471
0.665891
0.662374
0.658422
0.654377
0.65022
0.64606
0.6419
0.637671
0.633506
0.629396
0.625278
0.621102
0.617118
0.613023
0.609016
0.605078
0.600849
0.596359
0.591942
0.587385
0.582949
0.578516
0.57424
0.569826
0.565379
0.560714
0.55639
0.55217
0.544745
0.540864
0.537161
0.533561
0.529864
0.526475
0.522856
0.519402
0.51595
0.512303
0.508833
0.50512
0.501799
0.498498
0.49549
0.492486
0.489834
0.48717
0.484597
0.481879
0.479085
0.476187
0.473238
0.470337
0.467689
0.465463
0.463537
0.461798
0.460293
0.458818
0.45745
0.456168
0.454954
0.453675
0.452979
0.452179
0.4507
0.44962
0.448888
0.447983
0.446701
0.443859
0.442573
0.441042
0.439353
0.437629
0.435927
0.43409
0.432426
0.430873
0.429222
0.427529
0.425868
0.424648
0.423827
0.422745
0.421339
0.419785
0.41817
0.416524
0.415069
0.413392
0.411629
0.409848
0.408242
0.406602
0.40497
0.403441
0.401982
0.40056
0.399235
0.397773
0.396343
0.39481
0.393208
0.391477
0.389732
0.387876
0.385916
0.382043
0.37997
0.377839
0.375586
0.373432
0.371317
0.369153
0.367026
0.365256
0.363992
0.362624
0.361097
0.35962
0.358626
0.358339
0.358326
0.358321
0.358366
0.358304
0.358373
0.358653
0.358872
0.359129
0.35966
0.360279
0.360657
0.360881
0.361004
0.361169
0.361385
0.361539
0.361572
0.361482
0.360829
0.360338
0.359877
0.359557
0.359212
0.35764
0.35697
0.355982
0.354477
0.352287
0.349843
0.3473
0.344681
0.341719
0.338529
0.335301
0.331922
0.328398
0.324904
0.321145
0.317731
0.314219
0.311006
0.30795
0.30528
0.302707
0.300395
0.298212
0.296391
0.294631
0.292359
0.289872
0.287528
0.285082
0.282699
0.279865
0.277281
0.274497
0.271493
0.268001
0.264802
0.261539
0.255046
0.251782
0.248347
0.244986
0.24149
0.238076
0.234759
0.231325
0.22801
0.224329
0.220696
0.216796
0.213019
0.209455
0.205899
0.202415
0.198868
0.195495
0.192052
0.18881
0.185635
0.182502
0.179483
0.176486
0.173476
0.170894
0.16814
0.165214
0.162102
0.159124
0.156092
0.153164
0.150229
0.147345
0.144448
0.141581
0.138809
0.136045
0.130371
0.127638
0.124717
0.12197
0.11884
0.115981
0.113077
0.110055
0.106533
0.10325
0.0996708
0.095704
0.0918538
0.0877451
0.0837657
0.0796527
0.0755256
0.0714462
0.0675186
0.0635811
0.0600684
0.0568194
0.0537297
0.0510002
0.0487402
0.0464255
0.0443367
0.0421683
0.0401204
0.0382509
0.0365337
0.0348628
0.0333615
0.0318081
0.0305291
0.0292935
0.0280781
0.0269284
0.0258844
0.0247463
0.0227008
0.0215938
0.0203462
0.0192535
0.0179514
0.0165638
0.0151399
0.013817
0.0122851
0.0107729
0.00924158
0.00765926
0.00599176
0.00444448
0.00304288
0.00168043
0.000101805
-0.00154126
-0.0030725
-0.00444692
-0.00555241
-0.00686252
-0.00865084
-0.0110533
-0.0134253
-0.0156875
-0.0182793
-0.0210256
-0.0237671
-0.0266388
-0.0295979
-0.032537
-0.0354844
-0.03856
-0.0416372
-0.0446267
-0.0480494
-0.0541462
-0.0572904
-0.0604594
-0.0637177
-0.0667093
-0.0698105
-0.0728134
-0.0756882
-0.0786334
-0.0819397
-0.0848507
-0.0877059
-0.0906971
-0.0934241
-0.0958593
-0.0982336
-0.100818
-0.103092
-0.105368
-0.107696
-0.109675
-0.111739
-0.113868
-0.115655
-0.117525
-0.119365
-0.12098
-0.122779
-0.124863
-0.126788
-0.128357
-0.130173
-0.132616
-0.135182
-0.137764
-0.140484
-0.143903
-0.149948
-0.153036
-0.156502
-0.160051
-0.16381
-0.167747
-0.171708
-0.175872
-0.180168
-0.184433
-0.1884
-0.192549
-0.196424
-0.200293
-0.2041
-0.207751
-0.211465
-0.214954
-0.218133
-0.221275
-0.22426
-0.227323
-0.230274
-0.233323
-0.23622
-0.239249
-0.24215
-0.24501
-0.247929
-0.250777
-0.253396
-0.255852
-0.258786
-0.261645
-0.264824
-0.271379
-0.274648
-0.278192
-0.281842
-0.285409
-0.289045
-0.292652
-0.296479
-0.300267
-0.30376
-0.307226
-0.310146
-0.312967
-0.315754
-0.318297
-0.320483
-0.323019
-0.325567
-0.328165
-0.330827
-0.333369
-0.335656
-0.338096
-0.340463
-0.342634
-0.34477
-0.346861
-0.348777
-0.35071
-0.352668
-0.354339
-0.356003
-0.357555
-0.358978
-0.360287
-0.361574
-0.362839
-0.363888
-0.364917
-0.365666
-0.366216
-0.366659
-0.36712
-0.367699
-0.368388
-0.369868
-0.370302
-0.370639
-0.370871
-0.371053
-0.371226
-0.371442
-0.371529
-0.371577
-0.371604
-0.371651
-0.37185
-0.372147
-0.372354
-0.372606
-0.372872
-0.373263
-0.373674
-0.373993
-0.374271
-0.374504
-0.374849
-0.375386
-0.375936
-0.376764
-0.377902
-0.379125
-0.380346
-0.381884
-0.383408
-0.386134
-0.389796
-0.392184
-0.394638
-0.39718
-0.399887
-0.402426
-0.40385
-0.403992
-0.404037
-0.403174
-0.403045
-0.403067
-0.403276
-0.403681
-0.403804
-0.403846
-0.40385
-0.403874
-0.403783
-0.403834
-0.404085
-0.404173
-0.404158
-0.404383
-0.404817
-0.40614
-0.407347
-0.408525
-0.41025
-0.412636
-0.414916
-0.417564
-0.420294
-0.423085
-0.426229
-0.429654
-0.433194
-0.437187
-0.441309
-0.445706
-0.450446
-0.45507
-0.459742
-0.464263
-0.468681
-0.472753
-0.476407
-0.480019
-0.483556
-0.491013
-0.494522
-0.498019
-0.501301
-0.50444
-0.507773
-0.511058
-0.514433
-0.517759
-0.520932
-0.524153
-0.52713
-0.530095
-0.532929
-0.535798
-0.538714
-0.541737
-0.544619
-0.547721
-0.550864
-0.554324
-0.557724
-0.561282
-0.564837
-0.568637
-0.572639
-0.576854
-0.581337
-0.585978
-0.590671
-0.59533
-0.599999
-0.604901
-0.609799
-0.61478
-0.619868
-0.624992
-0.630124
-0.635373
-0.640724
-0.646187
-0.651672
-0.661967
-0.666929
-0.671693
-0.676605
-0.681591
-0.686661
-0.691955
-0.697272
-0.702872
-0.708706
-0.714775
-0.720759
-0.726809
-0.732701
-0.738625
-0.74439
-0.75008
-0.755626
-0.761357
-0.767302
-0.773419
-0.779697
-0.786186
-0.792821
-0.799609
-0.806735
-0.813898
-0.821228
-0.828737
-0.836283
-0.843992
-0.851646
-0.859123
-0.86644
-0.87353
-0.880612
-0.887841
-0.89511
-0.900185
-0.902959
-0.905894
-0.907879
-0.911863
-0.912771
-0.913835
-0.915495
-0.917613
-0.919567
-0.922269
-0.925132
-0.927405
-0.929024
-0.930488
-0.930789
-0.931197
-0.931281
-0.931256
-0.931255
-0.931166
-0.931195
-0.931106
-0.931058
-0.931098
-0.931129
-0.931116
-0.931086
-0.931165
-0.931118
-0.93113
-0.931161
-0.931132
-0.931074
-0.93107
-0.931049
-0.931035
-0.931032
-0.931019
-0.931071
-0.931024
-0.931029
-0.931023
-0.931074
-0.931079
-0.931019
-0.931081
-0.931071
-0.931055
-0.931043
-0.931001
-0.931068
-0.931067
-0.931077
-0.931056
-0.931086
-0.931055
-0.931036
-0.931064
-0.931023
-0.931042
-0.93107
-0.931058
-0.93105
-0.931069
-0.931028
-0.931056
-0.931104
-0.931017
-0.931113
-0.93107
-0.931037
-0.931048
-0.931081
-0.931023
-0.931101
-0.93104
-0.931061
-0.931071
-0.931042
-0.931045
-0.931088
-0.931122
-0.931071
-0.931115
-0.931078
-0.931071
-0.931053
-0.931057
-0.931042
-0.931023
-0.931074
-0.931059
-0.93102
-0.931016
-0.931038
-0.931052
-0.931088
-0.931033
-0.931064
-0.931026
-0.931028
-0.931039
-0.931102
-0.931074
-0.931038
-0.931049
-0.931027
-0.931091
-0.931095
-0.931053
-0.931017
-0.931062
-0.931063
-0.931009
-0.931095
-0.931068
-0.931043
-0.93104
-0.930988
-0.931052
-0.931069
-0.931028
-0.931078
-0.931093
-0.931009
-0.931067
-0.931016
-0.931019
-0.931056
-0.931105
-0.93102
-0.931003
-0.931038
-0.931024
-0.931067
-0.931144
-0.931012
-0.931093
-0.931018
-0.93106
-0.931031
-0.930999
-0.931089
-0.931032
-0.931039
-0.931127
-0.930988
-0.931048
-0.931084
-0.931089
-0.93104
-0.931088
-0.931072
-0.931078
-0.93107
-0.931082
-0.931065
-0.931046
-0.931068
-0.931045
-0.931015
-0.931042
-0.931039
-0.931069
-0.931059
-0.931049
-0.931054
-0.931022
-0.931084
-0.931009
-0.93105
-0.931052
