-0.00447164
-0.00542144
-0.00342777
-0.00632495
-0.00699542
-0.00404968
-0.00556553
-0.00469438
-0.00473335
-0.00628745
-0.00709393
-0.00597574
-0.00472305
-0.00549936
-0.00587062
-0.00389456
-0.00541923
-0.0042114
-0.00547731
-0.00754975
-0.00420332
-0.00420479
-0.00426066
-0.00307197
-0.00494654
-0.00656755
-0.00468997
-0.00321532
-0.00581474
-0.00689911
-0.00391515
-0.00525677
-0.00487523
-0.0040857
-0.00344835
-0.0066793
-0.00522589
-0.00524574
-0.00647712
-0.0055148
-0.00547216
-0.00383281
-0.00711305
-0.00570815
-0.00760415
-0.00467086
-0.00754828
-0.0046047
-0.0074402
-0.00535454
-0.00665724
-0.00384531
-0.00495095
-0.00349246
-0.00550378
-0.00468115
-0.0062551
-0.00670797
-0.00552657
-0.00536116
-0.00370196
-0.00469806
-0.00559934
-0.00548687
-0.0059162
-0.00925542
-0.00520604
-0.00462455
-0.0054185
-0.00468997
-0.00441797
-0.00525088
-0.00702042
-0.00677634
-0.00649991
-0.00358361
-0.00383281
-0.00596619
-0.00482744
-0.00655285
-0.00580886
-0.00540232
-0.0061191
-0.00452016
-0.00534939
-0.00458705
-0.00390265
-0.00331676
-0.00515091
-0.00445547
-0.00333073
-0.00521266
-0.00469438
-0.00499211
-0.00605808
-0.00362992
-0.0049311
-0.00343806
-0.00535601
-0.00386737
-0.00513106
-0.00462161
-0.00562581
-0.00670429
-0.00439813
-0.00401659
-0.00530823
-0.00543614
-0.00471203
-0.00609925
-0.00609116
-0.00427609
-0.00407908
-0.00489655
-0.00279998
-0.00509798
-0.00682633
-0.00374092
-0.00347114
-0.00412613
-0.00583606
-0.00470615
-0.00576108
-0.00556259
-0.00516634
-0.00643448
-0.00515679
-0.00687265
-0.00522148
-0.00386957
-0.00668003
-0.003194
-0.00608528
-0.00438783
-0.00531925
-0.00582871
-0.00586547
-0.00601912
-0.00695351
-0.00427683
-0.00703218
-0.00395999
-0.0039372
-0.0054582
-0.00592575
-0.00600956
-0.00634479
-0.00486788
-0.00728361
-0.00391662
-0.00608308
-0.00533543
-0.00331382
-0.0047554
-0.00547143
-0.00667562
-0.00688073
-0.00626319
-0.00430109
-0.00812981
-0.0154325
-0.0159774
-0.0171327
-0.0173327
-0.0140994
-0.0127449
-0.00473996
-0.00393941
-0.00424007
-0.0059853
0.000826135
0.0030349
0.00946075
0.0113826
0.00835981
0.0026446
-0.000915219
-0.00417171
-0.00518472
-0.00856652
-0.00409011
-0.00200755
-0.00174071
-0.00284262
-0.000283796
-0.00402027
-0.00882973
-0.0122368
-0.011892
-0.011881
-0.00167823
-0.00171572
-0.0018054
-0.00289922
-0.00412907
-0.00642787
-0.00644992
-0.00641831
-0.0047679
-0.00325354
-0.00222293
-0.00241038
-0.00268457
-0.0020546
0.00147591
-0.000990932
-0.00196271
-0.00171425
-0.00249933
-0.0046069
-0.00351157
-0.00182084
0.00010799
0.0030496
0.000390251
-0.000750563
0.0021514
0.00112383
-0.00199064
-0.00147535
0.00101578
3.15443e-05
0.00189414
0.000579159
-0.00195021
-0.0016356
-0.00165544
0.00117749
-0.00101813
0.00283203
0.00190223
0.00185519
9.32891e-05
0.00123482
-0.000490349
0.00271002
0.00357072
0.00383973
0.00172215
0.00198088
0.00417563
0.00198823
-0.000810104
0.000249856
0.000948152
0.0027747
0.00044832
0.00052256
0.00264019
-0.00151357
0.00283424
-0.00306389
-0.00026395
0.00271076
0.000764391
0.000678391
0.000870973
0.00175008
0.00371184
0.00343254
0.00607409
0.00632325
0.00921161
0.00852591
0.0101384
0.00638425
0.0077645
0.00860602
0.00541702
0.00852076
0.00516492
0.00388751
0.00651507
0.00598516
0.00601603
0.00618875
0.00851268
0.0066922
0.00663267
0.00560665
0.00518697
0.00551404
0.00699794
0.00757121
0.00504292
0.00593371
0.00721696
0.00632839
0.00759473
0.00715964
0.00579848
0.00699353
0.0061983
0.00714861
0.00506129
0.00549934
0.00487093
0.00559489
0.00576908
0.00514287
0.00627547
0.00529208
0.00652095
0.00429764
0.00303563
0.00518183
0.00530972
0.00339579
0.00291215
0.00542584
0.00355749
0.00579113
0.00613509
0.00677452
0.00316646
0.00456076
0.00510906
0.00497677
0.00202057
0.00415358
0.00328995
0.00575732
0.00380592
0.00239176
0.0068289
0.0061373
0.00246967
0.00494737
0.00570293
0.00599912
0.00359644
0.00577422
0.00439906
0.00246011
0.00213303
0.00484888
0.00320028
0.00456811
0.0064673
0.00599398
0.0053325
0.00471144
0.00618066
0.00589917
0.00681788
0.00515684
0.00609688
0.00742642
0.00657902
0.00773878
0.00695899
0.0079284
0.00482315
0.00780419
0.0090389
0.00987892
0.00673189
0.00928069
0.00750653
0.00848769
0.0101112
0.00917413
0.00737792
0.00673115
0.00708026
0.00799013
0.00780493
0.0102508
0.00717286
0.00709349
0.00763074
0.00650625
0.00571322
0.00413814
0.00759767
0.00561179
0.00548391
0.00537145
0.00336492
0.00167069
0.00589108
0.00339873
0.00312898
0.00524577
0.00518918
0.00553168
0.00646289
0.00570881
0.00761531
0.00503116
0.00553903
0.00726033
0.00647024
0.00909255
0.0096386
0.0121035
0.00770571
0.00493634
0.00798646
0.00695752
0.0117603
0.00853032
0.00217345
0.00329436
0.00120836
0.00314294
0.00448065
0.00563899
0.0132426
0.0140693
0.0111364
0.00835981
0.00441376
0.0100193
0.0153326
0.0194992
0.029885
0.0268195
0.0329116
0.0382998
0.0420207
0.0434455
0.0428496
0.0425763
0.0415475
0.0468829
0.0411882
0.0320365
0.0345399
0.0328977
0.0270164
0.0295235
0.0246055
0.0244813
0.0261126
0.0293494
0.0278188
0.0282803
0.0270936
0.0326405
0.0251434
0.0263566
0.0288563
0.0345157
0.0378545
0.0385922
0.0378229
0.0366465
0.0348323
0.0349551
0.0330975
0.0340924
0.0333701
0.0328117
0.0318793
0.0346053
0.0328933
0.029913
0.0320145
0.0393667
0.0452663
0.0380375
0.034318
0.0407936
0.0422294
0.0362593
0.0356693
0.0312694
0.0302377
0.035357
0.0349859
0.0380206
0.0343878
0.0308858
0.0396511
0.0387451
0.0405795
0.0352398
0.0308943
0.0368012
0.0351255
0.0437064
0.0399244
0.0294023
0.0380977
0.037151
0.0375812
0.0345572
0.0330968
0.0381161
0.0411798
0.0296804
0.0301951
0.0270546
0.0303711
0.0337684
0.0327948
0.0352302
0.0333415
0.0312543
0.0366226
0.0330909
0.029924
0.0372623
0.0385143
0.0425939
0.0449122
0.0438449
0.0470865
0.043857
0.0505548
0.0476754
0.0480098
0.053219
0.0589286
0.0478977
0.0499185
0.0454027
0.0494934
0.0498424
0.0504758
0.0477632
0.0508546
0.0519944
0.0488041
0.0504718
0.0451019
0.0550732
0.0550525
0.0539309
0.0525211
0.0467935
0.0514464
0.0516883
0.0538951
0.0464661
0.0483009
0.0496512
0.0489873
0.0499978
0.044962
0.0426437
0.0441862
0.0506363
0.0514487
0.05702
0.059145
0.0619295
0.0675423
0.0692687
0.0703435
0.0709094
0.0756878
0.0716245
0.0718749
0.0684947
0.0682817
0.0670936
0.0687111
0.0755691
0.075259
0.065366
0.0597483
0.0663318
0.064332
0.0611172
0.0621112
0.0621811
0.063167
0.0601324
0.0544654
0.0600325
0.0555334
0.0514066
0.0487404
0.0500017
0.0532208
0.0536636
0.0586762
0.0558891
0.0614349
0.0628245
0.0645722
0.0624897
0.0684725
0.0658525
0.0659113
0.0653112
0.0646196
0.0628498
0.0629373
0.0599659
0.0613877
0.0660183
0.066349
0.071939
0.0728417
0.0765114
0.0715005
0.0722187
0.0683104
0.064746
0.0662729
0.0663384
0.0670179
0.0699708
0.0748625
0.0725094
0.0676345
0.0674236
0.0591752
0.056585
0.0512875
0.0539902
0.0563047
0.0512327
0.0577447
0.0583708
0.0604403
0.0577252
0.0562499
0.0547479
0.0526594
0.0515299
0.0446807
0.0449364
0.0471732
0.0518547
0.0471408
0.0537764
0.055468
0.0499861
0.0445918
0.0374945
0.0360602
0.0276674
0.0208352
0.0193986
0.0222372
0.0263639
0.0260428
0.0242065
0.0232322
0.0215612
0.00880666
0.000993725
0.0210784
0.0338169
0.028353
0.0185866
0.0167458
0.0301856
0.0323385
0.0326456
0.0306529
0.0269672
0.0292149
0.033282
0.0367494
0.0346457
0.0339264
0.0308028
0.0307822
0.0335428
0.0268922
0.0305537
0.0294669
0.0292627
0.0315479
0.0362064
0.0329447
0.0278761
0.0253903
0.0344598
0.0282758
0.0237575
0.0225436
0.0251537
0.0256798
0.0233696
0.0217118
0.0259943
0.0252169
0.0270127
0.0300585
0.0373196
0.0325281
0.0321908
0.0323767
0.0368721
0.0368317
0.0369324
0.0390978
0.0377553
0.0365966
0.0345642
0.0314722
0.0394409
0.0347133
0.020783
0.0165481
0.0201878
0.0184984
0.0150218
0.00892498
0.00845241
0.00623505
0.00836496
0.00586756
0.000955503
-0.00689911
-0.00976787
-0.0118744
-0.0126876
-0.0219079
-0.0262895
-0.0237511
-0.022191
-0.0190477
-0.0216276
-0.0180843
-0.0180762
-0.0179247
-0.0133876
-0.00272794
0.00361555
0.0145367
0.0408326
0.0384137
0.0367149
0.0333187
0.0399457
0.0475935
0.0491704
0.0466412
0.0473532
0.0553776
0.0553394
0.0611723
0.0602184
0.0543885
0.0591792
0.0514873
0.050851
0.0468793
0.0418562
0.0387047
0.0387348
0.0355128
0.0443192
0.0445418
0.0337706
0.0370734
0.0417739
0.0385107
0.0394497
0.0381741
0.0485083
0.0454912
0.0467558
0.0469689
0.050726
0.0497605
0.050133
0.054279
0.0528284
0.0571994
0.054476
0.0583679
0.0575037
0.0593747
0.0625099
0.0557252
0.0606476
0.0538528
0.0539807
0.0578417
0.0494614
0.0529636
0.0506974
0.0523669
0.051954
0.0482254
0.0503256
0.0459754
0.0479388
0.0489647
0.0480594
0.0509105
0.0500919
0.0491954
0.0465883
0.044547
0.0458402
0.0412389
0.0447777
0.0430127
0.043627
0.0395989
0.0464295
0.0396195
0.0433493
0.0444676
0.0447601
0.0511824
0.0481769
0.0555797
0.0533928
0.061068
0.0559854
0.0635344
0.0578461
0.06043
0.0607284
0.0631831
0.0696584
0.0645531
0.0624967
0.0678826
0.057999
0.0556958
0.0571142
0.0535956
0.0476273
0.0453332
0.0413433
0.0400985
0.0375224
0.0303759
0.0299041
0.0310548
0.0278761
0.0258143
0.0251338
0.0186512
0.0220829
0.0238656
0.0198446
0.0169978
0.0157676
0.0171095
0.0161792
0.0183984
0.0179634
0.0222005
0.0234012
0.0196036
0.0240507
0.0272251
0.0257834
0.029644
0.028943
0.0237553
0.0251397
0.0262023
0.0263595
0.0229147
0.0266226
0.0267798
0.0293163
0.0308021
0.0356884
0.0413653
0.0429951
0.0392344
0.0464589
0.0470277
0.0425116
0.0430509
0.0416989
0.0458799
0.0465192
0.0508767
0.0471438
0.04665
0.0467514
0.0517908
0.0477934
0.0498597
0.0537
0.0507209
0.0535192
0.0543834
0.0566688
0.0504813
0.0575918
0.0494658
0.0479315
0.0480946
0.0470292
0.0378001
0.0410641
0.0419414
0.0400883
0.033218
0.0368581
0.0366789
0.0364437
0.0379397
0.0338676
0.0304876
0.0365922
0.0320012
0.0323701
0.035077
0.0369992
0.0357383
0.0356546
0.0444999
0.0445117
0.0455801
0.0512808
0.0503917
0.0499141
0.0509443
0.047373
0.0553005
0.0584208
0.0574169
0.0636564
0.062992
0.0673313
0.0665464
0.0643635
0.0707978
0.072237
0.0683824
0.0682148
0.0671344
0.0654013
0.0612737
0.0530121
0.0514587
0.0506812
0.0455963
0.050011
0.0463443
0.0533281
0.0471688
0.0511045
0.0474171
0.0507547
0.0487956
0.0501418
0.0522787
0.0465765
0.059213
0.0524169
0.0548713
0.0545362
0.0585751
0.057367
0.0557826
0.0598539
0.0616147
0.0666007
0.0648662
0.0620557
0.0609239
0.0594747
0.0602184
0.0543481
0.0523816
0.0502859
0.0496451
0.0494952
0.0493923
0.0488838
0.041815
0.0455977
0.0468675
0.0449305
0.0422089
0.0391316
0.0392374
0.0374386
0.0355605
0.0356046
0.0340704
0.0337177
0.0364305
0.0339411
0.028439
0.0242624
0.0308608
0.0279805
0.0228074
0.0235099
0.0227428
0.0255938
0.0278776
0.027375
0.0233306
0.0195213
0.0215112
0.0179928
0.0148211
0.0118551
0.0141186
0.0129486
0.0137658
0.0126312
0.0112819
0.0147212
0.0147094
0.0153238
0.0157236
0.017984
0.0162468
0.0198358
0.0242065
0.0195742
0.020359
0.0239067
0.0297734
0.0293178
0.0302583
0.0324539
0.0336148
0.0322099
0.0299556
0.0288534
0.0241683
0.0223371
0.0304141
0.0386554
0.0710051
0.100838
0.0719283
0.0283714
0.0210791
0.0188335
0.01774
0.0178958
0.00878608
-0.00669694
-0.0170819
-0.0065058
0.00288275
0.00353544
0.00803349
0.0121667
0.0103383
0.00744553
0.00865967
0.00700456
0.00740438
0.00950337
0.0101325
0.00842743
0.0105646
0.0159646
0.0239361
0.0351755
0.0313017
0.0422618
0.0478815
0.0465148
0.0519878
0.0445044
0.0460063
0.0502388
0.0673299
0.0746629
0.0922015
0.088936
0.090854
0.089842
0.0765478
0.0590749
0.0531694
0.0492483
0.0602125
0.0558413
0.057705
0.0551417
0.063311
0.0607622
0.0625408
0.054598
0.0559148
0.0524169
0.0556062
0.0506739
0.0488838
0.0433346
0.0412566
0.0450217
0.04491
0.0462385
0.0472378
0.0493894
0.0516615
0.0513705
0.0521142
0.0523052
0.0613149
0.0632199
0.0686558
0.0707845
0.0667507
0.070764
0.0760567
0.0750099
0.0727134
0.0733632
0.0743894
0.0738307
0.075845
0.0751598
0.0765831
0.0830501
0.083959
0.0886565
0.0868739
0.0790563
0.0716372
0.0695379
0.0738601
0.0755774
0.0722517
0.0777358
0.0816178
0.0949318
0.100405
0.100011
0.0894743
0.0871357
0.0873387
0.0839531
0.088986
0.090907
0.0883035
0.0881594
0.0902627
0.0872269
0.0858473
0.0908364
0.0953732
0.101418
0.105465
0.109498
0.113496
0.114928
0.122571
0.125085
0.119911
0.107873
0.101553
0.102236
0.100705
0.104028
0.111653
0.115193
0.118539
0.113879
0.057558
0.00486431
-0.0323435
-0.0260461
0.0255233
0.0375268
0.0385908
0.0442927
0.05033
0.0468469
0.0570877
0.0581518
0.0428378
0.0251471
0.00811875
-0.00415627
-0.0027919
-0.00253902
-0.00368285
-0.00313593
-0.00435916
-0.00718215
-0.00767326
-0.00676458
-0.00703512
-0.00403571
-0.00513841
-0.00694102
-0.00574417
-0.00756739
-0.00702336
-0.00601765
-0.0061441
-0.00697925
-0.00794969
-0.00758209
-0.0084408
-0.00964361
-0.00724391
-0.00796145
-0.00976713
-0.00904367
-0.00798204
-0.00651462
-0.00624408
-0.00729684
-0.00720274
-0.00794381
-0.00766149
-0.0100553
-0.0112553
-0.00814378
-0.00617056
-0.00777912
-0.0090025
-0.00679104
-0.009873
-0.00828494
-0.00794675
-0.00835552
-0.00622937
-0.00790852
-0.00836434
-0.00683515
-0.00710276
-0.00933188
-0.0091966
-0.00577064
-0.00757327
-0.00604999
-0.00799968
-0.00868489
-0.00622349
-0.00695278
-0.00914954
-0.00659108
-0.00999946
-0.00774678
-0.00851138
-0.0105877
-0.00807614
-0.00859078
-0.00644404
-0.00750269
-0.00671458
-0.00798204
-0.00702336
-0.00683809
-0.00731155
-0.0104877
-0.00838199
-0.00827318
-0.00803791
-0.0091966
-0.00969655
-0.00886722
-0.00733507
-0.00679692
-0.0114082
-0.00828494
-0.0096789
-0.00899074
-0.0094054
-0.00848491
-0.00951715
-0.0102847
-0.00984654
-0.00956715
-0.00762915
-0.00734684
-0.0112288
-0.00917307
-0.0071351
-0.00794087
-0.0108112
-0.00789382
-0.00750269
-0.00865254
-0.0108112
-0.00841433
-0.00804674
-0.00687044
-0.0102847
-0.01082
-0.00722333
-0.0120023
-0.00525015
-0.01162
-0.00913778
-0.00768796
-0.00714098
-0.0108788
-0.00983477
-0.00914954
-0.010967
-0.0102142
-0.0063617
-0.0117317
-0.00780559
-0.0103465
-0.00955245
-0.00989065
-0.0115788
-0.00805262
-0.00897603
-0.0104406
-0.006347
-0.00925542
-0.00692337
-0.00764385
-0.00811437
-0.0106259
-0.00693808
-0.00959362
-0.0087937
-0.00706159
-0.00992594
-0.00884664
-0.00840551
-0.0076909
-0.00782618
-0.0117199
-0.00840845
-0.00905838
-0.00664107
-0.0104583
-0.00922601
-0.0093407
-0.00899956
-0.00802909
-0.00973478
-0.0085055
-0.00899662
