-0.000163063
0.0134626
-0.0132126
-0.0163341
-0.00320544
-0.0119387
0.0015835
-0.00546086
-0.00762142
0.00452494
0.00708761
0.000663485
0.0106525
-0.0086121
0.0127477
-0.00789106
0.0105407
0.00376881
0.00195631
0.0136582
-0.00567607
-0.0152472
-0.00904149
0.00229364
-0.0150505
0.0160986
0.00168503
-0.00101516
0.00772114
0.0142068
-0.00581698
-0.00519396
0.00537895
-0.00186789
0.00190879
0.0160915
-0.00724711
0.011169
-0.0121648
-0.0116604
-0.000859199
-0.0163373
0.0173747
-0.0184458
0.0166734
-0.0102305
0.0201042
-0.00602751
0.0104945
0.00292311
0.0156433
-0.0202792
0.00313262
-0.0139348
0.00730627
0.00589152
0.00757546
0.0159961
-0.00223645
-0.0149853
-0.0122007
-0.00949727
0.0159078
0.00688814
-0.00187439
0.0139016
0.00613738
-0.00724544
0.00616005
-0.0189327
-0.0115517
0.0030297
0.023332
0.0148108
0.0107263
-0.0147476
-0.00259018
0.0180501
-0.00933359
0.0156474
-0.00105865
0.0123201
-0.00135071
-0.0290277
-0.00377745
-0.00858212
-0.0234749
0.00372168
-0.00713377
-0.00896815
-0.00988101
0.0130455
-0.00177145
-0.00318225
0.0182922
-0.00405215
-0.0113137
-0.00660238
-0.0162753
-0.00472385
0.00668018
-0.0141958
-0.00952237
-0.00618732
-0.002691
0.000314093
0.0144264
-3.20482e-05
-0.0221396
-0.000277965
0.00802461
-0.0131978
-0.00990776
0.000816645
-0.0115434
-0.00395285
0.0190652
-0.000607071
-0.00821493
0.00831088
0.0108398
-0.0132411
0.0270918
0.00737849
-0.0201693
0.018431
0.0143076
0.00526357
0.000533218
-0.0220682
0.0167871
-0.00337962
0.0120089
-0.00371184
0.00276827
-0.000908681
0.0107031
0.0146089
0.0114531
-0.00434648
0.0139046
-0.0194055
0.00158339
0.00530405
0.00830431
0.00362166
0.00877482
-0.00232945
-0.00733793
0.00816708
-0.0208981
0.0106767
-0.00469104
-0.00697231
0.0185253
0.00856415
0.00525105
0.0133629
-0.0144076
0.0279099
0.0280201
0.0830146
0.0346896
0.00903133
0.0357366
0.0573775
0.012735
0.00944146
-0.00745768
0.00306297
-0.0112575
-0.0233122
-0.0286889
-0.0142488
-0.00837969
0.00800557
0.00142363
0.0157402
0.0022908
0.00283124
-0.0166072
-0.0127989
-0.00428318
-0.00083726
0.00241339
0.0104793
0.0146743
0.0492213
0.00580998
0.0184758
0.0166314
0.00560029
-0.00527225
-0.00385324
0.0118813
0.00734169
-0.00934717
-0.0144875
-0.0191714
-0.00915424
-0.0119317
-0.00551695
-0.00807991
0.00550217
-0.00142408
-0.00424534
-0.00921726
-0.00547476
0.00701167
0.0214044
0.00986387
-0.00514154
-0.0125343
0.0026267
0.0232324
0.00322298
0.00658304
0.00319692
0.0236573
0.00294835
-0.0149654
0.00354153
-0.0191041
-0.00392206
0.0134042
0.026801
0.00456248
0.000365403
0.00929798
-0.0156238
-0.0253177
-0.00580841
0.0217811
0.00281799
0.00825983
-0.010128
-0.0126376
-0.0149777
-0.00475879
0.00174367
-0.00206473
-0.00404306
-0.00137124
0.00677634
-0.00259807
-0.00634362
-0.0058706
0.00152967
0.00679627
0.0212066
-0.016296
0.0208854
0.011535
-0.00233404
-0.00763264
-0.00591963
0.00737113
0.00699143
-0.005679
-0.00093842
-0.0120887
-0.0203961
-0.00643069
-0.00379808
-0.027677
-0.0124878
-0.0107394
-0.00459117
0.0166286
-0.019639
-0.00466707
0.00182287
0.0050221
-0.00099986
0.00897858
-0.00139512
-0.0135551
-0.00121597
-0.0064232
0.00838554
0.00355155
0.00546942
-0.00743878
-0.00365369
0.00493964
0.0151825
0.0081412
0.000406803
-0.0241895
0.00311511
0.00120934
-0.0031623
0.00798305
-0.0182911
0.00176133
0.013281
0.00487547
0.00158914
0.0152128
-0.000382972
-0.024753
0.0195395
-0.00146946
-0.00234066
0.020518
-0.00127371
0.00122289
0.000503341
-0.0105189
-0.00139464
0.0173726
-0.0061919
0.00684332
-0.015588
0.00127338
-0.0142089
-0.000680432
-0.00434495
0.0100644
-0.00238401
0.0154125
-0.0215688
0.0109976
-0.00661419
-0.0198508
-0.000539008
0.00697937
-0.00930824
0.00130939
0.00240538
-0.00146676
0.010258
-0.00349951
0.011234
0.0158719
-0.0172936
-0.000745847
-0.00692714
-0.0124912
-0.0184028
-0.0108741
-0.00129381
0.0027527
-0.00816184
0.00093929
0.000172353
-0.00178967
0.00732015
-0.00155077
-0.011892
-0.000471074
-0.00792573
0.0108197
-0.00608164
-0.00409582
-0.010796
0.00837296
-0.0134783
-0.00148253
-9.2648e-06
-0.000659923
-0.00168346
-0.00677968
0.0015532
0.00992987
-0.00324399
-0.000572987
-0.00549699
0.00888052
0.00229002
0.00794109
-0.0163554
-0.00211731
0.00736019
0.00815853
0.0070359
-0.00506231
0.00176877
0.00267763
0.0203823
-0.00396679
-0.0211104
0.0174072
-0.0229105
0.00833067
-0.0162917
0.00971658
0.00356276
-0.00810561
0.00788424
-0.00202761
-0.00917715
0.00280235
-0.0110984
-0.00380808
-0.0075634
-0.0346697
-0.0207748
-0.0211701
0.00591454
-0.00728603
-0.0205761
-0.00694911
0.0151816
-0.016516
-0.00661805
-0.00334406
-0.0175036
-0.0279313
-0.0341062
-0.0263593
-0.0209326
-0.0255269
-0.035078
-0.0534561
-0.0428285
-0.11872
-0.136275
-0.186099
-0.193886
-0.208715
-0.21582
-0.227276
-0.229055
-0.240617
-0.231738
-0.253727
-0.225733
-0.171165
-0.174791
-0.18258
-0.171336
-0.157548
-0.138884
-0.138209
-0.147284
-0.158309
-0.148602
-0.147286
-0.140837
-0.1708
-0.179863
-0.188973
-0.203956
-0.194939
-0.215217
-0.199549
-0.231906
-0.216718
-0.246134
-0.228196
-0.188059
-0.211727
-0.193852
-0.183685
-0.20831
-0.201768
-0.196537
-0.162289
-0.156284
-0.176459
-0.203659
-0.188531
-0.204469
-0.220815
-0.201744
-0.225664
-0.243418
-0.224122
-0.217978
-0.223106
-0.224358
-0.227122
-0.214235
-0.240785
-0.251866
-0.2779
-0.226286
-0.234672
-0.256507
-0.231995
-0.248213
-0.233651
-0.22489
-0.236652
-0.197764
-0.226521
-0.2115
-0.192258
-0.17609
-0.192483
-0.159187
-0.219877
-0.184219
-0.19398
-0.192648
-0.191872
-0.246045
-0.230645
-0.215424
-0.225386
-0.218238
-0.201131
-0.259965
-0.238926
-0.260198
-0.261129
-0.27115
-0.266857
-0.271383
-0.284291
-0.294781
-0.31083
-0.27268
-0.306961
-0.281456
-0.288447
-0.321288
-0.303831
-0.33793
-0.304677
-0.310087
-0.312249
-0.347139
-0.315449
-0.31741
-0.311009
-0.339135
-0.342092
-0.30178
-0.288924
-0.31896
-0.296966
-0.286458
-0.311134
-0.310998
-0.310069
-0.34319
-0.304016
-0.314619
-0.304107
-0.28994
-0.293925
-0.327173
-0.337867
-0.333344
-0.353172
-0.347429
-0.349201
-0.386757
-0.375977
-0.398322
-0.431058
-0.437577
-0.465531
-0.47011
-0.503003
-0.466505
-0.429669
-0.472065
-0.479471
-0.43895
-0.40239
-0.436654
-0.420967
-0.332447
-0.405543
-0.437998
-0.402469
-0.367457
-0.356765
-0.395315
-0.334588
-0.363344
-0.350416
-0.322538
-0.323744
-0.317021
-0.333391
-0.331221
-0.309087
-0.339907
-0.393416
-0.378129
-0.40293
-0.415972
-0.419697
-0.412633
-0.425285
-0.394155
-0.428166
-0.40113
-0.412263
-0.436954
-0.401827
-0.395968
-0.421499
-0.396435
-0.41879
-0.465545
-0.446119
-0.44862
-0.416633
-0.445463
-0.451759
-0.428713
-0.461515
-0.446554
-0.418858
-0.377141
-0.379618
-0.376667
-0.390875
-0.339508
-0.356034
-0.36987
-0.36191
-0.355591
-0.313504
-0.363206
-0.354359
-0.376447
-0.349978
-0.310234
-0.307935
-0.2683
-0.264306
-0.268865
-0.270648
-0.258097
-0.266871
-0.285259
-0.285403
-0.268154
-0.231102
-0.224956
-0.18224
-0.183413
-0.150981
-0.14412
-0.14736
-0.133389
-0.108729
-0.117394
-0.0343461
-0.0899182
-0.137826
-0.0953973
-0.0775789
-0.11228
-0.145889
-0.141367
-0.130434
-0.141826
-0.17455
-0.164975
-0.177875
-0.176059
-0.154636
-0.157178
-0.178915
-0.186474
-0.160613
-0.0980221
-0.0619469
-0.143254
-0.166612
-0.169007
-0.160378
-0.158268
-0.154732
-0.16873
-0.175662
-0.181817
-0.137725
-0.147222
-0.158951
-0.135918
-0.165271
-0.145571
-0.14128
-0.14043
-0.15011
-0.152065
-0.172584
-0.192445
-0.188204
-0.186166
-0.213536
-0.218462
-0.218968
-0.214039
-0.234066
-0.206244
-0.227191
-0.210459
-0.212126
-0.150892
-0.113035
-0.137268
-0.145708
-0.143447
-0.0829003
-0.0150042
0.00146142
0.00738896
0.0053371
-0.00619771
0.011182
0.0151995
0.0335092
0.0468909
0.0708541
0.0788646
0.0266077
0.00412992
0.0324732
0.0261421
0.016223
0.00901279
-0.00813953
-0.0278867
-0.0999317
-0.026595
-0.0264816
0.0122254
-0.038379
-0.0935533
-0.0892404
-0.131646
-0.175522
-0.224891
-0.252813
-0.276727
-0.264884
-0.334032
-0.332976
-0.339366
-0.335531
-0.367267
-0.342669
-0.374218
-0.346016
-0.356149
-0.341909
-0.275416
-0.268002
-0.264828
-0.235023
-0.196541
-0.187025
-0.206754
-0.243207
-0.234801
-0.254027
-0.252475
-0.253049
-0.298812
-0.239734
-0.278643
-0.287945
-0.318895
-0.298209
-0.348593
-0.354916
-0.322648
-0.346503
-0.367286
-0.334166
-0.339849
-0.32866
-0.345018
-0.331854
-0.345156
-0.382672
-0.369363
-0.386677
-0.350299
-0.363435
-0.340462
-0.355913
-0.329557
-0.35132
-0.334221
-0.322075
-0.298444
-0.297177
-0.30264
-0.303059
-0.264574
-0.273391
-0.302628
-0.310537
-0.300517
-0.299222
-0.27436
-0.288452
-0.295916
-0.286573
-0.264716
-0.272164
-0.256493
-0.311961
-0.28575
-0.290611
-0.290522
-0.325206
-0.272648
-0.300715
-0.305587
-0.349868
-0.356465
-0.350844
-0.423845
-0.390661
-0.417028
-0.41031
-0.409842
-0.376509
-0.42301
-0.369506
-0.381881
-0.364908
-0.300634
-0.293735
-0.245435
-0.224042
-0.234655
-0.209742
-0.215363
-0.190362
-0.186913
-0.171297
-0.16951
-0.146192
-0.145442
-0.123943
-0.130327
-0.128547
-0.130971
-0.0844195
-0.124038
-0.091143
-0.111346
-0.129204
-0.104387
-0.154632
-0.141277
-0.162894
-0.12627
-0.182428
-0.177123
-0.159453
-0.138428
-0.183686
-0.137076
-0.135453
-0.13894
-0.175139
-0.160389
-0.157527
-0.115596
-0.11126
-0.147215
-0.208505
-0.229283
-0.243447
-0.23976
-0.255737
-0.270842
-0.268268
-0.300238
-0.27603
-0.301052
-0.279447
-0.299143
-0.301575
-0.298119
-0.305377
-0.308092
-0.323865
-0.293563
-0.334054
-0.312142
-0.311712
-0.272324
-0.288394
-0.278876
-0.332179
-0.264354
-0.278838
-0.280806
-0.28163
-0.235357
-0.23877
-0.241586
-0.209346
-0.261353
-0.23806
-0.182411
-0.204965
-0.228956
-0.165954
-0.176378
-0.182844
-0.16283
-0.192451
-0.204311
-0.168221
-0.167179
-0.217149
-0.260407
-0.295437
-0.231036
-0.282153
-0.318392
-0.343632
-0.340107
-0.345751
-0.374121
-0.364136
-0.413841
-0.417348
-0.390456
-0.434253
-0.440426
-0.367794
-0.392903
-0.396177
-0.347853
-0.386555
-0.380386
-0.351432
-0.357293
-0.283783
-0.299816
-0.269118
-0.327471
-0.295209
-0.327431
-0.279967
-0.32758
-0.278559
-0.292749
-0.266123
-0.276616
-0.259758
-0.267769
-0.302048
-0.286404
-0.319973
-0.341653
-0.35791
-0.353074
-0.378381
-0.367436
-0.368172
-0.357677
-0.373908
-0.380597
-0.348404
-0.331882
-0.259567
-0.286393
-0.265669
-0.252102
-0.222325
-0.252382
-0.24295
-0.242389
-0.265575
-0.269386
-0.247604
-0.24783
-0.241
-0.212053
-0.214186
-0.20628
-0.173826
-0.186439
-0.197519
-0.171519
-0.173709
-0.131344
-0.115885
-0.147926
-0.142002
-0.13488
-0.110949
-0.087783
-0.0820791
-0.0640906
-0.045916
-0.0492092
-0.06062
-0.0806409
-0.0760638
-0.0439243
-0.029573
-0.0332956
-0.00831564
-0.0197265
-0.0265483
0.00420506
-0.00701225
0.00882334
-0.00168825
-0.0459699
-0.0431052
-0.029198
-0.0323563
-0.0391996
-0.0292921
-0.0238232
-0.0323892
-0.0332251
-0.0100005
-0.0455282
-0.0622136
-0.0578383
-0.0911959
-0.147195
-0.143282
-0.124265
-0.143908
-0.176695
-0.364582
-0.302759
-0.244569
-0.255787
-0.233454
-0.250163
-0.195663
-0.106129
0.00597766
-0.0236332
0.0162254
0.00389656
0.00703019
-0.0244156
-0.0391154
-0.00660995
-0.0123832
-0.00155706
0.000104327
-0.00399297
-0.000292354
-0.0252364
-0.00909136
-0.00103737
-0.0240406
-0.0510094
-0.172981
-0.121553
-0.149549
-0.195097
-0.236821
-0.218309
-0.269935
-0.271694
-0.283145
-0.337623
-0.371937
-0.356458
-0.398283
-0.456905
-0.412412
-0.469815
-0.499118
-0.497745
-0.422527
-0.391076
-0.403887
-0.353544
-0.347444
-0.369204
-0.390093
-0.36512
-0.355155
-0.316698
-0.321279
-0.333794
-0.342184
-0.334974
-0.353961
-0.321476
-0.316072
-0.293191
-0.317498
-0.314687
-0.281999
-0.301469
-0.329993
-0.295374
-0.335243
-0.298979
-0.360642
-0.330884
-0.323758
-0.373202
-0.373442
-0.415431
-0.453516
-0.428775
-0.451553
-0.512479
-0.47178
-0.440901
-0.471841
-0.501497
-0.52165
-0.520577
-0.500114
-0.49337
-0.532963
-0.527727
-0.554585
-0.556984
-0.47598
-0.495656
-0.497914
-0.494683
-0.49252
-0.477352
-0.536519
-0.577502
-0.58405
-0.605965
-0.651247
-0.616104
-0.617788
-0.597952
-0.619447
-0.579394
-0.573633
-0.561896
-0.54866
-0.598803
-0.624525
-0.624079
-0.667566
-0.679529
-0.686887
-0.721225
-0.731173
-0.741837
-0.754172
-0.745522
-0.77219
-0.791537
-0.71539
-0.707635
-0.699342
-0.71454
-0.748806
-0.68953
-0.482046
-0.160846
-0.208588
-0.176162
-0.119959
-0.071823
-0.120709
-0.174951
-0.229263
-0.2103
-0.291269
-0.279308
-0.201758
-0.157883
-0.134187
-0.0291613
-0.0196066
-0.00734092
0.00715457
0.00162297
0.00453941
-0.0155494
0.00419119
0.0231198
-0.00255931
0.00036848
-0.00321929
0.00563205
-0.0112636
-0.00380308
-0.000221562
-0.0253824
0.000594718
0.00691805
0.0020071
-0.00642056
0.00164582
0.00690051
0.000677709
0.00268861
0.0116142
0.00566886
0.0233303
-0.00379743
-0.00758513
0.0181022
-0.0124473
0.00534935
-0.00844659
-0.0192857
0.0166292
-0.00513431
0.00188775
-0.00495152
-0.00801963
-0.00543112
-0.00107007
0.00801723
0.000426722
0.0056469
0.00307753
-0.0103095
0.00998078
0.0156121
0.00232189
0.00487523
0.00511288
-0.0156832
0.0134794
-0.0135219
-0.00300444
0.0108279
0.0147706
-0.0115287
0.000105669
-0.0187503
0.00553414
-0.00639828
0.00732812
9.74368e-05
0.00803682
-0.0221722
-0.0282612
-0.0179877
-0.0126359
-0.0141948
-0.00816822
0.00344247
6.48662e-05
-0.00488584
0.0161157
-0.0162542
-0.0223453
-0.00117592
0.0107266
0.00824404
-0.0172853
-0.00954054
0.00501569
-0.00360545
0.0154673
0.0126406
-0.0029341
-0.0238363
0.00723472
0.00682189
-0.00118145
0.0063682
-0.00418437
-0.00148488
0.007433
0.00290741
0.00516438
-0.00540106
0.0148336
-0.0198199
-0.0183801
-0.00337597
-0.00387574
0.0224811
-0.000115108
-0.00507616
0.00313901
0.00029416
-0.00651599
0.02321
0.00183705
0.000797893
0.00487411
-0.00656972
0.00705774
0.00372079
0.00751521
0.00973967
0.00287441
0.00642058
-0.02275
0.0148547
-0.000243458
0.018385
-0.0021875
-0.00620522
0.0198451
-0.0127055
0.01334
0.0055149
-0.0228416
0.0135059
-0.00459434
-0.00939138
-0.00600252
0.00455376
-0.0132003
-0.0181508
0.0028687
-0.00258181
-0.0114017
-0.00921712
0.00815908
-0.00581311
-0.00681599
0.0145696
0.0136015
0.0102302
0.000945905
-0.00414375
0.00840386
-0.00441663
0.00399765
-0.0115764
0.014189
-0.00948755
-0.00497311
