-0.105789
-0.105791
-0.105755
-0.105754
-0.105729
-0.105734
-0.105713
-0.105711
-0.105682
-0.105676
-0.105673
-0.105682
-0.10569
-0.10568
-0.105682
-0.105675
-0.10568
-0.105647
-0.105665
-0.105676
-0.105678
-0.10565
-0.105628
-0.105622
-0.105606
-0.105611
-0.105624
-0.105614
-0.105628
-0.105655
-0.105623
-0.105617
-0.105581
-0.105602
-0.105572
-0.105561
-0.105587
-0.105627
-0.105618
-0.105643
-0.10562
-0.10562
-0.105613
-0.105609
-0.105611
-0.105562
-0.105543
-0.105491
-0.10545
-0.105373
-0.105319
-0.105304
-0.105251
-0.105189
-0.105048
-0.104933
-0.104685
-0.104303
-0.103875
-0.103529
-0.103208
-0.102863
-0.10254
-0.102295
-0.101959
-0.101645
-0.101315
-0.10093
-0.100516
-0.100164
-0.0997591
-0.099413
-0.0990439
-0.0985109
-0.098028
-0.0975175
-0.0970392
-0.0965685
-0.0961111
-0.0957513
-0.0952985
-0.0949028
-0.0944637
-0.094126
-0.0938398
-0.0935552
-0.0933556
-0.0930918
-0.0928794
-0.0926821
-0.0925684
-0.0924408
-0.0922432
-0.092149
-0.0919554
-0.0917805
-0.0916148
-0.091522
-0.0912264
-0.0910313
-0.0907428
-0.0904862
-0.0902748
-0.0899133
-0.0895427
-0.0891775
-0.0887735
-0.0883944
-0.0878486
-0.0874196
-0.0870109
-0.0865456
-0.0860495
-0.0856116
-0.0852681
-0.0848851
-0.0844714
-0.0841136
-0.0838267
-0.0835015
-0.0831354
-0.082827
-0.0824945
-0.0822159
-0.0818386
-0.0814453
-0.0810809
-0.0806444
-0.0801386
-0.0796318
-0.0791571
-0.0786913
-0.0781616
-0.0776283
-0.0771143
-0.0765895
-0.0760253
-0.0754793
-0.0749437
-0.0744403
-0.0738287
-0.0732764
-0.0728335
-0.0722241
-0.071729
-0.0711248
-0.0705937
-0.0700603
-0.0695595
-0.0689673
-0.0684163
-0.0678538
-0.0673152
-0.0667586
-0.0661773
-0.0656569
-0.0651031
-0.0645152
-0.0639083
-0.0632558
-0.0626771
-0.0619922
-0.0613143
-0.060695
-0.060002
-0.059327
-0.0586567
-0.0579559
-0.057188
-0.0565086
-0.0558161
-0.0550288
-0.054318
-0.0535853
-0.0528819
-0.0521692
-0.0514934
-0.0507654
-0.0500604
-0.049358
-0.0485624
-0.0477897
-0.0470469
-0.046216
-0.0454103
-0.0446199
-0.0438113
-0.043071
-0.0423071
-0.0414618
-0.0406911
-0.0399027
-0.0390758
-0.038273
-0.0374796
-0.0366175
-0.0358176
-0.0350495
-0.0341996
-0.0333601
-0.032562
-0.0317617
-0.0309312
-0.0301295
-0.0293133
-0.028391
-0.0275323
-0.0266906
-0.025796
-0.0248763
-0.0239263
-0.0229569
-0.0220162
-0.0209494
-0.0199224
-0.0189378
-0.0179382
-0.0169959
-0.0161073
-0.0152147
-0.0143989
-0.0136052
-0.0128658
-0.0121069
-0.0113686
-0.0105699
-0.00971114
-0.00887479
-0.00800871
-0.00705068
-0.00614753
-0.00520322
-0.00420029
-0.00320842
-0.00223821
-0.00122461
-0.000211667
0.000801356
0.00181056
0.00281693
0.00387233
0.00494429
0.00597628
0.00694689
0.00799768
0.00898703
0.00996691
0.0109358
0.0118781
0.012768
0.0137194
0.0146512
0.0156136
0.0165472
0.0174593
0.0182856
0.0191646
0.0200489
0.0209567
0.0218281
0.0227605
0.0236969
0.0246038
0.0255731
0.0265654
0.0276101
0.0286154
0.0296507
0.0306349
0.0316351
0.032696
0.0336516
0.0345744
0.0355759
0.0365394
0.0374582
0.0383705
0.0393194
0.0402555
0.0411271
0.0420736
0.0430647
0.0439827
0.0449761
0.0458248
0.0467638
0.0476701
0.0485392
0.0495041
0.050358
0.051223
0.0520931
0.0530035
0.0539082
0.0547557
0.0556949
0.056587
0.0575437
0.0584944
0.0594569
0.0603718
0.0614167
0.0624148
0.0633999
0.0643412
0.0652647
0.0662199
0.0670828
0.0679943
0.0688758
0.0697065
0.0705031
0.0713477
0.0721712
0.0729524
0.073791
0.074613
0.0754368
0.0762868
0.0771772
0.0780487
0.0789026
0.0797769
0.0807459
0.0816483
0.0825393
0.0832881
0.0839917
0.0844761
0.0849944
0.0853031
0.0860454
0.0867342
0.0874379
0.0880961
0.0887594
0.0894586
0.0904664
0.0913948
0.0919862
0.0923919
0.0930315
0.0934956
0.093896
0.0943033
0.0948087
0.0953088
0.0958352
0.0964304
0.0971128
0.0978658
0.0987411
0.099789
0.101025
0.102375
0.103807
0.105279
0.106712
0.108041
0.109113
0.110047
0.110898
0.111646
0.112209
0.112688
0.113078
0.113437
0.113896
0.114334
0.114823
0.115407
0.115966
0.11656
0.11726
0.11815
0.119093
0.12009
0.120987
0.121808
0.122594
0.123269
0.123916
0.124529
0.125123
0.125663
0.126219
0.126741
0.12725
0.127806
0.128283
0.128875
0.129513
0.1301
0.130729
0.131385
0.13212
0.132814
0.133531
0.134187
0.134852
0.135496
0.136068
0.136549
0.137098
0.137626
0.138142
0.138668
0.139128
0.139645
0.140178
0.140668
0.141133
0.141649
0.142211
0.142729
0.143296
0.14382
0.144431
0.145026
0.145532
0.146023
0.146516
0.147024
0.147477
0.147931
0.1484
0.148921
0.149361
0.149821
0.150238
0.150621
0.151005
0.151433
0.151846
0.152328
0.152808
0.153243
0.153698
0.154048
0.154427
0.154817
0.155262
0.155724
0.156082
0.156388
0.156731
0.157119
0.157542
0.157888
0.158245
0.158633
0.158984
0.159313
0.159663
0.160027
0.16039
0.160715
0.160979
0.161303
0.161653
0.161947
0.162215
0.162532
0.162857
0.163164
0.163433
0.163662
0.163969
0.16428
0.164548
0.164826
0.165098
0.165354
0.165601
0.165849
0.166136
0.166433
0.16676
0.166966
0.167134
0.16722
0.16743
0.167769
0.168036
0.168145
0.168243
0.168348
0.168612
0.168911
0.169193
0.16932
0.16941
0.169518
0.169701
0.169943
0.170217
0.170376
0.170468
0.170512
0.170688
0.170842
0.17107
0.171205
0.1713
0.171306
0.171382
0.171527
0.171693
0.171913
0.171932
0.171992
0.172084
0.172236
0.172406
0.172551
0.172495
0.172431
0.172566
0.172684
0.172784
0.172932
0.172961
0.172955
0.173017
0.173093
0.173164
0.173309
0.173431
0.173528
0.173574
0.173632
0.173632
0.17373
0.173747
0.173797
0.173798
0.173825
0.173928
0.174062
0.17414
0.174098
0.174085
0.173986
0.174009
0.174048
0.17408
0.17402
0.17393
0.173917
0.173944
0.173939
0.173897
0.17391
0.173861
0.173878
0.173899
0.173929
0.173924
0.173964
0.173986
0.174007
0.174018
0.174013
0.174
0.174046
0.173994
0.17403
0.17401
0.173981
0.173956
0.173949
0.17405
0.174046
0.173928
0.173805
0.17379
0.173808
0.173783
0.173711
0.173591
0.17354
0.173585
0.17361
0.173552
0.17344
0.173427
0.173454
0.173416
0.173353
0.173313
0.173274
0.173251
0.173304
0.173245
0.173199
0.173193
0.173189
0.173204
0.173238
0.173278
0.17327
0.173215
0.173183
0.173221
0.173225
0.173225
0.173245
0.173273
0.173289
0.173245
0.173159
0.17306
0.173035
0.173108
0.173201
0.173248
0.173258
0.173227
0.173185
0.173172
0.17313
0.173174
0.173194
0.173241
0.173201
0.17316
0.173058
0.173029
0.173023
0.172994
0.172995
0.172992
0.173039
0.173051
0.17309
0.173213
0.173278
0.173338
0.173425
0.173454
0.173493
0.173579
0.173669
0.173763
0.173794
0.173841
0.173921
0.173954
0.173998
0.174021
0.17403
0.174065
0.174099
0.174135
0.174149
0.174144
0.174235
0.174421
0.174599
0.174725
0.174826
0.174934
0.175067
0.175211
0.175334
0.175388
0.175449
0.175571
0.175846
0.176203
0.176501
0.176761
0.176913
0.177056
0.177289
0.177585
0.177948
0.178297
0.178529
0.178782
0.179105
0.17945
0.179774
0.180059
0.180362
0.180638
0.18092
0.181193
0.181456
0.181707
0.182014
0.182327
0.182605
0.182886
0.183188
0.183514
0.183828
0.184048
0.184274
0.184492
0.184667
0.184926
0.185212
0.185462
0.1857
0.185935
0.186249
0.186595
0.186903
0.187248
0.187568
0.187919
0.188233
0.188624
0.188969
0.18931
0.18962
0.189929
0.190177
0.190443
0.190665
0.190917
0.191106
0.191374
0.19163
0.191941
0.192295
0.192668
0.193094
0.193525
0.193898
0.19432
0.19467
0.195064
0.195421
0.195731
0.196068
0.196346
0.196646
0.196962
0.197304
0.197677
0.198058
0.19847
0.198899
0.199354
0.199722
0.200113
0.200504
0.200911
0.201289
0.201632
0.201974
0.202304
0.202662
0.202959
0.203303
0.203694
0.20412
0.204535
0.204913
0.205299
0.205724
0.206144
0.206591
0.206969
0.207345
0.207739
0.208217
0.208655
0.209131
0.209571
0.209992
0.210388
0.21081
0.211236
0.211633
0.211998
0.21241
0.212853
0.213264
0.213716
0.214193
0.214696
0.215122
0.215572
0.216012
0.216475
0.216914
0.217329
0.217734
0.218191
0.218637
0.219101
0.219528
0.219989
0.220483
0.220912
0.221337
0.221779
0.222146
0.222547
0.222964
0.223406
0.223885
0.224384
0.224801
0.225261
0.22568
0.226079
0.22652
0.226939
0.227359
0.227846
0.228349
0.228828
0.22926
0.229676
0.230095
0.230536
0.230953
0.231348
0.231772
0.232173
0.232615
0.233089
0.233528
0.233949
0.234404
0.234832
0.235218
0.235602
0.235985
0.236409
0.236868
0.237304
0.23774
0.2381
0.238481
0.23885
0.239185
0.239537
0.239935
0.240351
0.240783
0.241165
0.241569
0.241949
0.242311
0.242675
0.243043
0.243421
0.243811
0.244254
0.24465
0.245061
0.245404
0.245748
0.246103
0.24645
0.24678
0.247178
0.247558
0.247924
0.248313
0.248655
0.249001
0.249326
0.24962
0.249918
0.250265
0.250623
0.250941
0.251254
0.251575
0.251896
0.252194
0.252455
0.25274
0.253105
0.253412
0.25372
0.254043
0.254326
0.254594
0.254834
0.255082
0.255333
0.255598
0.255862
0.256174
0.256446
0.256684
0.25692
0.257176
0.257421
0.257673
0.257938
0.258223
0.258476
0.258732
0.258981
0.25916
0.259345
0.259516
0.259722
0.259946
0.260144
0.260325
0.260489
0.260648
0.260803
0.260948
0.261098
0.261248
0.261427
0.26158
0.261685
0.261826
0.261963
0.26206
0.262193
0.26226
0.262365
0.262451
0.262556
0.26268
0.262787
0.262906
0.262978
0.263048
0.263137
0.263205
0.263304
0.263388
0.26346
0.263526
0.263537
0.26359
0.263593
0.263598
0.263618
0.263608
0.263631
0.263613
0.263619
0.263562
0.263489
0.263533
0.263456
0.263464
0.263407
0.263384
0.263345
0.263252
0.263261
0.263157
0.263115
0.263036
0.26294
0.262875
0.262846
0.26278
0.262723
0.262665
0.262568
0.262501
0.262409
0.262291
0.262236
0.262111
0.262022
0.261908
0.261722
0.261573
0.261417
0.261293
0.261165
0.261002
0.260796
0.260682
0.260482
0.260321
0.260199
0.259984
0.259822
0.259632
0.259469
0.259287
0.259118
0.258932
0.258714
0.258524
0.258323
0.258091
0.257886
0.25766
0.257422
0.257197
0.256936
0.256705
0.25647
0.256205
0.255954
0.255674
0.255412
0.255133
0.254865
0.254618
0.254339
0.254035
0.253764
0.25344
0.253133
0.252808
0.252517
0.252208
0.251903
0.251589
0.251305
0.251007
0.250727
0.250406
0.250108
0.249795
0.249465
0.24913
0.248786
0.248428
0.248077
0.247707
0.247363
0.246985
0.246641
0.246254
0.245885
0.245492
0.245101
0.244717
0.24434
0.243934
0.243564
0.243173
0.242815
0.242415
0.242033
0.241629
0.241229
0.240797
0.240385
0.239959
0.239522
0.239091
0.238663
0.238266
0.237825
0.237411
0.236981
0.236562
0.236124
0.235667
0.235202
0.234713
0.234247
0.233756
0.233288
0.232818
0.232339
0.231878
0.231423
0.230964
0.230507
0.230023
0.22955
0.229083
0.228584
0.228054
0.227537
0.227004
0.226489
0.225961
0.225432
0.22493
0.224423
0.223919
0.223401
0.222883
0.222357
0.221844
0.221311
0.220757
0.220186
0.219645
0.219087
0.218532
0.21798
0.217413
0.216896
0.216358
0.215815
0.215289
0.214746
0.214218
0.213622
0.213017
0.212429
0.211834
0.211226
0.210594
0.209938
0.209331
0.208709
0.208086
0.207477
0.206906
0.206311
0.205736
0.205156
0.20455
0.203956
0.203351
0.202699
0.202054
0.201418
0.20073
0.200064
0.199376
0.198693
0.19801
0.197337
0.196682
0.196012
0.195359
0.194699
0.19404
0.193386
0.192728
0.192067
0.191366
0.190693
0.189983
0.189262
0.188543
0.187838
0.187088
0.186338
0.185598
0.184872
0.184132
0.183394
0.182668
0.181956
0.181224
0.180473
0.179729
0.178986
0.178221
0.177457
0.176684
0.1759
0.175127
0.174355
0.173576
0.17278
0.171974
0.171197
0.170372
0.169553
0.168753
0.167922
0.167109
0.166247
0.165418
0.164568
0.163711
0.16285
0.16201
0.161123
0.160252
0.159394
0.158502
0.15759
0.156678
0.155795
0.154866
0.153964
0.153097
0.152193
0.151307
0.150415
0.149515
0.148622
0.147721
0.146784
0.145815
0.144859
0.143897
0.142935
0.14198
0.141016
0.140056
0.139108
0.138171
0.13726
0.136274
0.135286
0.134274
0.133278
0.13225
0.1312
0.130156
0.129099
0.128021
0.126968
0.125937
0.124907
0.123876
0.122841
0.121836
0.120795
0.119757
0.118712
0.117626
0.116541
0.115449
0.114362
0.11327
0.112182
0.111077
0.109961
0.108838
0.107706
0.106574
0.105426
0.104302
0.10314
0.101978
0.100844
0.0996763
0.0984996
0.0973645
0.0961921
0.0950437
0.0939036
0.0927504
0.0915778
0.0904015
0.0892167
0.0880507
0.0868457
0.0856584
0.0844693
0.0832443
0.0820498
0.0808854
0.0796685
0.0784949
0.0773118
0.076084
0.0748682
0.073683
0.0724542
0.0712142
0.0699663
0.0686885
0.067461
0.0662204
0.0649371
0.0636647
0.0623926
0.0610915
0.0598237
0.058554
0.0572901
0.0560427
0.0547644
0.0534623
0.05217
0.0508674
0.0495613
0.0482672
0.0469299
0.0456011
0.0443059
0.043005
0.0417137
0.0403942
0.039068
0.0377413
0.0364366
0.0351574
0.0338484
0.0325221
0.0312127
0.0299194
0.0286291
0.0272773
0.0259554
0.0246435
0.023298
0.021978
0.0206678
0.0193917
0.0180745
0.0168072
0.0155646
0.0142446
0.0128382
0.0114904
0.010298
0.00909529
0.00782869
0.00640821
0.00494158
0.00345886
0.00214392
0.000960887
-0.000208299
-0.00156567
-0.00318766
-0.00470481
-0.0059768
-0.00715366
-0.00837743
-0.00979625
-0.0112142
-0.0124844
-0.0137182
-0.0149624
-0.0162684
-0.0176017
-0.0189107
-0.0201174
-0.0213966
-0.0226584
-0.0239763
-0.0252797
-0.026512
-0.027773
-0.0291243
-0.0303855
-0.0315774
-0.0328193
-0.0340737
-0.0354089
-0.0366264
-0.0377344
-0.0388563
-0.0400883
-0.0414237
-0.0428618
-0.0440796
-0.0452153
-0.0463761
-0.0477254
-0.0489855
-0.0501852
-0.0513396
-0.0525115
-0.053798
-0.0550425
-0.056257
-0.0574558
-0.0586041
-0.0597945
-0.0609822
-0.0621567
-0.0632944
-0.0644384
-0.065556
-0.0666979
-0.0677952
-0.0688789
-0.0699079
-0.0709506
-0.071966
-0.0730131
-0.0741912
-0.0753864
-0.0764796
-0.0775314
-0.0785998
-0.0797229
-0.0808601
-0.0819285
-0.0829834
-0.0840333
-0.0850564
-0.0860803
-0.0870747
-0.0880885
-0.0890877
-0.0900791
-0.0910771
-0.0920037
-0.092972
-0.0939239
-0.0948624
-0.0958106
-0.0967096
-0.0976232
-0.0985431
-0.0994162
-0.100272
-0.101119
-0.102008
-0.103005
-0.103989
-0.104902
-0.105742
-0.106577
-0.107429
-0.108277
-0.109159
-0.109964
-0.110759
-0.111607
-0.112433
-0.11326
-0.114016
-0.114832
-0.115624
-0.116426
-0.117195
-0.117889
-0.11859
-0.11921
-0.119838
-0.120596
-0.121377
-0.122141
-0.12286
-0.123554
-0.124223
-0.12493
-0.125614
-0.126324
-0.127006
-0.127676
-0.128317
-0.128952
-0.129631
-0.130229
-0.130853
-0.131436
-0.132048
-0.13264
-0.133207
-0.133761
-0.1343
-0.134805
-0.135255
-0.135753
-0.136369
-0.137006
-0.137609
-0.138103
-0.138593
-0.139086
-0.139625
-0.140122
-0.140654
-0.141196
-0.14171
-0.142224
-0.142719
-0.143254
-0.143755
-0.144242
-0.144728
-0.145213
-0.145726
-0.146122
-0.146531
-0.147045
-0.147627
-0.148185
-0.148656
-0.149135
-0.149656
-0.150228
-0.150738
-0.151193
-0.15164
-0.152084
-0.152535
-0.152967
-0.153389
-0.153772
-0.154149
-0.154477
-0.154806
-0.155086
-0.155401
-0.155648
-0.155868
-0.156168
-0.156351
-0.1565
-0.156656
-0.15685
-0.157139
-0.157313
-0.157508
-0.157734
-0.157968
-0.158122
-0.158325
-0.158529
-0.158688
-0.158866
-0.158991
-0.159097
-0.159227
-0.159295
-0.159368
-0.159477
-0.159581
-0.159667
-0.159718
-0.159727
-0.159773
-0.159921
-0.160087
-0.160135
-0.160188
-0.160229
-0.160341
-0.160397
-0.160418
-0.160475
-0.160502
-0.160547
-0.160534
-0.160561
-0.160558
-0.160545
-0.160532
-0.160469
-0.160423
-0.160387
-0.160311
-0.160218
-0.160122
-0.160059
-0.159973
-0.159822
-0.159746
-0.159597
-0.159577
-0.159528
-0.159408
-0.159339
-0.159232
-0.159165
-0.159089
-0.158947
-0.158849
-0.158748
-0.158641
-0.158497
-0.158354
-0.15819
-0.15803
-0.157875
-0.157714
-0.157537
-0.157408
-0.157199
-0.156991
-0.156783
-0.156547
-0.156287
-0.156049
-0.15588
-0.15572
-0.155485
-0.155255
-0.155054
-0.154895
-0.154666
-0.154447
-0.154259
-0.154101
-0.153875
-0.153685
-0.153419
-0.153205
-0.152985
-0.152671
-0.152395
-0.152123
-0.151799
-0.151556
-0.151225
-0.1509
-0.150624
-0.150382
-0.150109
-0.149764
-0.149434
-0.149153
-0.148894
-0.148647
-0.14828
-0.147912
-0.147679
-0.14741
-0.147114
-0.146754
-0.146445
-0.146187
-0.145918
-0.145607
-0.145342
-0.145071
-0.144786
-0.144489
-0.144188
-0.143917
-0.14366
-0.143342
-0.143032
-0.142705
-0.142339
-0.14202
-0.141642
-0.141268
-0.14093
-0.140551
-0.140189
-0.139816
-0.139471
-0.139162
-0.138841
-0.138536
-0.138252
-0.137871
-0.137462
-0.137111
-0.136812
-0.136588
-0.13638
-0.136029
-0.135629
-0.135362
-0.135117
-0.134828
-0.134532
-0.134177
-0.133862
-0.133576
-0.133277
-0.132909
-0.132634
-0.132266
-0.13194
-0.131608
-0.131272
-0.130947
-0.130608
-0.130257
-0.129922
-0.129612
-0.129329
-0.128969
-0.128657
-0.128373
-0.128005
-0.127667
-0.127364
-0.127118
-0.126811
-0.126486
-0.126221
-0.12594
-0.125636
-0.125347
-0.125114
-0.124879
-0.124618
-0.124298
-0.124085
-0.123784
-0.123489
-0.123213
-0.12292
-0.12263
-0.122328
-0.122007
-0.121736
-0.121563
-0.121343
-0.121096
-0.120856
-0.120542
-0.120294
-0.119992
-0.119718
-0.119465
-0.11928
-0.119096
-0.118911
-0.118783
-0.118592
-0.118379
-0.118158
-0.117989
-0.117761
-0.117568
-0.117378
-0.117155
-0.116985
-0.1168
-0.116623
-0.116437
-0.116262
-0.116134
-0.116002
-0.115914
-0.115774
-0.115637
-0.115497
-0.115359
-0.115227
-0.115067
-0.114872
-0.114694
-0.114558
-0.11443
-0.114259
-0.114137
-0.114044
-0.113965
-0.113874
-0.113773
-0.113717
-0.113623
-0.113525
-0.113446
-0.113366
-0.113305
-0.1132
-0.113105
-0.112968
-0.112873
-0.112739
-0.112634
-0.112521
-0.112462
-0.112391
-0.112387
-0.112344
-0.11235
-0.112321
-0.112264
-0.112231
-0.112219
-0.112194
-0.112186
-0.112204
-0.112197
-0.112177
-0.112133
-0.112099
-0.112082
-0.112084
-0.112083
-0.112034
-0.112038
-0.112038
-0.112044
-0.112057
-0.11206
-0.112088
-0.112086
-0.112066
-0.112078
-0.112058
-0.112072
-0.112066
-0.112059
-0.112051
-0.112057
-0.11205
-0.112048
-0.112047
-0.112057
-0.112043
-0.112053
-0.11206
-0.112058
-0.112061
-0.112064
-0.112051
-0.112062
-0.112057
-0.112066
-0.112055
-0.112064
-0.112079
-0.112067
-0.11198
-0.111492
-0.11108
-0.110854
-0.110769
-0.110757
-0.110771
-0.110782
-0.11076
-0.110731
-0.110661
-0.110617
-0.110591
-0.110548
-0.110523
-0.110485
