-0.323552
-0.323555
-0.323565
-0.323565
-0.323573
-0.323573
-0.323577
-0.323579
-0.323588
-0.32359
-0.323593
-0.323589
-0.323585
-0.323593
-0.323593
-0.323598
-0.323599
-0.323607
-0.323607
-0.323613
-0.323621
-0.323634
-0.323652
-0.323664
-0.323683
-0.323692
-0.323706
-0.323723
-0.323738
-0.323751
-0.323773
-0.323791
-0.323818
-0.323834
-0.323866
-0.323896
-0.323921
-0.323949
-0.323985
-0.324022
-0.32407
-0.32411
-0.324151
-0.324193
-0.324224
-0.324272
-0.324317
-0.324374
-0.324426
-0.324495
-0.324555
-0.324606
-0.324668
-0.324743
-0.324839
-0.324933
-0.32506
-0.325227
-0.325403
-0.325577
-0.325731
-0.325886
-0.326044
-0.326191
-0.326377
-0.32655
-0.32672
-0.326919
-0.327116
-0.327297
-0.327491
-0.327681
-0.327884
-0.328129
-0.32836
-0.328608
-0.328824
-0.329049
-0.32928
-0.329501
-0.329738
-0.32996
-0.33019
-0.3304
-0.330619
-0.33084
-0.331056
-0.331272
-0.331485
-0.331706
-0.33192
-0.332141
-0.332374
-0.332591
-0.332825
-0.333055
-0.333298
-0.333537
-0.333777
-0.333994
-0.334245
-0.33449
-0.334751
-0.334988
-0.335248
-0.335518
-0.3358
-0.336077
-0.336355
-0.336625
-0.336902
-0.337186
-0.337467
-0.337739
-0.338013
-0.33829
-0.338565
-0.338831
-0.339092
-0.339363
-0.339631
-0.339887
-0.340157
-0.340412
-0.340678
-0.340946
-0.341218
-0.341489
-0.341768
-0.342047
-0.342325
-0.342594
-0.342872
-0.343159
-0.343435
-0.343704
-0.343977
-0.344248
-0.344515
-0.344768
-0.345039
-0.345301
-0.345547
-0.345801
-0.34606
-0.346327
-0.346573
-0.346824
-0.347069
-0.347313
-0.347544
-0.347783
-0.348016
-0.348241
-0.348473
-0.348696
-0.348919
-0.349138
-0.349356
-0.349578
-0.349782
-0.349991
-0.350203
-0.350403
-0.35061
-0.35081
-0.351008
-0.351203
-0.351397
-0.351578
-0.351756
-0.351938
-0.352109
-0.352276
-0.352436
-0.352595
-0.352746
-0.3529
-0.353046
-0.353184
-0.353327
-0.353463
-0.353589
-0.353718
-0.35384
-0.353956
-0.35407
-0.354173
-0.354273
-0.354373
-0.354462
-0.354547
-0.35463
-0.354706
-0.354776
-0.354846
-0.354906
-0.354958
-0.355012
-0.355059
-0.355097
-0.355131
-0.355162
-0.355185
-0.355204
-0.355228
-0.355244
-0.355248
-0.355252
-0.355254
-0.35525
-0.355241
-0.355227
-0.355215
-0.355194
-0.355166
-0.355134
-0.355091
-0.355036
-0.354978
-0.354911
-0.354838
-0.35476
-0.35468
-0.354597
-0.354517
-0.354432
-0.354341
-0.354242
-0.354141
-0.354032
-0.353918
-0.353798
-0.353676
-0.353553
-0.353429
-0.353303
-0.353177
-0.353047
-0.35291
-0.352769
-0.352616
-0.352453
-0.352283
-0.352107
-0.351931
-0.351758
-0.35158
-0.351399
-0.351214
-0.351024
-0.350833
-0.350641
-0.350436
-0.350225
-0.350006
-0.349791
-0.349571
-0.349344
-0.349122
-0.348902
-0.348674
-0.348437
-0.348192
-0.347959
-0.347727
-0.347484
-0.347237
-0.346982
-0.346734
-0.346463
-0.346196
-0.345931
-0.345664
-0.3454
-0.34513
-0.344857
-0.34458
-0.344308
-0.344027
-0.343737
-0.343448
-0.343159
-0.342873
-0.342585
-0.342284
-0.34198
-0.341674
-0.341361
-0.341055
-0.340755
-0.34045
-0.340138
-0.33983
-0.339527
-0.339215
-0.338902
-0.33858
-0.338251
-0.337925
-0.337595
-0.337255
-0.336932
-0.336597
-0.336265
-0.335927
-0.335579
-0.335232
-0.334898
-0.334561
-0.334226
-0.333904
-0.33355
-0.333202
-0.332868
-0.332536
-0.332206
-0.331889
-0.331567
-0.331205
-0.330842
-0.330482
-0.330107
-0.329741
-0.329407
-0.329072
-0.328775
-0.328475
-0.328275
-0.328044
-0.327884
-0.327615
-0.327351
-0.327068
-0.326783
-0.326498
-0.326228
-0.325858
-0.325497
-0.325222
-0.325028
-0.324768
-0.324542
-0.324354
-0.324149
-0.323925
-0.323706
-0.323471
-0.323218
-0.322939
-0.322636
-0.322291
-0.321883
-0.321405
-0.320885
-0.320328
-0.319771
-0.319194
-0.318638
-0.318134
-0.317678
-0.317279
-0.316927
-0.316632
-0.316349
-0.316104
-0.315893
-0.315652
-0.315414
-0.315155
-0.314863
-0.31456
-0.31421
-0.313819
-0.313376
-0.312945
-0.312487
-0.312049
-0.31162
-0.31119
-0.310796
-0.310427
-0.310093
-0.309773
-0.309464
-0.309139
-0.308821
-0.308524
-0.308198
-0.307904
-0.307566
-0.307215
-0.306874
-0.3065
-0.306124
-0.305718
-0.305332
-0.304913
-0.304518
-0.304125
-0.303764
-0.303417
-0.303097
-0.302747
-0.302422
-0.302096
-0.301761
-0.301452
-0.301126
-0.300796
-0.300468
-0.300135
-0.299789
-0.29944
-0.299105
-0.29873
-0.298381
-0.297992
-0.297604
-0.297243
-0.296893
-0.296554
-0.296216
-0.295888
-0.295547
-0.295214
-0.294863
-0.29455
-0.294217
-0.293896
-0.29359
-0.29328
-0.292949
-0.292641
-0.292307
-0.291978
-0.291658
-0.291308
-0.290985
-0.290639
-0.290306
-0.289972
-0.289629
-0.289331
-0.289036
-0.288715
-0.288393
-0.288048
-0.287735
-0.287406
-0.287083
-0.286775
-0.286472
-0.286155
-0.28583
-0.285502
-0.285187
-0.284903
-0.284604
-0.284289
-0.283991
-0.283697
-0.283379
-0.283069
-0.282762
-0.282472
-0.282203
-0.281895
-0.281582
-0.281289
-0.280981
-0.280683
-0.280388
-0.280106
-0.279821
-0.279536
-0.279251
-0.278956
-0.278698
-0.278405
-0.278138
-0.277864
-0.277564
-0.277292
-0.277045
-0.276766
-0.2765
-0.276196
-0.275911
-0.275627
-0.275379
-0.275117
-0.274854
-0.274573
-0.274291
-0.274001
-0.273745
-0.273498
-0.273276
-0.272975
-0.272737
-0.272472
-0.272245
-0.272001
-0.271777
-0.271531
-0.271292
-0.271078
-0.270808
-0.270618
-0.270364
-0.270112
-0.269879
-0.269647
-0.269368
-0.269185
-0.268994
-0.268704
-0.268452
-0.26824
-0.267993
-0.26779
-0.267585
-0.267341
-0.267089
-0.266869
-0.266613
-0.26638
-0.266153
-0.265933
-0.26567
-0.265474
-0.265229
-0.265038
-0.264821
-0.264629
-0.264424
-0.264199
-0.263984
-0.263778
-0.263602
-0.263384
-0.26321
-0.26303
-0.262842
-0.262645
-0.262485
-0.262326
-0.262132
-0.261952
-0.261779
-0.261617
-0.261413
-0.261247
-0.261059
-0.260867
-0.260657
-0.260484
-0.260275
-0.260075
-0.259884
-0.259692
-0.2595
-0.259338
-0.259124
-0.258991
-0.258817
-0.258657
-0.258492
-0.258328
-0.258182
-0.257997
-0.25784
-0.257702
-0.257567
-0.257397
-0.257242
-0.257107
-0.256968
-0.256855
-0.256728
-0.25657
-0.256425
-0.2563
-0.256198
-0.256056
-0.255909
-0.255798
-0.255681
-0.255551
-0.255433
-0.255312
-0.25514
-0.255043
-0.254942
-0.254811
-0.25468
-0.25453
-0.254394
-0.254262
-0.25414
-0.254036
-0.253928
-0.253794
-0.253679
-0.253582
-0.253499
-0.253423
-0.253328
-0.253228
-0.253133
-0.253044
-0.252963
-0.252862
-0.252749
-0.252665
-0.252582
-0.252506
-0.252427
-0.252315
-0.252241
-0.252144
-0.252089
-0.252018
-0.25201
-0.251979
-0.251992
-0.251962
-0.251901
-0.251856
-0.25181
-0.251791
-0.251747
-0.251722
-0.251664
-0.251543
-0.25146
-0.25139
-0.251316
-0.251293
-0.251258
-0.251193
-0.25112
-0.251046
-0.251019
-0.25098
-0.250925
-0.25089
-0.250861
-0.250843
-0.250841
-0.250825
-0.250824
-0.250816
-0.250806
-0.250813
-0.250788
-0.250745
-0.250701
-0.250676
-0.250646
-0.250615
-0.250583
-0.250544
-0.250506
-0.250498
-0.250488
-0.250459
-0.250386
-0.250296
-0.250234
-0.250161
-0.250112
-0.250068
-0.24999
-0.249919
-0.249836
-0.249749
-0.249695
-0.249636
-0.249549
-0.24946
-0.249363
-0.249292
-0.249214
-0.249148
-0.249096
-0.249042
-0.248989
-0.24896
-0.248922
-0.248875
-0.248837
-0.248812
-0.248783
-0.248737
-0.248692
-0.248712
-0.248724
-0.248743
-0.248768
-0.24878
-0.248835
-0.248897
-0.24893
-0.248973
-0.248997
-0.24901
-0.249017
-0.248996
-0.248998
-0.248973
-0.248984
-0.248949
-0.248937
-0.248948
-0.248971
-0.249005
-0.249075
-0.249135
-0.249222
-0.2493
-0.249412
-0.249476
-0.249541
-0.249595
-0.249633
-0.249647
-0.24964
-0.249618
-0.249625
-0.249592
-0.249604
-0.249586
-0.249607
-0.249665
-0.249692
-0.249755
-0.2498
-0.249848
-0.249886
-0.24991
-0.24993
-0.249944
-0.249952
-0.249924
-0.249943
-0.249945
-0.249956
-0.249945
-0.249948
-0.249985
-0.250021
-0.250073
-0.250107
-0.250174
-0.250226
-0.250261
-0.250289
-0.250298
-0.250312
-0.250318
-0.250291
-0.25028
-0.250237
-0.250235
-0.25022
-0.250223
-0.25018
-0.25016
-0.25011
-0.250092
-0.250084
-0.250081
-0.250055
-0.250022
-0.250008
-0.249993
-0.249951
-0.249888
-0.249849
-0.249796
-0.249737
-0.249657
-0.24961
-0.249538
-0.249474
-0.249371
-0.249289
-0.249223
-0.24917
-0.249076
-0.249008
-0.248923
-0.248865
-0.248771
-0.248639
-0.248551
-0.248464
-0.248348
-0.248295
-0.248213
-0.248117
-0.248015
-0.247885
-0.247728
-0.24763
-0.247482
-0.247372
-0.247275
-0.247121
-0.246987
-0.246846
-0.246657
-0.246458
-0.246282
-0.246139
-0.245991
-0.245839
-0.245664
-0.245493
-0.245334
-0.245145
-0.244984
-0.244794
-0.244569
-0.24437
-0.244178
-0.243945
-0.243727
-0.243541
-0.243346
-0.243156
-0.242935
-0.242678
-0.24244
-0.242181
-0.241992
-0.241777
-0.241566
-0.241381
-0.241175
-0.240928
-0.24066
-0.240369
-0.240122
-0.239844
-0.239581
-0.23933
-0.239068
-0.238791
-0.238502
-0.2382
-0.237835
-0.237521
-0.237178
-0.236899
-0.236613
-0.23631
-0.236003
-0.235711
-0.235339
-0.234986
-0.23464
-0.234258
-0.233926
-0.233578
-0.233245
-0.232943
-0.23263
-0.232257
-0.231865
-0.231512
-0.231155
-0.230782
-0.230401
-0.230041
-0.229721
-0.229365
-0.2289
-0.2285
-0.228091
-0.227656
-0.227263
-0.226884
-0.226534
-0.226169
-0.225792
-0.225387
-0.224973
-0.224487
-0.224048
-0.223649
-0.223245
-0.222805
-0.222378
-0.221931
-0.221452
-0.220937
-0.220459
-0.219964
-0.219474
-0.219082
-0.218686
-0.218297
-0.217843
-0.217351
-0.216873
-0.216414
-0.215982
-0.215553
-0.215125
-0.214713
-0.21429
-0.21385
-0.213336
-0.212853
-0.212444
-0.211979
-0.211508
-0.211102
-0.210638
-0.210267
-0.209823
-0.209392
-0.208919
-0.208406
-0.207917
-0.207412
-0.206971
-0.206547
-0.20608
-0.20563
-0.205119
-0.204603
-0.204101
-0.20361
-0.203206
-0.20274
-0.202349
-0.201959
-0.201547
-0.201151
-0.200658
-0.200222
-0.199741
-0.199375
-0.199088
-0.198532
-0.19825
-0.197753
-0.197382
-0.196928
-0.196469
-0.19615
-0.195588
-0.1953
-0.194843
-0.194449
-0.194094
-0.1937
-0.193184
-0.19273
-0.192243
-0.191758
-0.191332
-0.19087
-0.190446
-0.190124
-0.189638
-0.18931
-0.188823
-0.188341
-0.188072
-0.18772
-0.187366
-0.186939
-0.186481
-0.186167
-0.185949
-0.185447
-0.185196
-0.184778
-0.184225
-0.183971
-0.183562
-0.183227
-0.182837
-0.182457
-0.182088
-0.181771
-0.181443
-0.181046
-0.180601
-0.180329
-0.179904
-0.179682
-0.179371
-0.179035
-0.178792
-0.178525
-0.178115
-0.177865
-0.177507
-0.177257
-0.17694
-0.176656
-0.176388
-0.176038
-0.175892
-0.175724
-0.17541
-0.175307
-0.175002
-0.174689
-0.17439
-0.174077
-0.173914
-0.173668
-0.173373
-0.173126
-0.172896
-0.172732
-0.172441
-0.172149
-0.172024
-0.1718
-0.171578
-0.171397
-0.1712
-0.171025
-0.170767
-0.170771
-0.170633
-0.170569
-0.170426
-0.170287
-0.170125
-0.169929
-0.169744
-0.169639
-0.169486
-0.169405
-0.169274
-0.169164
-0.169105
-0.169086
-0.169014
-0.168901
-0.168786
-0.168707
-0.168608
-0.168514
-0.168504
-0.168439
-0.168395
-0.168281
-0.168292
-0.168339
-0.16836
-0.168356
-0.168392
-0.16851
-0.168471
-0.168397
-0.168361
-0.168462
-0.168515
-0.168482
-0.168477
-0.168578
-0.16861
-0.168623
-0.168736
-0.168899
-0.169032
-0.169099
-0.169146
-0.169297
-0.169434
-0.169508
-0.169585
-0.169733
-0.169894
-0.16996
-0.170056
-0.170209
-0.170424
-0.170627
-0.170781
-0.170978
-0.171225
-0.17144
-0.17165
-0.17175
-0.17184
-0.172052
-0.172235
-0.172417
-0.172543
-0.172702
-0.172992
-0.173197
-0.17345
-0.173683
-0.174
-0.17438
-0.174739
-0.175038
-0.175397
-0.175695
-0.17597
-0.17625
-0.176477
-0.176731
-0.176968
-0.177205
-0.177435
-0.177791
-0.178079
-0.178388
-0.178707
-0.179062
-0.179459
-0.179981
-0.180436
-0.18087
-0.181209
-0.181627
-0.182067
-0.182462
-0.182863
-0.183177
-0.183485
-0.183775
-0.184136
-0.184545
-0.184951
-0.185357
-0.18574
-0.186173
-0.186633
-0.187103
-0.187541
-0.188052
-0.188562
-0.189077
-0.18954
-0.189987
-0.190485
-0.191054
-0.191539
-0.19194
-0.192362
-0.192885
-0.193403
-0.193814
-0.194211
-0.194701
-0.195249
-0.195763
-0.196244
-0.196721
-0.197232
-0.197777
-0.198299
-0.198841
-0.199368
-0.199919
-0.200501
-0.201005
-0.201547
-0.202077
-0.202638
-0.203192
-0.203781
-0.204349
-0.204944
-0.205533
-0.206187
-0.206901
-0.207515
-0.207968
-0.208406
-0.209032
-0.209746
-0.210362
-0.210852
-0.21127
-0.211794
-0.212469
-0.213152
-0.21372
-0.214209
-0.214709
-0.215263
-0.215889
-0.216513
-0.217082
-0.217652
-0.218239
-0.218846
-0.219435
-0.219994
-0.220578
-0.221133
-0.221713
-0.22232
-0.222946
-0.223564
-0.224191
-0.224853
-0.225516
-0.22612
-0.226665
-0.227218
-0.227801
-0.228397
-0.228937
-0.22948
-0.230015
-0.230564
-0.23118
-0.23179
-0.232397
-0.232955
-0.2335
-0.234087
-0.23469
-0.23529
-0.235878
-0.23649
-0.237102
-0.2377
-0.238268
-0.23885
-0.239413
-0.239972
-0.240535
-0.241088
-0.241609
-0.242146
-0.242675
-0.243185
-0.2437
-0.244207
-0.24472
-0.245251
-0.245758
-0.246278
-0.246782
-0.247275
-0.247782
-0.248269
-0.248734
-0.249215
-0.249667
-0.250115
-0.250583
-0.251035
-0.251477
-0.251944
-0.252403
-0.252861
-0.253323
-0.253757
-0.2542
-0.254646
-0.255104
-0.255558
-0.256029
-0.256462
-0.25688
-0.257289
-0.2577
-0.258143
-0.258578
-0.25899
-0.259399
-0.259789
-0.260186
-0.260608
-0.261035
-0.261427
-0.261796
-0.262131
-0.262493
-0.262884
-0.263284
-0.263643
-0.263973
-0.264311
-0.264671
-0.265013
-0.265319
-0.265607
-0.265942
-0.266291
-0.266611
-0.266907
-0.267181
-0.267459
-0.267736
-0.267975
-0.268171
-0.268382
-0.268687
-0.269056
-0.26939
-0.269585
-0.269693
-0.269837
-0.270125
-0.270491
-0.270829
-0.271014
-0.271092
-0.271203
-0.271467
-0.271828
-0.272126
-0.272285
-0.272361
-0.27249
-0.272723
-0.272942
-0.273095
-0.273195
-0.273309
-0.273476
-0.273653
-0.273798
-0.27389
-0.273993
-0.274129
-0.274276
-0.274381
-0.27446
-0.274559
-0.274675
-0.274779
-0.27482
-0.27485
-0.274922
-0.275042
-0.275128
-0.275116
-0.275072
-0.275132
-0.275279
-0.275407
-0.27543
-0.275408
-0.275431
-0.275542
-0.275596
-0.275622
-0.275603
-0.275614
-0.275644
-0.275666
-0.275665
-0.275649
-0.275627
-0.275609
-0.27562
-0.275601
-0.275573
-0.275558
-0.275547
-0.275515
-0.275497
-0.275461
-0.275437
-0.27538
-0.275302
-0.275241
-0.275222
-0.275194
-0.275126
-0.275063
-0.275013
-0.274985
-0.274948
-0.274904
-0.274865
-0.274798
-0.274752
-0.274679
-0.274599
-0.27454
-0.274491
-0.274435
-0.274375
-0.274305
-0.274261
-0.274192
-0.274121
-0.274044
-0.273948
-0.273879
-0.273818
-0.273746
-0.273658
-0.273564
-0.273495
-0.273458
-0.273407
-0.273345
-0.273258
-0.273189
-0.273131
-0.273074
-0.273007
-0.272931
-0.272878
-0.272795
-0.272729
-0.272651
-0.272575
-0.272512
-0.272451
-0.272396
-0.272334
-0.27228
-0.272213
-0.272133
-0.272061
-0.272016
-0.272004
-0.272006
-0.27198
-0.271961
-0.271904
-0.271849
-0.2718
-0.271765
-0.271734
-0.271687
-0.271641
-0.2716
-0.271577
-0.271553
-0.271516
-0.27149
-0.27144
-0.271424
-0.271398
-0.271386
-0.271392
-0.271392
-0.271396
-0.271388
-0.271387
-0.271384
-0.271398
-0.271403
-0.271415
-0.271423
-0.27143
-0.271428
-0.27142
-0.27141
-0.271407
-0.271412
-0.271408
-0.2714
-0.271399
-0.271402
-0.271397
-0.271394
-0.271384
-0.271385
-0.271381
-0.271372
-0.271356
-0.271346
-0.271339
-0.271328
-0.271319
-0.2713
-0.27129
-0.271301
-0.271302
-0.271311
-0.271323
-0.271332
-0.271353
-0.271381
-0.271426
-0.2715
-0.271569
-0.271653
-0.27172
-0.271813
-0.271927
-0.272019
-0.27215
-0.272277
-0.27241
-0.272578
-0.27271
-0.272869
-0.273007
-0.273136
-0.273271
-0.273413
-0.273528
-0.273654
-0.273818
-0.273957
-0.274103
-0.274274
-0.274449
-0.274634
-0.274821
-0.274994
-0.275178
-0.275361
-0.27553
-0.275704
-0.275877
-0.27607
-0.276252
-0.276463
-0.276651
-0.276857
-0.277051
-0.277249
-0.27745
-0.277639
-0.277856
-0.278059
-0.278267
-0.27847
-0.278692
-0.278923
-0.27914
-0.279376
-0.279618
-0.279851
-0.280099
-0.280356
-0.28059
-0.280829
-0.281083
-0.281365
-0.281572
-0.281835
-0.282093
-0.282361
-0.282627
-0.28286
-0.283124
-0.283391
-0.283621
-0.283865
-0.284117
-0.284372
-0.284644
-0.284903
-0.28515
-0.285441
-0.285722
-0.285991
-0.286245
-0.28652
-0.286781
-0.287074
-0.287349
-0.287644
-0.287933
-0.288194
-0.288473
-0.288762
-0.289057
-0.289352
-0.289631
-0.289925
-0.290208
-0.290483
-0.29075
-0.291005
-0.29126
-0.291547
-0.291803
-0.292088
-0.292368
-0.292639
-0.292934
-0.293227
-0.293522
-0.293836
-0.294118
-0.294434
-0.294732
-0.295014
-0.295289
-0.295561
-0.295854
-0.296134
-0.296409
-0.296705
-0.296973
-0.297245
-0.297528
-0.297795
-0.298121
-0.298415
-0.298689
-0.298954
-0.299236
-0.299515
-0.299781
-0.30002
-0.300279
-0.300551
-0.300806
-0.30106
-0.301307
-0.301557
-0.30182
-0.302075
-0.302345
-0.302636
-0.302897
-0.303168
-0.303444
-0.303713
-0.303999
-0.304256
-0.304519
-0.304777
-0.305023
-0.305269
-0.30551
-0.305732
-0.305973
-0.306198
-0.306413
-0.306646
-0.306886
-0.307109
-0.307354
-0.307594
-0.307801
-0.308028
-0.308263
-0.308465
-0.308689
-0.308913
-0.309134
-0.309348
-0.309574
-0.309764
-0.309996
-0.310215
-0.310433
-0.310653
-0.310873
-0.311085
-0.311288
-0.311494
-0.311699
-0.311888
-0.312098
-0.312294
-0.312479
-0.312686
-0.312876
-0.313068
-0.313242
-0.31343
-0.313618
-0.313784
-0.313953
-0.314128
-0.314291
-0.31445
-0.314613
-0.314774
-0.31494
-0.315085
-0.315257
-0.315418
-0.315558
-0.315705
-0.315854
-0.316004
-0.316159
-0.316305
-0.316448
-0.316612
-0.316767
-0.316903
-0.317042
-0.317163
-0.317289
-0.317411
-0.317538
-0.31766
-0.317786
-0.31792
-0.318037
-0.318163
-0.318271
-0.318372
-0.318469
-0.318585
-0.318686
-0.318785
-0.318891
-0.31899
-0.319101
-0.319204
-0.319285
-0.31938
-0.319461
-0.319534
-0.319587
-0.319661
-0.319732
-0.319806
-0.319884
-0.319957
-0.320045
-0.320134
-0.320214
-0.32028
-0.320345
-0.32042
-0.32048
-0.32054
-0.320585
-0.320633
-0.320688
-0.320725
-0.32077
-0.320818
-0.320852
-0.320888
-0.320927
-0.32097
-0.321014
-0.321069
-0.321116
-0.321171
-0.321225
-0.321274
-0.321309
-0.321339
-0.321354
-0.321379
-0.321395
-0.321413
-0.321434
-0.321449
-0.32146
-0.321476
-0.321486
-0.321489
-0.321494
-0.321506
-0.321528
-0.321544
-0.321555
-0.321557
-0.321562
-0.32158
-0.321581
-0.321586
-0.321593
-0.321593
-0.321596
-0.321593
-0.321599
-0.321605
-0.321607
-0.321614
-0.321612
-0.321613
-0.32162
-0.321623
-0.321624
-0.321625
-0.321625
-0.321629
-0.321624
-0.321632
-0.32163
-0.321625
-0.321629
-0.321625
-0.321626
-0.321631
-0.321626
-0.321629
-0.321626
-0.321632
-0.321626
-0.321627
-0.321626
-0.321655
-0.321825
-0.321964
-0.322039
-0.322067
-0.322074
-0.32207
-0.32207
-0.322071
-0.322084
-0.322104
-0.322119
-0.322131
-0.322142
-0.322155
-0.322166
