0.00320493
0.00320493
0.0032049
0.0032049
0.00320488
0.00320488
0.00320487
0.00320486
0.00320484
0.00320484
0.00320483
0.00320484
0.00320485
0.00320484
0.00320484
0.00320483
0.00320484
0.00320481
0.00320483
0.00320484
0.00320484
0.00320482
0.0032048
0.00320479
0.00320478
0.00320478
0.00320479
0.00320479
0.0032048
0.00320482
0.00320479
0.00320479
0.00320476
0.00320478
0.00320475
0.00320474
0.00320476
0.00320479
0.00320479
0.00320481
0.00320479
0.00320479
0.00320478
0.00320478
0.00320478
0.00320474
0.00320473
0.00320468
0.00320465
0.00320459
0.00320455
0.00320453
0.00320449
0.00320444
0.00320433
0.00320424
0.00320404
0.00320373
0.00320339
0.00320312
0.00320286
0.00320258
0.00320233
0.00320213
0.00320186
0.00320161
0.00320135
0.00320104
0.00320071
0.00320043
0.0032001
0.00319983
0.00319953
0.00319911
0.00319872
0.00319831
0.00319793
0.00319756
0.00319719
0.0031969
0.00319654
0.00319622
0.00319587
0.0031956
0.00319537
0.00319515
0.00319499
0.00319477
0.0031946
0.00319444
0.00319435
0.00319425
0.00319409
0.00319401
0.00319386
0.00319372
0.00319358
0.00319351
0.00319327
0.00319311
0.00319288
0.00319268
0.0031925
0.00319221
0.00319192
0.00319162
0.0031913
0.003191
0.00319056
0.00319022
0.00318989
0.00318952
0.00318912
0.00318877
0.00318849
0.00318818
0.00318785
0.00318757
0.00318733
0.00318707
0.00318678
0.00318653
0.00318626
0.00318604
0.00318573
0.00318542
0.00318513
0.00318478
0.00318437
0.00318396
0.00318358
0.00318321
0.00318278
0.00318236
0.00318194
0.00318152
0.00318107
0.00318063
0.0031802
0.0031798
0.00317931
0.00317886
0.00317851
0.00317802
0.00317762
0.00317714
0.00317671
0.00317628
0.00317588
0.0031754
0.00317496
0.00317451
0.00317408
0.00317363
0.00317316
0.00317275
0.0031723
0.00317183
0.00317134
0.00317082
0.00317035
0.0031698
0.00316926
0.00316876
0.00316821
0.00316767
0.00316713
0.00316657
0.00316595
0.0031654
0.00316485
0.00316422
0.00316365
0.00316306
0.0031625
0.00316192
0.00316138
0.0031608
0.00316023
0.00315967
0.00315903
0.00315841
0.00315781
0.00315715
0.0031565
0.00315587
0.00315522
0.00315463
0.00315401
0.00315333
0.00315272
0.00315208
0.00315142
0.00315078
0.00315014
0.00314945
0.00314881
0.00314819
0.00314751
0.00314684
0.0031462
0.00314556
0.00314489
0.00314425
0.00314359
0.00314285
0.00314217
0.00314149
0.00314077
0.00314004
0.00313928
0.0031385
0.00313775
0.00313689
0.00313607
0.00313528
0.00313448
0.00313373
0.00313302
0.0031323
0.00313165
0.00313101
0.00313042
0.00312981
0.00312921
0.00312857
0.00312789
0.00312722
0.00312652
0.00312575
0.00312503
0.00312427
0.00312347
0.00312268
0.0031219
0.00312109
0.00312028
0.00311947
0.00311866
0.00311786
0.00311701
0.00311616
0.00311533
0.00311455
0.00311371
0.00311292
0.00311214
0.00311136
0.00311061
0.0031099
0.00310914
0.00310839
0.00310762
0.00310687
0.00310614
0.00310548
0.00310478
0.00310407
0.00310334
0.00310265
0.0031019
0.00310115
0.00310043
0.00309965
0.00309886
0.00309803
0.00309722
0.0030964
0.00309561
0.00309481
0.00309396
0.0030932
0.00309246
0.00309166
0.00309089
0.00309016
0.00308943
0.00308867
0.00308792
0.00308723
0.00308647
0.00308568
0.00308494
0.00308415
0.00308347
0.00308272
0.003082
0.0030813
0.00308053
0.00307985
0.00307916
0.00307847
0.00307774
0.00307702
0.00307634
0.00307559
0.00307488
0.00307412
0.00307336
0.00307259
0.00307186
0.00307103
0.00307023
0.00306944
0.00306869
0.00306796
0.00306719
0.00306651
0.00306578
0.00306508
0.00306441
0.00306378
0.0030631
0.00306245
0.00306182
0.00306115
0.0030605
0.00305984
0.00305916
0.00305845
0.00305776
0.00305708
0.00305638
0.00305561
0.00305489
0.00305418
0.00305358
0.00305302
0.00305264
0.00305222
0.00305198
0.00305139
0.00305084
0.00305028
0.00304975
0.00304922
0.00304867
0.00304787
0.00304713
0.00304666
0.00304633
0.00304582
0.00304545
0.00304513
0.00304481
0.00304441
0.00304401
0.00304359
0.00304311
0.00304257
0.00304197
0.00304128
0.00304044
0.00303946
0.00303839
0.00303725
0.00303608
0.00303494
0.00303388
0.00303303
0.00303228
0.00303161
0.00303101
0.00303056
0.00303018
0.00302987
0.00302958
0.00302922
0.00302887
0.00302848
0.00302802
0.00302757
0.0030271
0.00302654
0.00302583
0.00302508
0.00302429
0.00302358
0.00302292
0.0030223
0.00302176
0.00302124
0.00302076
0.00302028
0.00301985
0.00301941
0.003019
0.00301859
0.00301815
0.00301777
0.0030173
0.00301679
0.00301632
0.00301582
0.0030153
0.00301472
0.00301416
0.00301359
0.00301307
0.00301254
0.00301203
0.00301157
0.00301119
0.00301075
0.00301034
0.00300992
0.00300951
0.00300914
0.00300873
0.0030083
0.00300791
0.00300754
0.00300713
0.00300669
0.00300627
0.00300582
0.00300541
0.00300492
0.00300445
0.00300404
0.00300365
0.00300326
0.00300286
0.0030025
0.00300213
0.00300176
0.00300135
0.003001
0.00300063
0.0030003
0.00299999
0.00299969
0.00299935
0.00299902
0.00299864
0.00299825
0.00299791
0.00299755
0.00299727
0.00299696
0.00299665
0.0029963
0.00299593
0.00299565
0.0029954
0.00299513
0.00299482
0.00299448
0.00299421
0.00299392
0.00299361
0.00299333
0.00299307
0.00299279
0.0029925
0.00299221
0.00299195
0.00299174
0.00299149
0.00299121
0.00299097
0.00299076
0.00299051
0.00299025
0.00299
0.00298979
0.0029896
0.00298936
0.00298911
0.0029889
0.00298868
0.00298846
0.00298825
0.00298806
0.00298786
0.00298763
0.00298739
0.00298713
0.00298697
0.00298683
0.00298676
0.0029866
0.00298632
0.00298611
0.00298602
0.00298594
0.00298586
0.00298565
0.00298541
0.00298519
0.00298508
0.00298501
0.00298492
0.00298478
0.00298458
0.00298436
0.00298424
0.00298416
0.00298413
0.00298399
0.00298386
0.00298368
0.00298357
0.00298349
0.00298349
0.00298343
0.00298331
0.00298318
0.002983
0.00298299
0.00298294
0.00298286
0.00298274
0.0029826
0.00298249
0.00298253
0.00298258
0.00298247
0.00298237
0.00298229
0.00298218
0.00298215
0.00298215
0.0029821
0.00298204
0.00298198
0.00298187
0.00298177
0.00298169
0.00298165
0.00298161
0.0029816
0.00298152
0.00298151
0.00298147
0.00298147
0.00298144
0.00298136
0.00298125
0.00298119
0.00298122
0.00298123
0.00298131
0.00298129
0.00298126
0.00298123
0.00298128
0.00298135
0.00298136
0.00298133
0.00298133
0.00298137
0.00298135
0.00298139
0.00298138
0.00298136
0.00298134
0.00298134
0.0029813
0.00298129
0.00298127
0.00298126
0.00298126
0.00298127
0.00298123
0.00298127
0.00298124
0.00298126
0.00298128
0.0029813
0.0029813
0.00298122
0.00298122
0.00298132
0.00298141
0.00298142
0.00298141
0.00298143
0.00298148
0.00298158
0.00298162
0.00298158
0.00298156
0.0029816
0.00298169
0.0029817
0.00298168
0.00298171
0.00298176
0.00298179
0.00298182
0.00298183
0.00298179
0.00298184
0.00298187
0.00298188
0.00298188
0.00298187
0.00298184
0.00298181
0.00298181
0.00298186
0.00298188
0.00298185
0.00298185
0.00298184
0.00298183
0.00298181
0.00298179
0.00298183
0.00298189
0.00298197
0.00298199
0.00298193
0.00298186
0.00298182
0.00298181
0.00298184
0.00298187
0.00298188
0.00298191
0.00298188
0.00298186
0.00298182
0.00298185
0.00298189
0.00298197
0.00298199
0.00298199
0.00298202
0.00298202
0.00298202
0.00298198
0.00298197
0.00298194
0.00298184
0.00298179
0.00298174
0.00298167
0.00298165
0.00298162
0.00298155
0.00298148
0.0029814
0.00298138
0.00298134
0.00298128
0.00298125
0.00298122
0.0029812
0.00298119
0.00298117
0.00298114
0.00298111
0.0029811
0.0029811
0.00298103
0.00298088
0.00298074
0.00298064
0.00298056
0.00298048
0.00298037
0.00298026
0.00298016
0.00298012
0.00298007
0.00297998
0.00297976
0.00297948
0.00297924
0.00297904
0.00297892
0.0029788
0.00297862
0.00297838
0.0029781
0.00297782
0.00297764
0.00297744
0.00297718
0.00297691
0.00297666
0.00297643
0.00297619
0.00297597
0.00297575
0.00297553
0.00297533
0.00297513
0.00297489
0.00297464
0.00297442
0.0029742
0.00297396
0.0029737
0.00297346
0.00297328
0.0029731
0.00297293
0.00297279
0.00297259
0.00297237
0.00297217
0.00297198
0.0029718
0.00297155
0.00297128
0.00297103
0.00297076
0.00297051
0.00297023
0.00296999
0.00296968
0.00296941
0.00296914
0.00296889
0.00296865
0.00296846
0.00296825
0.00296807
0.00296788
0.00296773
0.00296752
0.00296732
0.00296707
0.00296679
0.0029665
0.00296616
0.00296583
0.00296553
0.0029652
0.00296492
0.00296461
0.00296433
0.00296409
0.00296383
0.00296361
0.00296337
0.00296312
0.00296285
0.00296256
0.00296226
0.00296194
0.0029616
0.00296124
0.00296095
0.00296065
0.00296034
0.00296002
0.00295972
0.00295945
0.00295919
0.00295893
0.00295865
0.00295841
0.00295814
0.00295784
0.0029575
0.00295718
0.00295688
0.00295658
0.00295624
0.00295591
0.00295556
0.00295527
0.00295497
0.00295466
0.00295429
0.00295394
0.00295357
0.00295322
0.00295289
0.00295258
0.00295225
0.00295192
0.00295161
0.00295132
0.002951
0.00295065
0.00295033
0.00294997
0.0029496
0.00294921
0.00294887
0.00294852
0.00294817
0.00294781
0.00294747
0.00294714
0.00294682
0.00294647
0.00294612
0.00294575
0.00294542
0.00294506
0.00294467
0.00294433
0.002944
0.00294366
0.00294337
0.00294305
0.00294273
0.00294238
0.00294201
0.00294162
0.00294129
0.00294093
0.0029406
0.00294029
0.00293995
0.00293962
0.00293929
0.00293891
0.00293851
0.00293814
0.0029378
0.00293748
0.00293715
0.0029368
0.00293648
0.00293617
0.00293584
0.00293552
0.00293518
0.00293481
0.00293446
0.00293414
0.00293378
0.00293345
0.00293314
0.00293284
0.00293254
0.00293221
0.00293186
0.00293151
0.00293117
0.00293089
0.0029306
0.00293031
0.00293005
0.00292977
0.00292946
0.00292914
0.0029288
0.0029285
0.00292819
0.00292789
0.00292761
0.00292733
0.00292704
0.00292674
0.00292644
0.00292609
0.00292578
0.00292546
0.0029252
0.00292493
0.00292465
0.00292438
0.00292413
0.00292382
0.00292352
0.00292323
0.00292293
0.00292267
0.0029224
0.00292214
0.00292192
0.00292168
0.00292141
0.00292114
0.00292089
0.00292065
0.0029204
0.00292015
0.00291992
0.00291971
0.00291949
0.00291921
0.00291897
0.00291873
0.00291848
0.00291826
0.00291805
0.00291787
0.00291768
0.00291748
0.00291728
0.00291707
0.00291683
0.00291662
0.00291644
0.00291625
0.00291606
0.00291587
0.00291567
0.00291547
0.00291524
0.00291505
0.00291485
0.00291466
0.00291452
0.00291438
0.00291425
0.00291409
0.00291392
0.00291376
0.00291363
0.0029135
0.00291338
0.00291326
0.00291315
0.00291303
0.00291292
0.00291278
0.00291267
0.00291259
0.00291248
0.00291238
0.0029123
0.0029122
0.00291215
0.00291207
0.00291201
0.00291193
0.00291184
0.00291176
0.00291167
0.00291161
0.00291156
0.0029115
0.00291145
0.00291137
0.00291131
0.00291126
0.00291121
0.0029112
0.00291117
0.00291117
0.00291117
0.00291115
0.00291117
0.00291115
0.00291117
0.00291117
0.00291122
0.00291128
0.00291125
0.00291131
0.00291131
0.00291136
0.00291138
0.00291141
0.00291149
0.00291149
0.00291157
0.00291161
0.00291168
0.00291175
0.00291181
0.00291184
0.00291189
0.00291194
0.00291199
0.00291207
0.00291213
0.0029122
0.0029123
0.00291234
0.00291245
0.00291252
0.00291261
0.00291276
0.00291288
0.00291301
0.00291311
0.00291322
0.00291335
0.00291351
0.00291361
0.00291377
0.0029139
0.002914
0.00291417
0.0029143
0.00291445
0.00291459
0.00291473
0.00291487
0.00291502
0.00291519
0.00291535
0.00291551
0.00291569
0.00291586
0.00291604
0.00291623
0.00291641
0.00291662
0.0029168
0.00291699
0.00291721
0.00291741
0.00291763
0.00291784
0.00291806
0.00291828
0.00291847
0.0029187
0.00291894
0.00291916
0.00291941
0.00291966
0.00291992
0.00292015
0.0029204
0.00292064
0.00292089
0.00292112
0.00292136
0.00292158
0.00292183
0.00292207
0.00292232
0.00292258
0.00292285
0.00292312
0.00292341
0.00292369
0.00292398
0.00292426
0.00292456
0.00292483
0.00292514
0.00292543
0.00292574
0.00292606
0.00292636
0.00292666
0.00292698
0.00292728
0.00292759
0.00292787
0.00292819
0.00292849
0.00292881
0.00292913
0.00292947
0.0029298
0.00293014
0.00293049
0.00293083
0.00293117
0.00293148
0.00293183
0.00293216
0.0029325
0.00293284
0.00293318
0.00293355
0.00293392
0.0029343
0.00293467
0.00293506
0.00293543
0.00293581
0.00293619
0.00293655
0.00293691
0.00293728
0.00293764
0.00293802
0.0029384
0.00293877
0.00293916
0.00293958
0.00293999
0.00294042
0.00294082
0.00294124
0.00294166
0.00294206
0.00294246
0.00294286
0.00294327
0.00294368
0.0029441
0.0029445
0.00294493
0.00294537
0.00294582
0.00294625
0.00294669
0.00294713
0.00294757
0.00294801
0.00294842
0.00294885
0.00294928
0.0029497
0.00295013
0.00295055
0.00295102
0.0029515
0.00295196
0.00295243
0.00295292
0.00295342
0.00295394
0.00295442
0.00295491
0.0029554
0.00295589
0.00295634
0.00295681
0.00295726
0.00295772
0.0029582
0.00295867
0.00295915
0.00295967
0.00296018
0.00296068
0.00296123
0.00296176
0.0029623
0.00296284
0.00296338
0.00296392
0.00296443
0.00296496
0.00296548
0.002966
0.00296653
0.00296705
0.00296757
0.00296809
0.00296865
0.00296918
0.00296974
0.00297031
0.00297088
0.00297144
0.00297203
0.00297263
0.00297321
0.00297379
0.00297437
0.00297496
0.00297554
0.0029761
0.00297668
0.00297727
0.00297786
0.00297845
0.00297906
0.00297966
0.00298028
0.0029809
0.00298151
0.00298212
0.00298274
0.00298337
0.00298401
0.00298462
0.00298528
0.00298593
0.00298656
0.00298722
0.00298786
0.00298855
0.0029892
0.00298988
0.00299056
0.00299124
0.00299191
0.00299261
0.0029933
0.00299398
0.00299469
0.00299541
0.00299613
0.00299683
0.00299757
0.00299829
0.00299897
0.00299969
0.00300039
0.0030011
0.00300181
0.00300252
0.00300324
0.00300398
0.00300475
0.00300551
0.00300627
0.00300703
0.00300779
0.00300856
0.00300932
0.00301007
0.00301081
0.00301154
0.00301232
0.0030131
0.00301391
0.0030147
0.00301551
0.00301635
0.00301717
0.00301801
0.00301887
0.00301971
0.00302052
0.00302134
0.00302216
0.00302298
0.00302378
0.00302461
0.00302543
0.00302626
0.00302712
0.00302798
0.00302885
0.00302971
0.00303058
0.00303144
0.00303232
0.00303321
0.0030341
0.003035
0.0030359
0.00303681
0.0030377
0.00303863
0.00303955
0.00304045
0.00304138
0.00304231
0.00304322
0.00304415
0.00304506
0.00304597
0.00304688
0.00304781
0.00304875
0.00304969
0.00305062
0.00305157
0.00305252
0.00305346
0.00305444
0.00305539
0.00305631
0.00305728
0.00305821
0.00305915
0.00306013
0.00306109
0.00306204
0.00306301
0.003064
0.00306499
0.00306601
0.00306698
0.00306797
0.00306899
0.00307
0.00307101
0.00307205
0.00307306
0.00307407
0.00307507
0.00307606
0.00307708
0.00307812
0.00307915
0.00308018
0.00308122
0.00308225
0.00308331
0.00308437
0.0030854
0.00308644
0.00308746
0.00308851
0.00308957
0.00309063
0.00309166
0.00309268
0.00309372
0.00309478
0.00309582
0.00309685
0.00309788
0.00309895
0.00310001
0.00310105
0.00310212
0.00310317
0.00310421
0.00310523
0.00310628
0.00310729
0.00310828
0.00310933
0.00311045
0.00311152
0.00311247
0.00311343
0.00311444
0.00311557
0.00311673
0.00311792
0.00311896
0.0031199
0.00312084
0.00312192
0.00312321
0.00312442
0.00312543
0.00312637
0.00312734
0.00312847
0.0031296
0.00313061
0.0031316
0.00313259
0.00313363
0.00313469
0.00313573
0.00313669
0.00313771
0.00313872
0.00313977
0.00314081
0.00314179
0.00314279
0.00314387
0.00314488
0.00314583
0.00314682
0.00314782
0.00314888
0.00314985
0.00315073
0.00315163
0.00315261
0.00315367
0.00315482
0.00315579
0.0031567
0.00315762
0.0031587
0.0031597
0.00316066
0.00316158
0.00316251
0.00316354
0.00316453
0.0031655
0.00316645
0.00316737
0.00316832
0.00316927
0.0031702
0.00317111
0.00317202
0.00317291
0.00317382
0.0031747
0.00317556
0.00317638
0.00317721
0.00317802
0.00317886
0.0031798
0.00318075
0.00318162
0.00318246
0.00318331
0.00318421
0.00318512
0.00318597
0.00318681
0.00318765
0.00318846
0.00318928
0.00319007
0.00319088
0.00319168
0.00319247
0.00319327
0.00319401
0.00319478
0.00319554
0.00319629
0.00319704
0.00319776
0.00319849
0.00319922
0.00319992
0.0032006
0.00320128
0.00320199
0.00320278
0.00320357
0.0032043
0.00320497
0.00320563
0.00320631
0.00320699
0.00320769
0.00320834
0.00320897
0.00320965
0.00321031
0.00321097
0.00321157
0.00321222
0.00321285
0.00321349
0.00321411
0.00321466
0.00321522
0.00321571
0.00321622
0.00321682
0.00321744
0.00321805
0.00321863
0.00321918
0.00321972
0.00322028
0.00322083
0.00322139
0.00322194
0.00322247
0.00322298
0.00322349
0.00322403
0.00322451
0.00322501
0.00322547
0.00322596
0.00322643
0.00322689
0.00322733
0.00322776
0.00322816
0.00322852
0.00322892
0.00322941
0.00322992
0.0032304
0.00323079
0.00323118
0.00323158
0.00323201
0.0032324
0.00323283
0.00323326
0.00323367
0.00323408
0.00323448
0.0032349
0.0032353
0.00323569
0.00323608
0.00323647
0.00323688
0.00323719
0.00323752
0.00323793
0.00323839
0.00323884
0.00323922
0.0032396
0.00324001
0.00324047
0.00324088
0.00324124
0.0032416
0.00324195
0.00324231
0.00324265
0.00324299
0.0032433
0.0032436
0.00324386
0.00324412
0.00324435
0.0032446
0.00324479
0.00324497
0.00324521
0.00324535
0.00324547
0.0032456
0.00324575
0.00324598
0.00324612
0.00324628
0.00324646
0.00324664
0.00324677
0.00324693
0.00324709
0.00324722
0.00324736
0.00324746
0.00324754
0.00324765
0.0032477
0.00324776
0.00324784
0.00324793
0.003248
0.00324804
0.00324804
0.00324808
0.0032482
0.00324833
0.00324837
0.00324841
0.00324844
0.00324853
0.00324858
0.00324859
0.00324864
0.00324866
0.00324869
0.00324868
0.0032487
0.0032487
0.00324869
0.00324868
0.00324863
0.00324859
0.00324856
0.0032485
0.00324843
0.00324835
0.0032483
0.00324823
0.00324811
0.00324805
0.00324793
0.00324791
0.00324787
0.00324778
0.00324772
0.00324763
0.00324758
0.00324752
0.00324741
0.00324733
0.00324725
0.00324716
0.00324704
0.00324693
0.0032468
0.00324667
0.00324655
0.00324642
0.00324627
0.00324617
0.003246
0.00324584
0.00324567
0.00324548
0.00324527
0.00324508
0.00324495
0.00324482
0.00324463
0.00324445
0.00324429
0.00324416
0.00324398
0.0032438
0.00324365
0.00324352
0.00324334
0.00324319
0.00324298
0.00324281
0.00324263
0.00324238
0.00324216
0.00324194
0.00324168
0.00324149
0.00324122
0.00324096
0.00324074
0.00324055
0.00324033
0.00324005
0.00323979
0.00323957
0.00323936
0.00323916
0.00323887
0.00323857
0.00323839
0.00323817
0.00323793
0.00323765
0.0032374
0.00323719
0.00323698
0.00323673
0.00323652
0.0032363
0.00323607
0.00323584
0.0032356
0.00323538
0.00323517
0.00323492
0.00323467
0.00323441
0.00323412
0.00323386
0.00323356
0.00323326
0.00323299
0.00323269
0.0032324
0.0032321
0.00323182
0.00323158
0.00323132
0.00323108
0.00323085
0.00323055
0.00323022
0.00322994
0.0032297
0.00322952
0.00322935
0.00322907
0.00322875
0.00322854
0.00322835
0.00322811
0.00322788
0.00322759
0.00322734
0.00322711
0.00322687
0.00322658
0.00322636
0.00322607
0.00322581
0.00322554
0.00322527
0.00322501
0.00322474
0.00322446
0.00322419
0.00322395
0.00322372
0.00322343
0.00322318
0.00322296
0.00322266
0.00322239
0.00322215
0.00322195
0.00322171
0.00322145
0.00322124
0.00322101
0.00322077
0.00322054
0.00322035
0.00322016
0.00321996
0.0032197
0.00321953
0.00321929
0.00321906
0.00321883
0.0032186
0.00321837
0.00321813
0.00321787
0.00321766
0.00321752
0.00321734
0.00321714
0.00321695
0.0032167
0.0032165
0.00321626
0.00321604
0.00321584
0.00321569
0.00321555
0.0032154
0.0032153
0.00321514
0.00321497
0.0032148
0.00321466
0.00321448
0.00321433
0.00321417
0.003214
0.00321386
0.00321371
0.00321357
0.00321342
0.00321328
0.00321318
0.00321308
0.003213
0.00321289
0.00321278
0.00321267
0.00321256
0.00321246
0.00321233
0.00321217
0.00321203
0.00321192
0.00321182
0.00321168
0.00321159
0.00321151
0.00321145
0.00321138
0.0032113
0.00321125
0.00321118
0.0032111
0.00321103
0.00321097
0.00321092
0.00321084
0.00321076
0.00321065
0.00321058
0.00321047
0.00321039
0.0032103
0.00321025
0.00321019
0.00321019
0.00321015
0.00321016
0.00321014
0.00321009
0.00321006
0.00321005
0.00321003
0.00321003
0.00321004
0.00321004
0.00321002
0.00320999
0.00320996
0.00320994
0.00320995
0.00320995
0.00320991
0.00320991
0.00320991
0.00320991
0.00320992
0.00320993
0.00320995
0.00320995
0.00320993
0.00320994
0.00320993
0.00320994
0.00320993
0.00320993
0.00320992
0.00320992
0.00320992
0.00320992
0.00320992
0.00320992
0.00320991
0.00320992
0.00320993
0.00320992
0.00320993
0.00320993
0.00320992
0.00320993
0.00320992
0.00320993
0.00320992
0.00320993
0.00320994
0.00320993
0.00320986
0.00320947
0.00320915
0.00320897
0.0032089
0.00320889
0.0032089
0.00320891
0.00320889
0.00320887
0.00320881
0.00320878
0.00320876
0.00320872
0.0032087
0.00320867
