1.08054
1.08057
1.08063
1.08061
1.08058
1.08065
1.08061
1.08066
1.08054
1.08063
1.08063
1.08062
1.0806
1.0806
1.0806
1.08058
1.08059
1.08063
1.0806
1.08059
1.08063
1.08062
1.08063
1.08057
1.0806
1.08061
1.08066
1.08059
1.08062
1.08063
1.08059
1.08062
1.08055
1.0806
1.08063
1.08058
1.08066
1.08064
1.08057
1.08059
1.08061
1.0806
1.08064
1.08065
1.08065
1.08062
1.08061
1.08063
1.08059
1.08065
1.08064
1.08059
1.08059
1.08062
1.08059
1.0806
1.08062
1.08062
1.08055
1.0806
1.08061
1.08061
1.08057
1.08056
1.08061
1.0806
1.08061
1.08059
1.08058
1.08065
1.08065
1.08061
1.08059
1.08065
1.08068
1.08058
1.08059
1.08056
1.08059
1.0806
1.08058
1.08059
1.08059
1.08064
1.08068
1.08063
1.08066
1.0806
1.08065
1.08058
1.08062
1.08064
1.08064
1.08061
1.08057
1.08058
1.08065
1.08058
1.08057
1.0806
1.08062
1.08059
1.08061
1.08055
1.08058
1.08059
1.08061
1.08059
1.0806
1.0806
1.08058
1.0806
1.08061
1.08056
1.08059
1.08061
1.08063
1.0806
1.08059
1.08063
1.08066
1.08064
1.08068
1.08059
1.08061
1.08061
1.0806
1.08059
1.08061
1.08061
1.08061
1.08066
1.08061
1.08062
1.0806
1.08055
1.08061
1.08061
1.08063
1.08056
1.08057
1.08063
1.08058
1.08064
1.08062
1.0806
1.0806
1.0806
1.08057
1.08062
1.08061
1.08057
1.08062
1.08058
1.08058
1.08066
1.08057
1.08059
1.08063
1.08065
1.08062
1.08058
1.08062
1.08062
1.0806
1.0806
1.08061
1.08057
1.08067
1.08057
1.0806
1.08067
1.08062
1.08059
1.08062
1.08062
1.08063
1.08063
1.08063
1.08059
1.0806
1.08059
1.08064
1.08062
1.08058
1.08062
1.0806
1.08062
1.08064
1.0806
1.08052
1.08061
1.08064
1.08058
1.08057
1.08066
1.08058
1.08063
1.08057
1.08058
1.08059
1.08058
1.08061
1.08058
1.08064
1.08062
1.08059
1.0806
1.08059
1.08065
1.08059
1.08059
1.08058
1.08063
1.08059
1.08057
1.08057
1.0806
1.08056
1.08058
1.08057
1.08059
1.0806
1.0806
1.0806
1.08057
1.08058
1.08056
1.08057
1.08054
1.08052
1.08053
1.08054
1.08051
1.08056
1.08053
1.08052
1.08053
1.08058
1.08059
1.08057
1.08054
1.08054
1.0806
1.08054
1.08051
1.08049
1.08046
1.08049
1.08042
1.08032
1.08022
1.07996
1.07973
1.07957
1.07959
1.0796
1.07959
1.07963
1.07963
1.07968
1.07961
1.07964
1.07968
1.07964
1.07964
1.07968
1.07963
1.07966
1.07969
1.0797
1.07967
1.07959
1.07968
1.07968
1.07968
1.07972
1.07972
1.07968
1.07966
1.07973
1.0797
1.07971
1.07971
1.07975
1.07976
1.07976
1.07968
1.07975
1.07963
1.07973
1.07981
1.07988
1.07989
1.07992
1.07981
1.07943
1.07831
1.07671
1.0745
1.07013
1.06829
1.0667
1.06531
1.06358
1.06159
1.05962
1.05752
1.0556
1.05341
1.05112
1.04891
1.04697
1.04428
1.04192
1.03904
1.0355
1.03188
1.02793
1.02378
1.01955
1.01512
1.01107
1.0074
1.00344
0.999853
0.995437
0.991009
0.986415
0.982034
0.977829
0.974306
0.971023
0.967879
0.964441
0.960915
0.957266
0.953113
0.944279
0.939659
0.935691
0.930951
0.926284
0.921484
0.916585
0.911556
0.906575
0.901531
0.896363
0.89116
0.885903
0.880806
0.875916
0.870876
0.866038
0.861637
0.857778
0.854362
0.85145
0.848971
0.846499
0.843741
0.840659
0.837503
0.834431
0.83118
0.827545
0.823578
0.819506
0.815494
0.811748
0.808307
0.804856
0.801791
0.79871
0.793291
0.79065
0.788063
0.785311
0.782522
0.77947
0.77619
0.772996
0.769575
0.766375
0.763063
0.759912
0.756621
0.75354
0.750311
0.747403
0.744312
0.741353
0.738071
0.734876
0.731489
0.728272
0.724864
0.721288
0.717617
0.713832
0.710235
0.706516
0.702709
0.698817
0.694864
0.691248
0.687761
0.684235
0.677011
0.677011
0.670395
0.667041
0.663732
0.660217
0.65684
0.653249
0.649697
0.645976
0.642091
0.638258
0.634343
0.63062
0.626879
0.623023
0.61944
0.615907
0.612445
0.609007
0.605267
0.601755
0.598154
0.5948
0.591318
0.58758
0.583877
0.579976
0.576274
0.572549
0.568592
0.564713
0.560853
0.556917
0.553009
0.548922
0.544926
0.540958
0.532815
0.528738
0.524811
0.520817
0.516853
0.512877
0.508833
0.504871
0.500929
0.496967
0.493029
0.489046
0.485083
0.481125
0.476948
0.47284
0.468897
0.464785
0.46066
0.456436
0.452341
0.448162
0.444251
0.440248
0.436311
0.432668
0.428873
0.425152
0.421551
0.417786
0.41413
0.410373
0.40644
0.4025
0.398502
0.394617
0.390672
0.38663
0.382486
0.37455
0.370419
0.36633
0.36223
0.358263
0.354282
0.350141
0.34609
0.342226
0.338326
0.33434
0.330263
0.326297
0.322174
0.31802
0.313785
0.309486
0.305179
0.300807
0.296258
0.291494
0.286812
0.282201
0.277415
0.272766
0.268185
0.263503
0.25896
0.254444
0.249982
0.245468
0.241036
0.236447
0.231941
0.227343
0.222677
0.213236
0.208539
0.20369
0.198777
0.193947
0.18909
0.184344
0.179641
0.175134
0.170578
0.166086
0.161598
0.157101
0.152675
0.148167
0.143671
0.139261
0.134799
0.130174
0.12566
0.12105
0.116394
0.111482
0.106581
0.101761
0.0969477
0.0921088
0.0873087
0.0827318
0.0779155
0.0732302
0.0685408
0.0636963
0.0588672
0.0539603
0.0492548
0.0442259
0.0392102
0.0341896
0.0243351
0.0192622
0.0143161
0.00936844
0.00455181
-0.000146855
-0.00479445
-0.00931836
-0.0141038
-0.0186769
-0.0231961
-0.0279065
-0.0326281
-0.037378
-0.0420281
-0.0467808
-0.0516133
-0.056375
-0.061021
-0.065741
-0.0704871
-0.0751662
-0.0792152
-0.0838773
-0.0889594
-0.0929746
-0.0980989
-0.102892
-0.107777
-0.112471
-0.1169
-0.122397
-0.127542
-0.132436
-0.142723
-0.147886
-0.152989
-0.158159
-0.163286
-0.168365
-0.172749
-0.178377
-0.183284
-0.18824
-0.193267
-0.198165
-0.202572
-0.207491
-0.212834
-0.217894
-0.222706
-0.227665
-0.231882
-0.237046
-0.241771
-0.246007
-0.251028
-0.255387
-0.259863
-0.264409
-0.268866
-0.273213
-0.277036
-0.281339
-0.285482
-0.289707
-0.293674
-0.297689
-0.301805
-0.305784
-0.310093
-0.314324
-0.318496
-0.322623
-0.330861
-0.335053
-0.338926
-0.343697
-0.347614
-0.352403
-0.356615
-0.360883
-0.365196
-0.369777
-0.374789
-0.379224
-0.383433
-0.388115
-0.392813
-0.397506
-0.402126
-0.406801
-0.411415
-0.415813
-0.419799
-0.423617
-0.427299
-0.430966
-0.43463
-0.438456
-0.442097
-0.44568
-0.44929
-0.452964
-0.456747
-0.460457
-0.463894
-0.467152
-0.470892
-0.474083
-0.476898
-0.479202
-0.48245
-0.483511
-0.484424
-0.485247
-0.486193
-0.487564
-0.48912
-0.490856
-0.492793
-0.494835
-0.497292
-0.500103
-0.50342
-0.506825
-0.510179
-0.513297
-0.516251
-0.519095
-0.521773
-0.524459
-0.527533
-0.529842
-0.53214
-0.534363
-0.536613
-0.538607
-0.540676
-0.542794
-0.544845
-0.547029
-0.549088
-0.550794
-0.552439
-0.55404
-0.555492
-0.556797
-0.558714
-0.560909
-0.565595
-0.568549
-0.571281
-0.574705
-0.578376
-0.581776
-0.5855
-0.589284
-0.593243
-0.597046
-0.600335
-0.603334
-0.606042
-0.608399
-0.611
-0.613533
-0.616128
-0.618717
-0.621545
-0.624695
-0.627897
-0.631528
-0.634604
-0.637938
-0.641504
-0.644961
-0.648559
-0.651794
-0.655031
-0.657961
-0.661038
-0.663821
-0.666594
-0.669211
-0.67184
-0.674435
-0.677474
-0.680541
-0.683796
-0.690031
-0.693537
-0.696472
-0.699739
-0.703204
-0.706637
-0.710146
-0.713595
-0.717035
-0.720264
-0.72353
-0.726518
-0.729723
-0.732867
-0.736243
-0.739408
-0.742731
-0.745746
-0.748851
-0.751979
-0.755092
-0.758146
-0.761227
-0.764301
-0.76739
-0.770594
-0.773769
-0.777112
-0.780338
-0.783718
-0.787092
-0.790705
-0.794345
-0.797911
-0.802033
-0.805676
-0.809534
-0.815869
-0.818575
-0.821263
-0.823916
-0.826942
-0.829729
-0.832437
-0.834678
-0.83728
-0.839932
-0.842673
-0.845459
-0.848059
-0.850654
-0.853132
-0.855789
-0.858382
-0.860815
-0.863268
-0.865373
-0.86744
-0.869427
-0.871062
-0.872967
-0.874424
-0.875914
-0.877038
-0.877761
-0.878266
-0.878769
-0.879417
-0.880041
-0.880446
-0.880896
-0.88143
-0.881714
-0.88205
-0.882356
-0.882736
-0.883693
-0.884003
-0.884318
-0.884522
-0.88472
-0.884836
-0.884891
-0.884911
-0.884951
-0.884953
-0.884976
-0.884989
-0.884977
-0.88496
-0.885009
-0.885031
-0.885021
-0.885114
-0.885113
-0.88515
-0.885116
-0.885072
-0.885087
-0.885048
-0.885102
-0.885097
-0.88508
-0.885187
-0.885283
-0.885354
-0.88552
-0.885524
-0.885585
-0.885539
-0.885613
-0.885594
-0.885491
-0.885559
-0.885512
-0.885532
-0.885491
-0.88545
-0.885397
-0.885387
-0.885273
-0.885233
-0.885192
-0.885151
-0.885121
-0.885042
-0.884925
-0.88479
-0.884658
-0.884551
-0.884433
-0.884236
-0.884072
-0.883895
-0.883751
-0.883623
-0.883597
-0.883561
-0.883556
-0.883487
-0.883546
-0.883518
-0.883433
-0.883474
-0.88339
-0.883318
-0.883349
-0.883352
-0.883249
-0.883338
-0.883218
-0.883241
-0.883242
-0.883267
-0.883243
-0.883279
-0.883226
-0.88329
-0.883262
-0.883224
-0.883189
-0.883162
-0.88318
-0.883183
-0.883178
-0.88318
-0.883183
-0.883129
-0.883146
-0.883259
-0.883119
-0.883172
-0.883186
-0.883097
-0.883123
-0.883071
-0.883166
-0.88305
-0.883104
-0.88313
-0.883083
-0.883069
-0.883121
-0.883101
-0.883048
-0.883104
-0.883087
-0.883102
-0.8831
-0.883099
-0.883074
-0.88301
-0.883039
-0.883078
-0.883082
-0.883059
-0.883089
-0.883083
-0.883053
-0.883037
-0.88312
-0.883064
-0.883124
-0.883059
-0.883039
-0.883073
-0.88308
-0.883022
-0.883052
-0.883083
-0.883136
-0.883092
-0.883046
-0.88308
-0.883011
-0.883091
-0.882982
-0.883066
-0.883033
-0.883023
-0.883038
-0.883047
-0.883104
-0.883049
-0.883047
-0.883018
-0.883033
-0.882986
-0.883042
-0.882999
-0.88305
-0.883059
-0.88305
-0.883039
-0.883008
-0.883015
-0.883037
-0.882974
-0.883033
-0.882962
-0.883005
-0.88304
-0.882958
-0.883026
-0.883006
-0.883043
-0.882972
-0.883051
-0.883011
-0.883006
-0.883014
-0.882986
-0.882987
-0.882988
-0.883005
-0.882945
-0.882992
