0.188129
0.187226
0.185788
0.185909
0.187297
0.185899
0.184687
0.182573
0.187778
0.184997
0.185509
0.184068
0.18534
0.185448
0.185461
0.188941
0.18469
0.186108
0.186882
0.187752
0.184828
0.186896
0.187388
0.188065
0.187021
0.185721
0.183893
0.188752
0.184704
0.185333
0.187169
0.187216
0.188024
0.186667
0.186323
0.187206
0.183899
0.184465
0.187984
0.18569
0.185256
0.187256
0.186717
0.184805
0.185599
0.186414
0.187745
0.184408
0.186074
0.185206
0.185041
0.18564
0.186061
0.186903
0.188614
0.186323
0.187357
0.185758
0.189719
0.185455
0.185576
0.185286
0.187367
0.189854
0.184872
0.184027
0.18562
0.18759
0.185542
0.184781
0.186755
0.186684
0.186711
0.182967
0.182291
0.189214
0.184132
0.189072
0.185303
0.185175
0.185007
0.18562
0.187378
0.184963
0.186697
0.185158
0.18497
0.186633
0.183681
0.186364
0.186185
0.185428
0.184495
0.18568
0.186751
0.18531
0.183963
0.186206
0.186765
0.186829
0.185677
0.185882
0.184892
0.187014
0.186812
0.185906
0.183876
0.186886
0.186529
0.185966
0.18693
0.187822
0.186364
0.186071
0.186839
0.184916
0.18529
0.186182
0.18636
0.186495
0.185088
0.184899
0.184482
0.18791
0.185828
0.186994
0.188557
0.186111
0.186805
0.18668
0.187613
0.185179
0.184916
0.184172
0.185919
0.186829
0.186973
0.185478
0.184734
0.187455
0.187229
0.184529
0.186182
0.185253
0.187162
0.186323
0.187064
0.185051
0.186222
0.187213
0.18567
0.187347
0.187499
0.188082
0.185909
0.185424
0.188082
0.189325
0.186515
0.185347
0.186418
0.187563
0.186179
0.185711
0.188402
0.184627
0.187677
0.189861
0.185812
0.185721
0.187071
0.184488
0.185091
0.186546
0.186808
0.184293
0.185556
0.186256
0.186664
0.188018
0.186027
0.186596
0.184657
0.186081
0.18697
0.18427
0.186081
0.185734
0.18564
0.184074
0.189143
0.185418
0.185966
0.185758
0.186179
0.184869
0.185051
0.184337
0.187317
0.18822
0.186435
0.186064
0.185347
0.185162
0.184929
0.186771
0.187031
0.186643
0.188294
0.186047
0.186714
0.186276
0.186946
0.18501
0.186842
0.187091
0.187839
0.185232
0.189059
0.186994
0.18793
0.18761
0.184903
0.184239
0.186088
0.187064
0.185977
0.186532
0.187327
0.186222
0.188102
0.188392
0.187115
0.189153
0.188432
0.189942
0.187438
0.188793
0.186374
0.186118
0.187078
0.189925
0.191044
0.186051
0.187644
0.188846
0.189723
0.189783
0.18887
0.189571
0.192059
0.194932
0.204173
0.210907
0.2152
0.213224
0.214159
0.213868
0.212228
0.211344
0.210132
0.21317
0.211974
0.211087
0.213407
0.212658
0.211002
0.212381
0.213034
0.211598
0.21045
0.209563
0.212655
0.209536
0.2115
0.209712
0.211876
0.211964
0.211232
0.210663
0.209573
0.210833
0.212174
0.211347
0.209939
0.209197
0.208473
0.21068
0.208598
0.213312
0.209153
0.205144
0.207617
0.206209
0.203037
0.206487
0.217319
0.246907
0.28826
0.341634
0.414752
0.431697
0.434489
0.435977
0.44323
0.45286
0.465241
0.480072
0.48483
0.49919
0.51744
0.537524
0.54263
0.571906
0.591411
0.621556
0.665997
0.71861
0.770976
0.832663
0.896992
0.959695
1.00603
1.01995
1.04875
1.06363
1.11054
1.15414
1.19057
1.21012
1.22653
1.20256
1.16931
1.13556
1.11686
1.11927
1.12061
1.14747
1.21123
1.26158
1.26191
1.29917
1.33422
1.36599
1.3951
1.4332
1.45025
1.47228
1.50871
1.53194
1.56137
1.57982
1.57772
1.57333
1.57163
1.54772
1.49586
1.42358
1.35184
1.29009
1.22607
1.19218
1.17921
1.17742
1.17586
1.18282
1.20435
1.23251
1.26838
1.29377
1.31046
1.28663
1.27464
1.23721
1.20748
1.12655
1.09277
1.0668
1.05648
1.05113
1.06188
1.07288
1.08385
1.09804
1.1055
1.1234
1.13209
1.13302
1.12744
1.1296
1.11949
1.12135
1.11269
1.1105
1.10497
1.1084
1.11364
1.11743
1.13402
1.14463
1.15402
1.16246
1.17246
1.19131
1.19577
1.20971
1.21841
1.22285
1.23601
1.25499
1.25499
1.24005
1.23584
1.22822
1.22735
1.21747
1.23157
1.23303
1.24813
1.25401
1.25956
1.27416
1.2689
1.27446
1.27756
1.26843
1.26949
1.26563
1.26537
1.27422
1.27776
1.28918
1.2995
1.31081
1.32672
1.32625
1.34344
1.35208
1.36001
1.36411
1.35458
1.36161
1.37108
1.35729
1.35619
1.35247
1.34425
1.34886
1.335
1.33903
1.35012
1.34053
1.34481
1.34289
1.34801
1.35367
1.3492
1.3465
1.34684
1.34551
1.33788
1.33422
1.33187
1.32612
1.33893
1.33725
1.33927
1.35284
1.36082
1.3497
1.35088
1.34463
1.33489
1.3383
1.33064
1.31133
1.31359
1.30902
1.31057
1.31264
1.31516
1.32682
1.32831
1.33302
1.33599
1.3384
1.34855
1.34981
1.35079
1.35884
1.36308
1.35911
1.36124
1.3546
1.36779
1.36397
1.36063
1.36879
1.3608
1.36858
1.37755
1.379
1.38601
1.40279
1.4042
1.40233
1.41042
1.42233
1.41857
1.41411
1.40904
1.4161
1.42527
1.42356
1.42519
1.44292
1.45781
1.45995
1.46645
1.48094
1.48324
1.48715
1.51772
1.51747
1.51323
1.51905
1.52461
1.52963
1.52192
1.5312
1.53501
1.54808
1.53839
1.54659
1.55949
1.55199
1.55272
1.54922
1.55525
1.5435
1.53968
1.53527
1.54078
1.53089
1.53805
1.54085
1.541
1.54474
1.54967
1.56758
1.5698
1.57781
1.56733
1.56065
1.57244
1.56825
1.55756
1.54343
1.54635
1.54717
1.54928
1.55756
1.56718
1.58278
1.59661
1.5909
1.5877
1.59489
1.59446
1.58782
1.57081
1.55786
1.56205
1.56214
1.55991
1.56535
1.56657
1.57696
1.58012
1.58521
1.59118
1.58887
1.59962
1.60306
1.60351
1.60554
1.59578
1.60359
1.60937
1.61088
1.6034
1.60973
1.618
1.63574
1.62789
1.62257
1.62795
1.61957
1.62544
1.62263
1.63405
1.63417
1.64285
1.63275
1.63681
1.64816
1.63453
1.63768
1.63185
1.61848
1.61546
1.63479
1.6159
1.5993
1.59685
1.58893
1.59891
1.6001
1.58874
1.60197
1.60659
1.60603
1.586
1.57543
1.56002
1.52587
1.50576
1.49531
1.46524
1.44927
1.433
1.42154
1.42159
1.41875
1.41951
1.42808
1.43947
1.4422
1.46011
1.46794
1.46718
1.46878
1.45853
1.45132
1.459
1.45183
1.44417
1.44687
1.44353
1.43755
1.46324
1.47181
1.48613
1.49522
1.50981
1.4961
1.47168
1.43375
1.41991
1.40351
1.3922
1.36123
1.33886
1.31993
1.31859
1.30819
1.29758
1.28158
1.26124
1.25085
1.23371
1.19406
1.15154
1.03391
0.972012
0.910438
0.857356
0.811214
0.79672
0.780861
0.780881
0.779598
0.784078
0.795527
0.823784
0.8578
0.899474
0.941777
0.963674
0.967879
0.959738
0.947477
0.936465
0.942199
0.928211
0.906999
0.891468
0.87285
0.84917
0.829893
0.831926
0.824438
0.811296
0.80953
0.786084
0.762803
0.740522
0.713331
0.696387
0.695674
0.709842
0.750558
0.773699
0.797871
0.83495
0.876877
0.9203
0.956718
0.987954
1.01998
1.04191
1.03744
1.03047
1.00348
0.974742
0.951647
0.937249
0.927168
0.924939
0.927297
0.940613
0.949033
0.966708
0.988156
1.01122
1.02805
1.04705
1.05335
1.05709
1.0616
1.06312
1.05931
1.04354
1.0326
1.02052
1.00787
0.999451
0.994991
1.0046
1.01714
1.03505
1.04847
1.05377
1.05979
1.06264
1.06929
1.08174
1.0858
1.09165
1.07824
1.07226
1.0617
1.063
1.05368
1.06186
1.06176
1.07064
1.06646
1.07079
1.06612
1.06288
1.04991
1.05302
1.05045
1.04108
1.04205
1.03533
1.02875
1.02601
1.03727
1.03168
1.04267
1.03919
1.04059
1.05836
1.05887
1.07247
1.06076
1.03372
1.01777
1.00184
1.00401
0.993332
0.990137
0.968581
0.964596
0.964121
0.961422
0.962459
0.959225
0.966258
0.95507
0.960799
0.947091
0.934164
0.916353
0.895449
0.88073
0.862034
0.835109
0.805807
0.780308
0.76129
0.723732
0.687153
0.650554
0.615941
0.592826
0.566035
0.53949
0.515691
0.497493
0.47107
0.448181
0.42873
0.41717
0.404543
0.397136
0.388405
0.375941
0.367261
0.353126
0.342607
0.327988
0.321431
0.313165
0.305544
0.299619
0.291294
0.283394
0.275843
0.269128
0.257219
0.254156
0.245865
0.244653
0.242534
0.236121
0.237163
0.233392
0.233193
0.234167
0.23234
0.233154
0.235523
0.237161
0.241556
0.243362
0.244373
0.242128
0.244747
0.243368
0.241198
0.243047
0.242353
0.242159
0.240358
0.241159
0.239876
0.238504
0.23531
0.23476
0.234106
0.231484
0.233552
0.229462
0.224833
0.222078
0.217358
0.216477
0.212164
0.203642
0.20094
0.196378
0.194148
0.191571
0.188848
0.188376
0.184532
0.186066
0.185153
0.186712
0.185071
0.18584
0.180572
0.180849
0.18206
0.183704
0.179274
0.182148
0.177453
0.179022
0.17827
0.176751
0.180114
0.179349
0.179001
0.183056
0.178442
0.175506
0.177316
0.174668
0.179555
0.176556
0.174733
0.176475
0.176245
0.176376
0.177016
0.180168
0.172935
0.176038
0.176331
0.174698
0.174607
0.173564
0.174083
0.173625
0.174119
0.174651
0.175839
0.174409
0.174738
0.171182
0.171994
0.174179
0.174172
0.17639
0.173205
0.173208
0.172998
0.173195
0.172211
0.17177
0.174344
0.171578
0.174543
0.172389
0.172745
0.172172
0.17415
0.173821
0.173949
0.175015
0.173141
0.174486
0.174004
0.172686
0.17089
0.174043
0.174612
0.173704
0.172235
0.170606
0.172035
0.172913
0.17093
0.174159
0.172372
0.17207
0.173813
0.173615
0.172817
0.171999
0.173289
0.173893
0.170548
0.169695
0.174851
0.170568
0.173443
0.173121
0.173781
0.171951
0.173045
0.172512
0.173898
0.172112
0.170771
0.170761
0.171805
0.172737
0.170482
0.173314
0.169229
0.173032
0.171051
0.171919
0.170929
0.17371
0.172938
0.170924
0.171682
0.170917
0.170415
0.169883
0.17227
