-0.0107386
-0.0102054
-0.00513165
-0.00321479
-0.0139736
-0.00297807
0.00246352
0.0251008
-0.0157824
-0.00573519
0.00216952
-0.00736038
-0.00642172
-0.00620659
0.00326144
-0.0129553
-0.000777988
0.00932984
-0.00402793
-0.00883967
0.000534982
0.00630804
0.0067164
-0.0114894
-0.0061536
0.00158415
0.0114941
-0.00895351
-0.00249204
0.0189322
-0.0104743
0.00893001
-0.0186223
-0.0144007
-0.00147782
-0.0140219
0.006912
0.014736
-0.00400494
0.0167945
-2.1942e-06
-0.00424054
0.00466005
0.0293857
0.0140454
0.00421127
-0.015695
0.0263094
-0.000256989
0.011113
0.00399314
0.00187455
-0.0129251
0.00328573
-0.00127316
0.0040421
0.00680585
-0.0031953
-0.025989
-0.00138139
0.00472851
0.0115242
-0.00874557
-0.0294593
-0.00328995
-0.000945611
0.0183228
-0.0146519
-0.0106316
0.0234571
0.00238328
0.00407309
0.00347579
0.00159776
0.0230348
-0.0139596
-0.00821283
-0.0107733
0.00168707
0.00382927
0.000788209
0.000306504
-0.00734725
0.0127877
0.0105589
0.0157388
0.0191253
0.0102879
0.00893373
0.00547187
0.00862841
0.00446768
0.0140404
-0.00673905
-0.0100539
-0.0117262
0.0130428
-0.0102909
-0.0121485
0.00584324
-0.0124339
-0.00439471
-0.0101643
-0.0103465
-0.00672945
-0.0186913
0.015428
-0.00379901
0.00151935
0.000890756
0.00171156
-0.00165881
0.00701784
-0.014652
-0.00448124
0.017836
0.01008
-0.00920327
-0.00273544
0.00366524
0.0159277
0.00806616
0.0261673
-0.00430743
-0.00108854
0.00246893
5.86733e-05
-0.00858
0.00608294
-0.0124024
-0.0149144
0.0118898
-0.01124
0.0110766
0.00768086
-0.0208011
-0.00888618
-0.00625602
-0.00420062
-0.00396327
-0.00421151
0.00430904
-0.01029
0.00253519
0.0158334
-0.00246462
0.000676688
-0.00613256
-0.0253934
-0.000103289
-0.00474719
-0.0073204
0.00702475
0.00121272
-0.00390436
-0.00466896
-0.0056901
-0.00615355
0.0105788
0.00182688
0.0128091
-0.0090058
-0.0125549
0.00228309
-0.0149097
-0.00538957
0.00519825
-0.0193081
0.0313881
0.00013811
-0.00050574
0.0247162
-0.00587538
-0.00683821
-0.00194217
-0.00358056
0.0198863
0.0240492
0.0234896
-0.00417149
-0.0125777
0.00964854
-0.00309955
0.0194572
-0.0102547
-0.00198862
-0.0143544
-0.00265994
0.00736989
-0.00464861
-0.0393165
0.0112147
0.0110188
-0.00168019
-0.0137092
0.0182144
-0.0013094
0.00209888
-0.00771307
-0.00185131
0.00021722
-0.0113373
0.00401844
0.00369031
0.00969886
0.00733366
-0.00250494
-0.00547581
0.00467161
0.0150437
-0.00806422
0.000438452
0.000157024
0.0125591
0.0113384
-0.0191357
-0.0125798
0.00838129
-0.00595296
-0.0104086
0.002308
0.0107756
0.00465225
0.00485388
0.00390841
-0.0170526
-0.0143614
-0.0232099
-0.00482459
0.00220074
0.000754686
-0.00237381
0.0228586
-0.0148606
-0.00820665
-0.013245
-0.0191827
-0.00708939
0.000729434
0.00575261
0.0194956
-0.00792476
-0.0037522
0.0223059
0.00212594
0.020801
-0.00476375
-0.00611652
0.00137154
0.000905948
0.00149042
0.00368315
-0.0463185
-0.0372358
-0.0135132
0.0259746
-0.00776909
0.0136475
0.0158395
0.00711852
0.00887579
-0.0285505
-0.0341888
-0.00866143
0.000370052
0.00381095
0.0121168
-0.000482498
-0.00902032
-0.00340009
0.0124194
-0.0054471
-0.0186278
0.00373887
0.00364273
0.00231883
0.0118719
0.0103736
-0.00894882
-0.00318985
0.0185932
0.0135686
0.00410865
0.00498239
0.0150585
-0.000343713
0.0181518
-0.00513371
0.0090744
-0.0133248
-0.00268977
0.0120635
0.00442714
-0.00247146
-0.00278927
-0.0239392
-0.092069
-0.114773
-0.200701
-0.236795
-0.232666
-0.174557
-0.137357
-0.14448
-0.176791
-0.192797
-0.205972
-0.219717
-0.188741
-0.233074
-0.238423
-0.211216
-0.120659
-0.282955
-0.267276
-0.287281
-0.38161
-0.378778
-0.393443
-0.444831
-0.436574
-0.41002
-0.424779
-0.336782
-0.416953
-0.368824
-0.432407
-0.483139
-0.461203
-0.438198
-0.387351
-0.365369
-0.313153
-0.319134
-0.345092
-0.349942
-0.369427
-0.416544
-0.471441
-0.458906
-0.41249
-0.430262
-0.491211
-0.454452
-0.505849
-0.54358
-0.491711
-0.481729
-0.504373
-0.519297
-0.533406
-0.542252
-0.492687
-0.467736
-0.464046
-0.442107
-0.396154
-0.29554
-0.281023
-0.263358
-0.247747
-0.292615
-0.30536
-0.334221
-0.290124
-0.345192
-0.369877
-0.405947
-0.411135
-0.370941
-0.367295
-0.303152
-0.329556
-0.288806
-0.284778
-0.276695
-0.258055
-0.247292
-0.251713
-0.282866
-0.31095
-0.357215
-0.307543
-0.355633
-0.290965
-0.33783
-0.314639
-0.324865
-0.307823
-0.316738
-0.281355
-0.306261
-0.299588
-0.323204
-0.332534
-0.330908
-0.340723
-0.333183
-0.366531
-0.37442
-0.401137
-0.368165
-0.35693
-0.388228
-0.370759
-0.397608
-0.364111
-0.321057
-0.356396
-0.371366
-0.371366
-0.321422
-0.369063
-0.317263
-0.33954
-0.344929
-0.34457
-0.384608
-0.367621
-0.40432
-0.382849
-0.375442
-0.378961
-0.36082
-0.397405
-0.375807
-0.335381
-0.35554
-0.330231
-0.372306
-0.375181
-0.360536
-0.364589
-0.331813
-0.390696
-0.388199
-0.394724
-0.377478
-0.368301
-0.381745
-0.40241
-0.358996
-0.394366
-0.406393
-0.384199
-0.401767
-0.408566
-0.435098
-0.414539
-0.354265
-0.391875
-0.401426
-0.370758
-0.406194
-0.416263
-0.398154
-0.418513
-0.389396
-0.383264
-0.425924
-0.407863
-0.406591
-0.403565
-0.387153
-0.403462
-0.432766
-0.425634
-0.387973
-0.439569
-0.420584
-0.383548
-0.389514
-0.368163
-0.363954
-0.404632
-0.35101
-0.363065
-0.378152
-0.370641
-0.390219
-0.390004
-0.373058
-0.402234
-0.390069
-0.372329
-0.425238
-0.393357
-0.423136
-0.40338
-0.401122
-0.417049
-0.402417
-0.383946
-0.409214
-0.399073
-0.379989
-0.403629
-0.406595
-0.390998
-0.407929
-0.421261
-0.419696
-0.421575
-0.436779
-0.43783
-0.439819
-0.457175
-0.452237
-0.463437
-0.468161
-0.470736
-0.441991
-0.467138
-0.457975
-0.453597
-0.424067
-0.462107
-0.449507
-0.453736
-0.442898
-0.477647
-0.469401
-0.469069
-0.486508
-0.493108
-0.479069
-0.497142
-0.509471
-0.488116
-0.458417
-0.426126
-0.484193
-0.457924
-0.403144
-0.440261
-0.459681
-0.462999
-0.462922
-0.442134
-0.44974
-0.468698
-0.443865
-0.4671
-0.483193
-0.496024
-0.499606
-0.480435
-0.490318
-0.458679
-0.460588
-0.469703
-0.4989
-0.503106
-0.42267
-0.473662
-0.498083
-0.518308
-0.469363
-0.489642
-0.50754
-0.507029
-0.515293
-0.477828
-0.467977
-0.504589
-0.486364
-0.452125
-0.458845
-0.4452
-0.463052
-0.452149
-0.45686
-0.469399
-0.486685
-0.469375
-0.470782
-0.487404
-0.492617
-0.483234
-0.464968
-0.471542
-0.479868
-0.483851
-0.44275
-0.459995
-0.468646
-0.442118
-0.455535
-0.480361
-0.515271
-0.482779
-0.493101
-0.497317
-0.510268
-0.505763
-0.534908
-0.523518
-0.523583
-0.522897
-0.514936
-0.516807
-0.484561
-0.537801
-0.470662
-0.485168
-0.515368
-0.498994
-0.485223
-0.483926
-0.449842
-0.487182
-0.48646
-0.520861
-0.461139
-0.458112
-0.475634
-0.474425
-0.487846
-0.410688
-0.434201
-0.459137
-0.459231
-0.424176
-0.413935
-0.442012
-0.394686
-0.411043
-0.431508
-0.384575
-0.416105
-0.413786
-0.394657
-0.416991
-0.442905
-0.435547
-0.434424
-0.445359
-0.39605
-0.427851
-0.469565
-0.44655
-0.46772
-0.446877
-0.415026
-0.446394
-0.443149
-0.469817
-0.48378
-0.452607
-0.452886
-0.480996
-0.481942
-0.465571
-0.4436
-0.405165
-0.372162
-0.386292
-0.377098
-0.354054
-0.367244
-0.367407
-0.358363
-0.352964
-0.349226
-0.370374
-0.35645
-0.386855
-0.340288
-0.317247
-0.361771
-0.315814
-0.288996
-0.211209
-0.150844
-0.118357
-0.0987624
-0.0939699
-0.0883987
-0.143029
-0.167805
-0.182025
-0.19636
-0.224263
-0.269099
-0.304769
-0.344804
-0.341873
-0.327227
-0.301388
-0.293466
-0.272544
-0.276291
-0.265377
-0.287801
-0.232747
-0.234292
-0.208613
-0.231925
-0.21087
-0.206996
-0.204464
-0.196658
-0.201219
-0.205653
-0.165932
-0.147662
-0.154521
-0.128498
-0.12194
-0.164225
-0.217926
-0.27315
-0.276581
-0.333325
-0.36004
-0.365263
-0.334875
-0.355279
-0.402222
-0.390773
-0.364887
-0.317726
-0.283723
-0.242053
-0.230355
-0.262284
-0.243208
-0.275536
-0.260354
-0.292105
-0.317988
-0.335401
-0.311372
-0.344007
-0.318474
-0.360362
-0.345431
-0.34583
-0.330265
-0.296192
-0.314824
-0.320188
-0.315088
-0.287363
-0.259619
-0.240587
-0.266519
-0.279511
-0.311431
-0.349842
-0.350593
-0.315104
-0.312003
-0.319553
-0.336854
-0.350595
-0.362746
-0.346702
-0.356074
-0.320774
-0.333418
-0.298549
-0.333509
-0.315861
-0.344348
-0.32276
-0.327433
-0.33335
-0.296778
-0.335269
-0.30925
-0.308836
-0.274606
-0.321689
-0.296795
-0.328038
-0.307168
-0.335167
-0.333854
-0.359714
-0.35877
-0.359876
-0.390645
-0.357906
-0.391944
-0.365254
-0.375999
-0.22768
-0.267726
-0.291768
-0.277152
-0.304218
-0.264197
-0.272246
-0.224605
-0.265872
-0.273343
-0.269328
-0.278414
-0.263837
-0.256484
-0.233286
-0.279468
-0.257142
-0.243202
-0.241134
-0.202513
-0.197231
-0.186884
-0.162648
-0.164649
-0.184759
-0.143202
-0.119346
-0.070278
-0.035186
-0.0586306
-0.0654406
-0.073906
-0.034161
-0.0450372
-0.081337
-0.0332367
-0.0105755
-0.0247083
-0.0453466
-0.0524956
-0.0460454
-0.037853
-0.00873516
-0.00264241
-0.00332465
-0.00441567
0.00102341
0.0168601
0.00414411
0.00946816
-0.00290927
-0.0100642
0.00554691
0.00121273
-0.0268826
-0.00275581
-0.0130608
-0.0115587
-0.0177162
-0.0133184
0.00427212
-0.00229712
0.0188826
0.00620843
0.0145809
0.0245704
0.0070632
-0.0278931
-0.00153199
-0.0309019
-0.00313951
0.00151723
0.0205611
-0.0227779
-0.0118772
0.0271292
0.0125198
0.0145624
-0.00449434
0.025692
0.00570761
0.00964968
-0.00454176
0.0161075
0.0192245
-0.00158731
-0.00488413
-0.0210062
0.00722596
0.00923644
0.00336062
0.0116902
0.00533547
-0.00781102
0.0252498
0.015495
0.0239551
0.0182036
-0.00213709
-0.00715265
0.00542222
-0.0179033
0.0278094
-0.00353153
-0.00976287
0.016662
0.00583584
0.0178809
0.0208015
0.00196884
-0.00550035
0.0184122
-0.0092445
0.0181371
0.000996226
0.00288446
0.00145632
0.00894959
-0.00872057
0.0153936
-0.0222354
-0.00844005
0.0020752
0.0189085
0.0138298
-0.0170254
0.00574305
-0.00230917
-0.0096886
-0.0108692
0.023541
-0.00598698
-0.0327105
0.0125934
-0.00316182
-0.0100967
0.0206316
0.00621566
0.0178934
-0.0116921
0.0175324
0.008025
-0.00182853
0.0150458
0.00115331
0.00631538
0.00271317
0.023904
0.00803187
0.00141252
-0.00529833
-0.000843019
-0.017206
-0.00859472
0.0197612
0.0278364
0.00358301
0.00439681
0.00536952
-0.00862196
-0.00459839
0.00707522
0.00681697
-0.0162481
-0.00535102
-0.0288249
0.00830022
0.00218364
0.0070483
-0.00922213
0.0134791
0.00394741
-0.0119837
-0.031566
-0.0252461
-0.00755771
-0.00863828
0.0237976
-0.0102308
0.0208257
-0.00666892
0.0126707
-0.00209886
0.00668711
-0.00500055
-0.0179759
-0.0226766
-0.000846854
-0.00367511
0.00968718
0.0233268
-0.00685409
0.0114587
-0.0156795
-0.00746048
-0.0100505
-0.00326382
0.00244602
-0.0175292
0.00945455
0.0253205
0.00262511
0.0109671
0.00622948
-0.00863861
0.00929521
0.00523379
0.00088669
-0.00287132
0.0024207
-0.00811101
-0.013735
-0.00154474
0.00479598
0.00895251
-0.00256872
0.00220225
-0.00785524
0.0181339
-0.000593901
