1.11767
1.11764
1.1176
1.11767
1.11765
1.11767
1.11767
1.11763
1.11765
1.1177
1.11768
1.11764
1.11767
1.11762
1.11767
1.11764
1.11764
1.11762
1.11768
1.11769
1.11767
1.11762
1.11766
1.11767
1.11769
1.11763
1.11761
1.11765
1.11766
1.11764
1.1176
1.11765
1.11769
1.11763
1.11766
1.11765
1.11769
1.11767
1.11768
1.11772
1.11763
1.11763
1.11774
1.11765
1.11768
1.11763
1.11759
1.11765
1.11767
1.11764
1.11764
1.11762
1.11764
1.11765
1.11765
1.11763
1.11766
1.11768
1.11768
1.11765
1.11761
1.11769
1.11766
1.11764
1.11761
1.11764
1.1177
1.11764
1.11766
1.11767
1.11767
1.11762
1.11764
1.11762
1.11765
1.11763
1.11762
1.11761
1.11761
1.11764
1.11767
1.11766
1.11766
1.11769
1.11768
1.1176
1.11762
1.11765
1.11763
1.11764
1.11762
1.11769
1.11764
1.11763
1.11762
1.11763
1.11769
1.11764
1.11767
1.11765
1.11763
1.11763
1.11766
1.11758
1.11765
1.11768
1.11768
1.11765
1.1176
1.11765
1.11765
1.1176
1.11766
1.11765
1.11765
1.11763
1.11764
1.1176
1.11766
1.11759
1.11767
1.11764
1.1176
1.1176
1.11763
1.11767
1.11766
1.11763
1.11759
1.11763
1.11768
1.11764
1.11762
1.11765
1.11769
1.11765
1.11763
1.1176
1.11761
1.11761
1.11763
1.11762
1.11764
1.1176
1.11762
1.11763
1.11761
1.11761
1.11757
1.1176
1.11758
1.11761
1.1176
1.1176
1.1176
1.11756
1.11761
1.11755
1.11757
1.11748
1.11755
1.11751
1.11753
1.11751
1.1175
1.11743
1.11745
1.11744
1.11745
1.11744
1.11748
1.11742
1.11746
1.11745
1.11747
1.11748
1.11748
1.1174
1.11744
1.11742
1.11742
1.11745
1.11744
1.11746
1.11738
1.11744
1.11743
1.11746
1.11747
1.1174
1.11744
1.11738
1.11739
1.11739
1.11743
1.11737
1.11737
1.11739
1.11743
1.11737
1.1174
1.11739
1.11736
1.1174
1.11737
1.11743
1.11742
1.1174
1.11738
1.11738
1.11736
1.11734
1.11732
1.11733
1.11739
1.11736
1.11738
1.11734
1.11732
1.11734
1.11734
1.11739
1.11731
1.11737
1.11733
1.11737
1.11737
1.11727
1.11713
1.11705
1.11702
1.11703
1.11706
1.11713
1.11713
1.11718
1.11722
1.11721
1.11721
1.11716
1.11718
1.11714
1.11709
1.1171
1.11704
1.11709
1.11706
1.11705
1.117
1.11687
1.11662
1.11629
1.11588
1.11552
1.11511
1.1149
1.11469
1.11458
1.11451
1.11447
1.11448
1.11451
1.11425
1.11392
1.11366
1.11333
1.11309
1.1126
1.11222
1.11197
1.11181
1.11163
1.11153
1.11142
1.11134
1.1113
1.11127
1.11128
1.11124
1.11113
1.11103
1.11096
1.11091
1.11092
1.1109
1.11089
1.11094
1.11085
1.11081
1.11069
1.11052
1.11032
1.10977
1.10848
1.10624
1.10339
1.0997
1.09543
1.08975
1.08132
1.06465
1.05609
1.04753
1.0392
1.031
1.02137
1.0104
1.00066
0.99206
0.982957
0.973043
0.965196
0.955623
0.947653
0.938669
0.929647
0.92069
0.911983
0.903701
0.895664
0.886779
0.879233
0.869607
0.861393
0.85239
0.843445
0.833767
0.825924
0.817274
0.808561
0.800063
0.791805
0.783807
0.775765
0.766771
0.759656
0.752001
0.744168
0.731815
0.725258
0.717964
0.710696
0.70315
0.696307
0.688997
0.68174
0.673703
0.666989
0.659744
0.652568
0.645309
0.638283
0.631528
0.624893
0.61841
0.612029
0.605787
0.599465
0.593221
0.586919
0.580868
0.574524
0.567197
0.561327
0.555223
0.549377
0.543402
0.537092
0.53081
0.524235
0.517725
0.510654
0.504375
0.498831
0.492204
0.479637
0.473816
0.466895
0.461141
0.454648
0.448296
0.441998
0.43565
0.429199
0.422559
0.415945
0.409474
0.402905
0.396274
0.389643
0.383044
0.376645
0.370406
0.364349
0.35848
0.352628
0.346524
0.340459
0.334298
0.328355
0.322454
0.316655
0.311062
0.305339
0.299583
0.293831
0.287991
0.281388
0.275968
0.269495
0.26336
0.252174
0.246393
0.240916
0.235715
0.230373
0.225126
0.220105
0.215109
0.210171
0.205234
0.200541
0.196074
0.191377
0.186852
0.182351
0.177765
0.173174
0.168629
0.164167
0.159824
0.155499
0.151329
0.146993
0.142812
0.138806
0.134856
0.131016
0.127305
0.123653
0.120186
0.116528
0.112495
0.108514
0.104125
0.099786
0.095585
0.087388
0.0830801
0.078959
0.0746509
0.0702913
0.0663128
0.0622033
0.0578953
0.0538945
0.0498797
0.0458052
0.0418288
0.0379698
0.0342173
0.0306655
0.0271211
0.0237122
0.0203255
0.0171254
0.0138578
0.0105768
0.00754279
0.00452769
0.00157696
-0.0016951
-0.00480652
-0.00792009
-0.0110916
-0.0142604
-0.0175443
-0.0207433
-0.0240224
-0.0273273
-0.0306563
-0.033944
-0.0372184
-0.0409701
-0.0439244
-0.047076
-0.0533952
-0.0567077
-0.0600871
-0.0634711
-0.0670081
-0.0704787
-0.0738574
-0.0771742
-0.0804697
-0.0835384
-0.0865185
-0.089761
-0.0927343
-0.0957548
-0.0985797
-0.101246
-0.103746
-0.106443
-0.108823
-0.111088
-0.113523
-0.115937
-0.11844
-0.121026
-0.123682
-0.126402
-0.129062
-0.131915
-0.134478
-0.137455
-0.140133
-0.143056
-0.145912
-0.148797
-0.151763
-0.154513
-0.159468
-0.162085
-0.164271
-0.166668
-0.169129
-0.171335
-0.173798
-0.17616
-0.17868
-0.181139
-0.183498
-0.185974
-0.188325
-0.190921
-0.193442
-0.196081
-0.198902
-0.201323
-0.204053
-0.206703
-0.209371
-0.211995
-0.214901
-0.217704
-0.220319
-0.222999
-0.225684
-0.228254
-0.230726
-0.23349
-0.236137
-0.23885
-0.24158
-0.244184
-0.246989
-0.249621
-0.252649
-0.255366
-0.258241
-0.263499
-0.266282
-0.26898
-0.271805
-0.274545
-0.277314
-0.28004
-0.283037
-0.285812
-0.288553
-0.291287
-0.294134
-0.296865
-0.299905
-0.302772
-0.305784
-0.308851
-0.311752
-0.314685
-0.317561
-0.320457
-0.323378
-0.326003
-0.328609
-0.331346
-0.334059
-0.336817
-0.339633
-0.342514
-0.345338
-0.347957
-0.350712
-0.353692
-0.356291
-0.361594
-0.364473
-0.367326
-0.370184
-0.373068
-0.376253
-0.379295
-0.382578
-0.385575
-0.388639
-0.391643
-0.394877
-0.397876
-0.401171
-0.404154
-0.407226
-0.410147
-0.4133
-0.416077
-0.419127
-0.42215
-0.425368
-0.428448
-0.431712
-0.434746
-0.43787
-0.441011
-0.444257
-0.447252
-0.450377
-0.453298
-0.456286
-0.459255
-0.46207
-0.46494
-0.467812
-0.47048
-0.473142
-0.475783
-0.478764
-0.483955
-0.486732
-0.489482
-0.492258
-0.495005
-0.497939
-0.500696
-0.503526
-0.50644
-0.509324
-0.51207
-0.514838
-0.517759
-0.520559
-0.523535
-0.526404
-0.529136
-0.53193
-0.534852
-0.537436
-0.539746
-0.542128
-0.544278
-0.54645
-0.548811
-0.551119
-0.55345
-0.555536
-0.557378
-0.55917
-0.560783
-0.5622
-0.563624
-0.565009
-0.56618
-0.567146
-0.568047
-0.56898
-0.570002
-0.57056
-0.571089
-0.571839
-0.572565
-0.573266
-0.573702
-0.573851
-0.57377
-0.573346
-0.572764
-0.572373
-0.572328
-0.572434
-0.572787
-0.572931
-0.572879
-0.572959
-0.573433
-0.574128
-0.575297
-0.576719
-0.578347
-0.579881
-0.581217
-0.582645
-0.584102
-0.585423
-0.586461
-0.587687
-0.589012
-0.59029
-0.591492
-0.592567
-0.593868
-0.595397
-0.59724
-0.598994
-0.60322
-0.605127
-0.607228
-0.609122
-0.610546
-0.611765
-0.613247
-0.615108
-0.617124
-0.618925
-0.620542
-0.622152
-0.623483
-0.624646
-0.626178
-0.628072
-0.63062
-0.633401
-0.636214
-0.63923
-0.642262
-0.645572
-0.648914
-0.652062
-0.655245
-0.658701
-0.662336
-0.666322
-0.670308
-0.674655
-0.679208
-0.683721
-0.688223
-0.692759
-0.697197
-0.701466
-0.705557
-0.709782
-0.714245
-0.721555
-0.724965
-0.728155
-0.731253
-0.734383
-0.737612
-0.740835
-0.743977
-0.746868
-0.749844
-0.752583
-0.755292
-0.75786
-0.760569
-0.763477
-0.766201
-0.769188
-0.772029
-0.774934
-0.777696
-0.780623
-0.783628
-0.787122
-0.790471
-0.793955
-0.797474
-0.801133
-0.804707
-0.808384
-0.811987
-0.815565
-0.81914
-0.822625
-0.826046
-0.829417
-0.832777
-0.836011
-0.841922
-0.844057
-0.845965
-0.848177
-0.850904
-0.853668
-0.856273
-0.858289
-0.860057
-0.861708
-0.863255
-0.864643
-0.86632
-0.868069
-0.870085
-0.872245
-0.874662
-0.876919
-0.879486
-0.88192
-0.884095
-0.886354
-0.88833
-0.8903
-0.892342
-0.894358
-0.895555
-0.89565
-0.89634
-0.897413
-0.898568
-0.899598
-0.900402
-0.901024
-0.901373
-0.901652
-0.902029
-0.902486
-0.903228
-0.904865
-0.905665
-0.906169
-0.906573
-0.906916
-0.907214
-0.907475
-0.907815
-0.908114
-0.908295
-0.908406
-0.90861
-0.908644
-0.908858
-0.909064
-0.909415
-0.909678
-0.90994
-0.910215
-0.910291
-0.910585
-0.910769
-0.911092
-0.911395
-0.911904
-0.912214
-0.912426
-0.912818
-0.913089
-0.913347
-0.913651
-0.913856
-0.913989
-0.914133
-0.914318
-0.914542
-0.914755
-0.914968
-0.91515
-0.915171
-0.915212
-0.915211
-0.915156
-0.915151
-0.915091
-0.915122
-0.91511
-0.915096
-0.915132
-0.915073
-0.915113
-0.915097
-0.915136
-0.915087
-0.915093
-0.915079
-0.91514
-0.915046
-0.915069
-0.915104
-0.915045
-0.915098
-0.915069
-0.915051
-0.915102
-0.915048
-0.915087
-0.915073
-0.915072
-0.915107
-0.915122
-0.915147
-0.915106
-0.915099
-0.91506
-0.915087
-0.915131
-0.915112
-0.915184
-0.9151
-0.915072
-0.915102
-0.915087
-0.915126
-0.915124
-0.915143
-0.915076
-0.915089
-0.915113
-0.915183
-0.915074
-0.915098
-0.915132
-0.915084
-0.915101
-0.915051
-0.915114
-0.91506
-0.91509
-0.915135
-0.915128
-0.91506
-0.915113
-0.915088
-0.91509
-0.915109
-0.915124
-0.915109
-0.915081
-0.915098
-0.915096
-0.915102
-0.915084
-0.915123
-0.915126
-0.915137
-0.915084
-0.915065
-0.915111
-0.915043
-0.915164
-0.915128
-0.915134
-0.915119
-0.915112
-0.915119
-0.915114
-0.915111
-0.915123
-0.915097
-0.915131
-0.915083
-0.91512
-0.915039
-0.915159
-0.915111
-0.915122
-0.915126
-0.915145
-0.915127
-0.915064
-0.915091
-0.915091
-0.915082
-0.915071
-0.915128
-0.915113
-0.915074
-0.9151
-0.915096
-0.915097
-0.915116
-0.915131
-0.915096
-0.915129
-0.91513
-0.915091
-0.915088
-0.915121
-0.915084
-0.915094
-0.915112
-0.915097
-0.915093
-0.915091
-0.915128
-0.915115
-0.915047
-0.9151
-0.915132
-0.915098
-0.915142
-0.915188
-0.915122
-0.91508
-0.915124
-0.915108
-0.915106
-0.915096
-0.915139
-0.915141
