0.089417
0.0888992
0.0924494
0.0906908
0.0890588
0.0897898
0.0898259
0.0884256
0.0892471
0.090348
0.0882028
0.0906275
0.0901583
0.0907783
0.0890654
0.0905407
0.0899472
0.0911651
0.0894684
0.0895368
0.087132
0.0914145
0.0906687
0.0883682
0.0906261
0.0903951
0.0899663
0.08997
0.0905349
0.0902951
0.0906121
0.0916241
0.0877189
0.0908254
0.089514
0.0882278
0.0897729
0.0902944
0.0876799
0.087849
0.0905223
0.0895486
0.0869651
0.0910607
0.0910931
0.0905062
0.0917352
0.0876483
0.0875747
0.0920522
0.0907937
0.0890831
0.0939234
0.0904672
0.0895957
0.0914645
0.0891088
0.0867445
0.0908496
0.0886484
0.0905775
0.0889073
0.0870901
0.0915542
0.0900906
0.0899119
0.0870033
0.0904378
0.0901899
0.0889845
0.0892338
0.0902326
0.0894662
0.0907437
0.0882873
0.0905481
0.0910791
0.0889941
0.0910195
0.0889808
0.0897825
0.0894486
0.0912637
0.0879586
0.0886058
0.0907371
0.0895633
0.0894287
0.0902671
0.0902495
0.0894383
0.0894015
0.090593
0.0898111
0.0911446
0.0905878
0.0898957
0.0921713
0.0894258
0.0902752
0.0910482
0.0914616
0.0911063
0.0925707
0.0902201
0.089164
0.0893118
0.0890404
0.0918565
0.0906827
0.0904216
0.0921912
0.0877909
0.091285
0.0894971
0.0904179
0.0889801
0.089606
0.0890919
0.0895501
0.0880719
0.0931944
0.0917131
0.0897185
0.0910541
0.0885256
0.08905
0.0905804
0.0922655
0.0887852
0.0873144
0.0908423
0.0908106
0.0899009
0.0867614
0.0902613
0.0886271
0.0906489
0.0925347
0.0905437
0.0917337
0.0903885
0.091883
0.0908276
0.0899928
0.0900325
0.0900193
0.0895148
0.0912961
0.0928973
0.0903363
0.0911718
0.0914417
0.0903657
0.0896927
0.0917697
0.0901642
0.0929877
0.0935828
0.0954747
0.0912387
0.0938807
0.0925244
0.0941176
0.0945633
0.093841
0.093688
0.0948171
0.0952967
0.0948539
0.0951032
0.096175
0.0942227
0.0942801
0.0940205
0.095207
0.0942448
0.0983893
0.0943007
0.0954438
0.0968165
0.0946634
0.0930025
0.0958035
0.0967944
0.0957851
0.0970585
0.0952489
0.0945361
0.0964965
0.0956711
0.0971821
0.0978045
0.0958013
0.09583
0.0950591
0.0959632
0.095905
0.0956159
0.097817
0.0952813
0.0961669
0.0982886
0.0967363
0.0968025
0.0954247
0.0965185
0.0965634
0.096548
0.0967922
0.0967105
0.098148
0.098855
0.0977721
0.0976382
0.0960419
0.095118
0.0978817
0.0976823
0.0971041
0.0994304
0.0982724
0.0994936
0.0957844
0.0987226
0.0967437
0.0980833
0.100206
0.103139
0.105169
0.104245
0.104919
0.105114
0.102151
0.103017
0.100468
0.101027
0.0985475
0.100148
0.101975
0.10002
0.10322
0.102906
0.104676
0.106092
0.102089
0.10468
0.10251
0.106878
0.110306
0.114509
0.12395
0.132768
0.139698
0.148548
0.153859
0.159127
0.154495
0.151767
0.146202
0.143935
0.140768
0.137304
0.141077
0.138222
0.139936
0.136889
0.134015
0.132561
0.12959
0.125938
0.127161
0.125856
0.127842
0.126781
0.126219
0.127044
0.126743
0.12782
0.125332
0.129604
0.129727
0.131132
0.132094
0.131523
0.132825
0.12928
0.132304
0.133838
0.136609
0.140328
0.145067
0.155039
0.179774
0.223281
0.273461
0.337429
0.414475
0.526997
0.695609
1.05349
1.2424
1.41069
1.56091
1.70613
1.88254
2.08571
2.20106
2.30826
2.38819
2.44069
2.44541
2.40934
2.39853
2.41051
2.4508
2.47129
2.48642
2.45555
2.40366
2.37512
2.38038
2.46009
2.56636
2.60299
2.66448
2.647
2.6387
2.6369
2.67443
2.66946
2.67436
2.66827
2.63208
2.61717
2.58085
2.52656
2.50267
2.42872
2.42012
2.39652
2.43016
2.49345
2.54627
2.54916
2.5475
2.53894
2.57243
2.56058
2.582
2.57933
2.548
2.50643
2.47524
2.44646
2.43099
2.39837
2.38703
2.34062
2.30556
2.25785
2.2646
2.31178
2.3513
2.33673
2.32861
2.31629
2.32749
2.3118
2.33671
2.34687
2.36384
2.39569
2.4035
2.41411
2.46046
2.48361
2.48952
2.48702
2.49517
2.48839
2.48625
2.47643
2.47908
2.50726
2.50651
2.50313
2.51166
2.52331
2.52523
2.53057
2.5132
2.49809
2.49227
2.47498
2.42992
2.41832
2.38818
2.37772
2.3369
2.30505
2.29973
2.28325
2.28008
2.28591
2.30268
2.29872
2.30937
2.31159
2.29234
2.29336
2.28222
2.28023
2.27365
2.24351
2.21624
2.18803
2.1503
2.10248
2.05135
2.01921
1.97712
1.94873
1.93377
1.91129
1.88668
1.88102
1.86773
1.84569
1.81287
1.78619
1.77071
1.74503
1.73113
1.70704
1.68769
1.67465
1.65784
1.62513
1.61825
1.60552
1.57499
1.5753
1.56327
1.54758
1.54997
1.5518
1.56419
1.57052
1.58032
1.58576
1.59666
1.60564
1.59865
1.61239
1.60657
1.58703
1.57235
1.54886
1.5328
1.50993
1.48505
1.46897
1.44036
1.42311
1.40808
1.38937
1.38297
1.3661
1.36065
1.34077
1.34266
1.33287
1.318
1.31097
1.29951
1.29093
1.2788
1.27216
1.26911
1.25966
1.26007
1.25149
1.26209
1.25304
1.26192
1.25618
1.25349
1.25487
1.25125
1.25014
1.24309
1.23178
1.22413
1.21646
1.20481
1.19494
1.19053
1.18452
1.17653
1.17017
1.15702
1.15034
1.13128
1.12719
1.10627
1.09622
1.08314
1.06503
1.06345
1.05159
1.04726
1.03283
1.04008
1.03288
1.03958
1.0269
1.0377
1.03351
1.04064
1.03981
1.04661
1.04655
1.05119
1.04429
1.04125
1.04422
1.03036
1.02436
1.00624
1.00326
0.993257
0.984032
0.987646
0.974575
0.976015
0.968029
0.962019
0.971671
0.960996
0.968686
0.96539
0.971627
0.972637
0.975948
0.985436
0.988669
0.993259
0.991663
0.998057
1.00009
1.00824
1.00879
1.00828
1.00984
1.00351
1.00421
1.00245
0.998533
1.00512
1.00412
1.00477
1.00103
1.00261
1.00161
1.01234
1.00763
1.0122
1.02104
1.02325
1.04137
1.05121
1.05667
1.05787
1.06019
1.0562
1.0538
1.05924
1.04968
1.05022
1.03952
1.04665
1.05005
1.04991
1.04273
1.04852
1.04286
1.04809
1.05522
1.05562
1.0642
1.06784
1.06705
1.07423
1.08011
1.06903
1.07563
1.07133
1.07505
1.06944
1.07989
1.08008
1.08728
1.08795
1.09116
1.09245
1.09651
1.10141
1.106
1.11585
1.11966
1.11724
1.12598
1.13134
1.13191
1.13903
1.13539
1.13154
1.1302
1.12682
1.11991
1.12007
1.11241
1.10791
1.09185
1.07862
1.07027
1.06635
1.05218
1.05575
1.04671
1.05037
1.04997
1.04683
1.0546
1.05941
1.05242
1.05113
1.04679
1.04793
1.04243
1.03635
1.03113
1.03119
1.03151
1.02732
1.02848
1.02849
1.03392
1.0342
1.03605
1.03877
1.04406
1.04398
1.05045
1.02799
1.01197
0.989786
0.963442
0.953468
0.93746
0.9247
0.901016
0.882369
0.852671
0.82813
0.804432
0.779048
0.757892
0.732685
0.703627
0.676444
0.651451
0.593975
0.570819
0.556298
0.542812
0.521443
0.501358
0.482271
0.458757
0.437742
0.4186
0.397951
0.385372
0.385397
0.390276
0.398201
0.39926
0.399464
0.402562
0.413068
0.432169
0.460795
0.492986
0.525377
0.54032
0.540038
0.537693
0.537146
0.535781
0.527528
0.535218
0.529195
0.520035
0.50704
0.496165
0.488713
0.485614
0.489719
0.497898
0.523671
0.530092
0.538614
0.537644
0.527137
0.515972
0.502663
0.505768
0.517052
0.520263
0.519808
0.511997
0.504442
0.493615
0.4929
0.504559
0.52568
0.551471
0.572994
0.613135
0.644322
0.672264
0.708171
0.742121
0.773363
0.795578
0.821936
0.855893
0.882443
0.918581
0.958041
0.986008
1.01837
1.04426
1.06123
1.07357
1.07739
1.08944
1.10482
1.10739
1.09492
1.08375
1.06298
1.04776
1.03007
1.02222
1.01395
0.996802
0.985124
0.96287
0.951681
0.932829
0.928229
0.926906
0.922758
0.923018
0.926547
0.928507
0.924422
0.936744
0.93959
0.957738
0.964236
0.974473
0.985007
0.996349
1.00625
1.00952
1.0153
1.01762
1.02304
1.03165
1.02877
1.03913
1.04548
1.04143
1.03296
0.992591
0.963941
0.941996
0.944198
0.935007
0.929926
0.897367
0.861774
0.826857
0.794698
0.765022
0.743072
0.726914
0.71978
0.718721
0.7252
0.724998
0.735812
0.742314
0.734626
0.73494
0.734261
0.725794
0.728704
0.72502
0.711296
0.66607
0.637789
0.613363
0.596442
0.583238
0.563447
0.533062
0.503327
0.476969
0.454582
0.43623
0.422049
0.404528
0.399548
0.38836
0.371785
0.355786
0.3401
0.323561
0.314527
0.302283
0.291103
0.280966
0.275434
0.262717
0.257736
0.249772
0.248643
0.245914
0.243055
0.245896
0.242232
0.241197
0.239402
0.241075
0.239002
0.241823
0.233802
0.228906
0.227286
0.225635
0.223296
0.224671
0.225138
0.219159
0.217575
0.206923
0.205113
0.198948
0.199162
0.198364
0.193668
0.191866
0.188027
0.185794
0.185202
0.181572
0.181856
0.183108
0.181948
0.181898
0.181243
0.180261
0.179651
0.181279
0.178861
0.18077
0.179915
0.180459
0.181149
0.181788
0.179373
0.179095
0.182401
0.180545
0.17932
0.179852
0.17908
0.182762
0.178684
0.180607
0.176121
0.177994
0.174462
0.173158
0.170993
0.172232
0.172353
0.173444
0.170895
0.173119
0.1713
0.170413
0.171525
0.17086
0.173501
0.171262
0.170878
0.171726
0.17049
0.171703
0.172365
0.168947
0.170156
0.172468
0.171442
0.171608
0.168524
0.171085
0.167883
0.173181
0.17075
0.172965
0.170307
0.171274
0.173391
0.171368
0.170156
0.172146
0.170954
0.170381
0.170804
0.171439
0.171564
0.170135
0.170836
0.168752
0.172223
0.16958
0.168563
0.168075
0.170227
0.171877
0.171711
0.172427
0.170523
0.171203
0.171673
0.169583
0.169999
0.173027
0.169065
0.170745
0.169237
0.171777
0.169379
0.17091
0.170082
0.170928
0.172001
0.171883
0.172507
0.169438
0.169819
0.169837
0.170644
0.170458
0.17183
0.17374
0.171377
0.17267
0.169795
0.170221
0.170059
0.172279
0.170993
0.170109
0.171664
0.171762
0.170313
0.171815
0.170192
0.170594
0.169724
0.170168
0.171108
0.169373
0.170745
0.171815
0.169692
0.172117
0.171685
0.171002
0.172643
0.17267
0.173465
0.169136
0.17185
0.170094
0.170878
0.170907
0.172732
0.170416
