0.00256126
0.00253059
-0.0135906
0.00173049
0.000412259
0.00331993
0.00902874
-0.00353655
0.00237203
0.0141225
0.0116324
0.00683008
0.0045784
0.00167106
-0.00126044
0.00886416
0.00599077
-0.0159184
0.0169548
0.00827468
0.0125048
-0.017207
-0.00120053
0.00539165
0.00387244
-0.00439382
-0.00642489
-0.0120164
0.00295706
0.00350357
-0.00922988
0.00390492
0.00506719
0.00520448
0.00098176
-0.0120293
-0.000147628
0.0154219
0.0112678
0.013287
-0.0151204
-0.0145776
0.0341029
0.00548885
0.0050018
-0.00579826
-0.0138213
-0.00478084
0.009196
-0.0111294
-0.00761892
-0.00161014
-0.0138274
0.00307137
-0.00567534
-0.0137158
-0.00134227
-0.00124985
0.0121472
0.015288
-0.0110263
0.0107552
0.0123782
-0.0205144
-0.00904436
-0.0192036
0.0106386
0.00218978
0.00740225
0.00246746
0.00332675
0.00136885
0.00359317
-0.00520631
0.00408347
0.00335771
-0.0148361
-0.0188397
-0.0141496
-0.0115082
0.00762939
0.00984106
0.0114646
0.00103955
0.00351306
-0.00649026
-0.0110282
-0.00756281
0.00194396
0.0125237
-0.00290698
0.0102306
0.00828192
0.0125396
-0.00803147
-0.0073894
0.0086574
0.0156065
0.00128926
-0.00124812
-0.000895382
-0.0155798
0.0014644
-0.0137431
0.00897713
0.00734484
0.0186383
-0.0089143
-0.00678413
0.00209632
0.000322447
-0.0127127
0.0186935
0.00633476
0.00579658
0.00462783
0.0131232
-0.0129041
0.00283011
-0.0212065
-0.00108559
-0.000781861
-0.0199322
-0.0107126
-0.0109597
0.00868341
0.00696444
-0.014154
-0.00574789
-0.00141533
0.00998384
0.00339224
-0.000533956
-0.00792822
0.0200394
0.00512853
0.0082476
-0.000745066
-0.000945638
-0.00254274
0.00592593
0.00682969
-0.00122141
-0.0126316
0.0132777
0.00265253
-0.0120448
0.00963137
-0.00767688
0.0018352
-0.0190363
-0.00443292
0.0134853
-0.00220396
0.00116604
0.00861709
0.0168809
0.00675202
-0.00892503
-0.0255928
0.0116462
0.00361547
0.000825571
-0.000117645
-0.00380861
-0.0177099
-0.0185827
-0.0123228
0.0116615
-0.0146798
0.0146778
-0.00764238
-0.00873513
0.00747455
-0.000686714
0.00544784
0.00818641
-0.00897614
0.000912769
-0.00297133
-0.00175941
-0.00117786
0.00705647
0.00400756
-0.016683
0.00584828
0.00138287
0.00194477
0.021678
0.00523837
-0.00318728
-0.00313815
-0.0137663
-0.00764278
0.00961397
-0.00298106
-0.00878627
-0.0226149
0.00701359
0.00701701
-0.00681946
0.00399513
-0.0165566
-0.00163486
-0.00634682
0.0109746
0.000988053
0.00880091
0.00545636
0.000962986
-0.00939294
-0.0172895
-0.00491259
-0.0129235
-0.0156942
0.0105545
-0.00179125
-0.000930025
-0.0129782
-0.018501
-0.00749622
0.0155068
-0.00420061
0.0075598
-0.00243924
-0.00362082
-0.00155335
-0.0171761
-0.0124327
-0.0120774
0.00854196
0.000429144
-0.00293977
0.00167444
-0.01176
-0.00302595
-0.00631854
0.00276615
0.0127901
0.00978944
-0.000483614
0.00987872
-0.000912459
0.0011802
-0.0106133
0.000301874
-0.0115834
-0.0024191
0.00189764
-0.0187527
-0.0151314
-0.0293884
-0.0467087
-0.0268689
-0.0528833
-0.0247399
-0.0189927
-0.00383526
0.00466462
0.000394069
-0.00648024
0.00786903
-0.00678747
-0.03254
-0.0253559
-0.0360251
-0.0275405
-0.0364742
-0.0358405
-0.0312384
-0.00741187
-0.0247511
-0.0132367
-0.0185096
-0.00816801
0.008316
-0.0125416
-0.00239386
-0.000178564
-0.0154943
0.000116557
-0.00506729
-0.0152182
0.00177696
0.00557795
-0.00123965
0.0258121
0.00257388
-0.00353139
-0.00426696
-0.0039784
-0.0149134
-0.0800814
-0.166008
-0.248452
-0.302878
-0.403015
-0.436919
-0.599351
-0.819266
-0.840691
-0.859288
-0.852782
-0.840791
-0.917166
-0.977489
-1.00382
-0.973236
-0.972009
-0.884019
-0.927879
-0.874903
-0.889952
-0.89018
-0.902847
-0.900058
-0.901314
-0.852319
-0.814964
-0.810176
-0.814578
-0.859302
-0.904004
-0.938752
-0.896214
-0.876482
-0.850948
-0.868903
-0.880107
-0.882142
-0.837066
-0.800234
-0.783165
-0.821087
-0.830994
-0.780754
-0.734853
-0.698146
-0.653299
-0.664584
-0.658391
-0.715876
-0.776611
-0.77512
-0.758039
-0.734546
-0.714263
-0.742448
-0.716379
-0.697741
-0.741583
-0.717002
-0.67316
-0.645341
-0.645501
-0.635548
-0.595378
-0.615338
-0.616735
-0.624715
-0.587862
-0.651645
-0.685496
-0.623869
-0.616959
-0.573693
-0.617214
-0.631661
-0.6301
-0.669757
-0.659854
-0.672592
-0.646743
-0.619247
-0.589832
-0.658297
-0.640732
-0.630895
-0.609226
-0.632009
-0.634839
-0.626022
-0.620571
-0.636962
-0.654126
-0.675908
-0.640008
-0.6542
-0.687139
-0.663254
-0.670242
-0.631682
-0.62746
-0.6135
-0.580503
-0.584222
-0.61959
-0.604939
-0.625455
-0.585227
-0.584872
-0.583222
-0.555225
-0.573857
-0.556832
-0.554838
-0.563721
-0.600296
-0.572868
-0.582507
-0.61639
-0.56934
-0.517213
-0.512214
-0.519985
-0.549348
-0.55269
-0.503591
-0.502333
-0.49214
-0.467167
-0.467111
-0.449391
-0.472658
-0.45491
-0.462039
-0.451948
-0.467952
-0.481481
-0.425163
-0.412486
-0.46074
-0.411282
-0.424623
-0.406376
-0.402996
-0.37114
-0.370938
-0.370084
-0.356899
-0.383939
-0.374959
-0.413081
-0.443119
-0.369794
-0.438569
-0.442827
-0.444393
-0.439477
-0.414456
-0.39857
-0.439503
-0.400031
-0.404443
-0.44677
-0.417543
-0.378888
-0.398093
-0.391908
-0.35361
-0.38467
-0.354702
-0.370422
-0.348334
-0.34668
-0.324941
-0.332643
-0.319808
-0.301129
-0.303555
-0.282725
-0.329693
-0.315348
-0.317978
-0.316142
-0.311761
-0.336329
-0.336728
-0.332021
-0.327373
-0.32383
-0.342422
-0.333644
-0.348172
-0.335214
-0.311684
-0.342695
-0.35307
-0.328815
-0.343375
-0.332197
-0.363935
-0.330493
-0.318353
-0.340486
-0.30121
-0.301774
-0.326232
-0.304149
-0.289407
-0.293268
-0.26653
-0.251411
-0.287104
-0.216855
-0.261333
-0.263443
-0.234309
-0.251525
-0.245139
-0.288223
-0.282479
-0.291224
-0.305289
-0.26509
-0.292305
-0.287906
-0.274062
-0.258165
-0.287374
-0.247494
-0.277985
-0.271227
-0.260303
-0.212066
-0.236245
-0.243661
-0.224522
-0.237723
-0.225486
-0.234994
-0.244985
-0.259944
-0.251756
-0.233037
-0.248565
-0.244913
-0.293407
-0.278771
-0.257346
-0.255259
-0.260932
-0.279455
-0.252848
-0.303006
-0.272314
-0.291191
-0.267706
-0.270133
-0.239009
-0.244902
-0.295435
-0.238109
-0.297433
-0.259002
-0.275338
-0.278465
-0.258165
-0.265186
-0.289099
-0.276279
-0.301881
-0.25815
-0.300106
-0.299503
-0.286049
-0.269556
-0.283593
-0.314061
-0.263532
-0.26652
-0.282369
-0.284313
-0.282445
-0.319569
-0.279905
-0.302385
-0.291119
-0.290256
-0.297237
-0.267775
-0.268158
-0.293659
-0.256159
-0.245644
-0.26766
-0.261986
-0.284736
-0.302544
-0.295918
-0.291784
-0.294651
-0.291793
-0.256527
-0.254208
-0.275526
-0.28566
-0.284487
-0.29691
-0.300175
-0.300685
-0.299772
-0.330654
-0.304753
-0.310019
-0.310469
-0.323155
-0.318313
-0.32175
-0.328631
-0.312026
-0.287449
-0.285908
-0.315263
-0.306775
-0.314408
-0.330553
-0.312651
-0.325714
-0.342608
-0.299626
-0.316465
-0.310173
-0.308174
-0.313094
-0.311085
-0.294644
-0.322873
-0.255822
-0.32251
-0.284932
-0.279354
-0.294165
-0.272148
-0.251294
-0.288669
-0.285384
-0.294984
-0.257929
-0.273316
-0.266591
-0.278194
-0.268874
-0.294735
-0.301932
-0.286121
-0.275361
-0.298145
-0.277505
-0.312154
-0.280821
-0.2729
-0.276434
-0.273406
-0.223113
-0.23503
-0.226201
-0.217719
-0.237581
-0.228446
-0.23549
-0.218373
-0.192466
-0.181293
-0.183966
-0.151582
-0.12581
-0.144218
-0.144875
-0.125993
-0.0927091
-0.0809909
-0.0876569
-0.0263254
-0.0505125
-0.0479598
-0.078399
-0.0713894
-0.0507468
-0.0295959
-0.0166535
0.0110234
0.0567251
0.0541519
0.0327852
0.00516889
-0.00393089
-0.0232167
-0.00489953
-0.0025996
-0.00509542
-0.0741654
-0.0873924
-0.137716
-0.1627
-0.161944
-0.136212
-0.14614
-0.159926
-0.141229
-0.117594
-0.0965801
-0.122922
-0.143493
-0.113918
-0.111303
-0.0928394
-0.146505
-0.168586
-0.202881
-0.172779
-0.227602
-0.210837
-0.195351
-0.183997
-0.138664
-0.122457
-0.144148
-0.193684
-0.202469
-0.167727
-0.161989
-0.141115
-0.102221
-0.123264
-0.164891
-0.194315
-0.25488
-0.271715
-0.271127
-0.294454
-0.311487
-0.313465
-0.327097
-0.303979
-0.3211
-0.351832
-0.360958
-0.407983
-0.415287
-0.430575
-0.453683
-0.443878
-0.462136
-0.440836
-0.460891
-0.450262
-0.401923
-0.425425
-0.42215
-0.359263
-0.358487
-0.289358
-0.335732
-0.302344
-0.334141
-0.299466
-0.323085
-0.265339
-0.29398
-0.272839
-0.284589
-0.234452
-0.254143
-0.308629
-0.276916
-0.304759
-0.282249
-0.295961
-0.272842
-0.302456
-0.312228
-0.374448
-0.332011
-0.339379
-0.327569
-0.378882
-0.37012
-0.382545
-0.355472
-0.328908
-0.36905
-0.352113
-0.338508
-0.333151
-0.32542
-0.335075
-0.248249
-0.180707
-0.186036
-0.239683
-0.316345
-0.271547
-0.239282
-0.196352
-0.160663
-0.16867
-0.150911
-0.124799
-0.177194
-0.193745
-0.199128
-0.252008
-0.242525
-0.206791
-0.261726
-0.249077
-0.214142
-0.215018
-0.189086
-0.219458
-0.200004
-0.169567
-0.0915522
-0.0100131
-0.103332
-0.120178
-0.101687
-0.0872814
-0.0703981
-0.065989
-0.0375829
-0.0244326
-0.0452028
-0.0377096
-0.095397
-0.0743749
-0.0713162
-0.0424237
-0.0312884
-0.0369611
-0.0334923
-0.025771
-0.0140641
-0.0262881
-0.0352659
-0.026084
-0.0245252
-0.00534917
-0.02249
-0.0240805
-0.0440405
-0.0159857
-0.0161423
-0.0207075
0.00417879
-0.021937
-0.01685
-0.0157773
-0.030278
-0.0475286
-0.0390753
-0.00264141
-0.0159748
-0.0482149
-0.0156965
-0.0339421
-0.0231644
-0.0228791
-0.0258832
-0.0119964
-0.0232825
-0.0236887
-0.026377
-0.0194507
-0.00455803
-0.0131084
-0.0145001
-0.00414609
0.0131935
0.00857145
0.00306095
-0.00304812
0.00486469
-0.000910397
0.00816739
-0.00467082
0.0161087
-0.011135
0.00541397
0.0131695
0.0186164
-0.0183956
-0.00103633
0.00415126
-0.00905706
0.00769969
-0.00881833
-0.00236371
0.0066104
-0.00393277
0.0154876
-0.00177838
0.000863371
0.0151749
-0.0150726
-0.0158208
-0.0183487
-0.0204873
0.00353111
0.00717238
-0.00307343
-0.0125907
-0.0131294
-0.0277042
-0.0128752
0.0169909
0.0048398
0.00233069
0.00523096
-0.00306705
-0.0107446
-0.00716828
0.0185257
0.0137884
-0.0284366
0.00834294
0.00576707
-0.0140129
0.0051886
-0.0041369
0.0209118
-0.00498057
0.0231549
0.00352913
-6.94013e-05
-0.0073281
0.00746738
0.0194
-0.00208506
0.0113692
0.00601275
-0.0173883
0.00161428
0.00229784
0.00120784
0.0184023
0.00281292
0.0131848
-0.0149594
-0.00200105
-0.0244695
0.0140872
0.0107295
0.000216983
0.0314634
-0.0161891
-0.00272589
-0.0182519
7.58299e-05
-0.000820728
-0.00719014
-0.0026322
-0.00324929
0.00976754
-0.00213409
-0.00619822
-0.00142898
0.0112813
0.00617622
-0.0179804
-0.0088565
-0.0136945
-0.00373251
-0.00329291
-0.00413969
0.0105946
0.00376051
0.00144251
0.019066
0.00610635
-0.00894544
0.00208816
0.0156862
-0.00632404
0.00773537
0.00340319
-0.00331061
-0.00868219
-0.00568166
-0.0142925
-0.00615179
0.00545504
0.0152318
-0.00262534
0.0147195
-0.00110268
0.00847736
-0.00412273
-0.00724122
-0.00049659
-0.0029274
-0.0126312
0.0182575
-0.00427481
0.010012
-0.00402553
-0.0140899
-0.0157931
-0.0218306
-0.00469914
-0.00505926
0.00774783
0.00823412
-0.00537313
-0.0145996
-0.00589172
