0.578095
0.578113
0.578126
0.578126
0.578107
0.578032
0.57811
0.578096
0.578093
0.57812
0.578089
0.578111
0.578081
0.578129
0.578121
0.578112
0.578092
0.578121
0.578044
0.578054
0.57814
0.578108
0.578102
0.578086
0.57808
0.578098
0.578132
0.57807
0.578166
0.578092
0.578079
0.578094
0.578088
0.578111
0.578092
0.578095
0.578058
0.578059
0.578103
0.578075
0.578051
0.578028
0.578126
0.57811
0.578091
0.578115
0.578122
0.578142
0.578122
0.578122
0.578106
0.578055
0.578094
0.578125
0.578172
0.578123
0.578088
0.578074
0.578088
0.578077
0.578155
0.578146
0.578096
0.578092
0.578114
0.578109
0.578058
0.5781
0.57805
0.578155
0.57807
0.578098
0.578052
0.57805
0.57803
0.57816
0.578085
0.578063
0.578107
0.578055
0.578138
0.578157
0.57814
0.578054
0.578134
0.578119
0.578146
0.578087
0.578101
0.578087
0.578155
0.578087
0.578087
0.578098
0.578107
0.578061
0.578112
0.57808
0.578097
0.578098
0.578058
0.578012
0.578057
0.578074
0.578099
0.57808
0.578099
0.5781
0.578098
0.578093
0.57809
0.578082
0.578046
0.57813
0.578096
0.578075
0.578029
0.578029
0.578119
0.578066
0.578124
0.578061
0.578073
0.578023
0.578072
0.578055
0.578072
0.578062
0.578106
0.578095
0.578086
0.578063
0.578051
0.578069
0.578133
0.578107
0.578071
0.578059
0.578054
0.578085
0.578115
0.578073
0.578086
0.578043
0.578046
0.578115
0.578064
0.57809
0.578135
0.578061
0.578111
0.578111
0.578057
0.578087
0.578088
0.578081
0.578111
0.578067
0.57809
0.578037
0.578109
0.57806
0.578101
0.5781
0.578092
0.578137
0.578089
0.578083
0.578232
0.578258
0.578325
0.578492
0.578515
0.57855
0.578595
0.578479
0.578557
0.578558
0.578541
0.578576
0.578476
0.578546
0.578556
0.578519
0.578562
0.578602
0.578569
0.578569
0.578546
0.578548
0.578559
0.57848
0.578541
0.578554
0.578512
0.578539
0.578515
0.578516
0.578555
0.578523
0.578572
0.578497
0.578531
0.578511
0.578507
0.578539
0.578496
0.578544
0.578546
0.578521
0.578564
0.578541
0.578569
0.578514
0.578441
0.578509
0.57849
0.578498
0.578539
0.578498
0.578536
0.578547
0.578523
0.578531
0.578578
0.578534
0.57846
0.578558
0.578523
0.57851
0.57853
0.57853
0.57848
0.5785
0.578497
0.578472
0.578539
0.578563
0.578543
0.57853
0.578462
0.57851
0.578473
0.578506
0.578517
0.578549
0.57848
0.578563
0.578532
0.578507
0.578545
0.578457
0.578472
0.578514
0.578543
0.578595
0.578568
0.578501
0.578472
0.578494
0.578527
0.578512
0.578506
0.578498
0.578499
0.578503
0.578464
0.578437
0.578344
0.578203
0.578152
0.578175
0.578935
0.579087
0.579045
0.579122
0.5793
0.579334
0.579255
0.579332
0.579395
0.579511
0.579465
0.579581
0.579789
0.580392
0.58093
0.581699
0.582779
0.583782
0.585013
0.585972
0.587278
0.588492
0.589678
0.590842
0.592097
0.593229
0.594331
0.595538
0.596877
0.598026
0.599009
0.600119
0.601172
0.602155
0.602977
0.60388
0.604701
0.605527
0.606178
0.606969
0.607708
0.608966
0.609022
0.610069
0.610788
0.61161
0.612556
0.613418
0.614375
0.61532
0.61613
0.617236
0.618089
0.618971
0.620007
0.621225
0.622203
0.623126
0.624269
0.625551
0.626752
0.627799
0.629114
0.630415
0.631619
0.633079
0.63443
0.635774
0.63714
0.63882
0.640289
0.641917
0.643787
0.645616
0.647412
0.649517
0.65159
0.653626
0.65581
0.658043
0.659996
0.662005
0.664034
0.665543
0.66855
0.670007
0.671269
0.672515
0.673739
0.674943
0.67621
0.677481
0.678905
0.680262
0.681686
0.683083
0.68459
0.686236
0.688055
0.689884
0.69185
0.693831
0.695648
0.697726
0.699616
0.701451
0.703258
0.705137
0.706789
0.708315
0.709909
0.711398
0.712795
0.714067
0.715385
0.716662
0.718031
0.719368
0.720764
0.722442
0.724095
0.725675
0.727519
0.729251
0.731145
0.732877
0.734744
0.7367
0.738459
0.74172
0.743295
0.744804
0.746334
0.747883
0.749232
0.750617
0.752168
0.753691
0.755364
0.757199
0.759146
0.761121
0.763137
0.765341
0.767723
0.770118
0.772611
0.77518
0.777872
0.780429
0.783283
0.78611
0.789067
0.792025
0.795092
0.798086
0.80117
0.804326
0.80767
0.811088
0.8146
0.818018
0.821492
0.824881
0.828028
0.831551
0.834632
0.837362
0.843319
0.846122
0.848812
0.851633
0.854317
0.857078
0.859757
0.862314
0.864911
0.867258
0.869698
0.872229
0.874722
0.877196
0.879571
0.882062
0.884226
0.886425
0.888611
0.890504
0.892441
0.894139
0.895639
0.896749
0.8977
0.898337
0.898748
0.898856
0.89888
0.898878
0.898846
0.898942
0.899258
0.899952
0.901249
0.902874
0.905095
0.907556
0.910298
0.913297
0.91643
0.919656
0.926196
0.929247
0.932221
0.934726
0.936958
0.938791
0.940271
0.941457
0.942433
0.943141
0.943473
0.943506
0.943362
0.943075
0.94273
0.942134
0.941902
0.94157
0.941186
0.940808
0.940346
0.940007
0.939622
0.939366
0.939079
0.93882
0.938508
0.938119
0.937687
0.936828
0.935739
0.934452
0.933078
0.93173
0.930272
0.928321
0.926792
0.924919
0.922931
0.920906
0.918645
0.914175
0.911712
0.909264
0.906625
0.903595
0.900652
0.897698
0.894635
0.891465
0.888339
0.885232
0.882157
0.87894
0.87575
0.872647
0.86973
0.866718
0.86399
0.861249
0.858517
0.855842
0.853209
0.850659
0.848199
0.845699
0.843298
0.840919
0.838568
0.836149
0.833793
0.831534
0.829175
0.826942
0.824409
0.821815
0.819001
0.816066
0.813
0.809517
0.805863
0.802018
0.793851
0.789718
0.785037
0.780543
0.776082
0.771381
0.766622
0.761708
0.756895
0.751912
0.746756
0.741255
0.735917
0.730112
0.723993
0.71788
0.711558
0.705136
0.698752
0.692203
0.685453
0.678751
0.671852
0.664851
0.658068
0.651151
0.644237
0.637389
0.630546
0.623696
0.616868
0.609916
0.603088
0.59611
0.589182
0.582106
0.575067
0.56799
0.56057
0.553189
0.545735
0.538184
0.523417
0.516065
0.508475
0.501005
0.493597
0.486068
0.478757
0.471218
0.464001
0.456812
0.449285
0.441915
0.434369
0.42678
0.419146
0.411489
0.403802
0.395952
0.388159
0.38007
0.372049
0.36369
0.355244
0.346813
0.33804
0.329208
0.320439
0.311392
0.302124
0.293017
0.28381
0.274877
0.265858
0.257083
0.247777
0.239024
0.229745
0.220669
0.211653
0.203111
0.194225
0.185793
0.176969
0.168354
0.159741
0.142759
0.134358
0.12583
0.117217
0.10873
0.100345
0.0917361
0.0831036
0.0743153
0.0656052
0.0569072
0.048222
0.0395855
0.0310196
0.0224168
0.0140428
0.00565804
-0.00292187
-0.0111444
-0.0196834
-0.0277538
-0.0362048
-0.0444404
-0.0529331
-0.0614707
-0.0703042
-0.0791469
-0.0882398
-0.0971681
-0.106425
-0.115559
-0.124736
-0.133576
-0.142407
-0.151084
-0.159734
-0.16859
-0.17722
-0.185987
-0.194577
-0.203127
-0.211393
-0.219351
-0.22713
-0.24246
-0.24246
-0.258097
-0.266165
-0.274187
-0.282276
-0.290281
-0.29812
-0.30607
-0.313827
-0.321565
-0.3291
-0.336819
-0.344285
-0.351629
-0.359226
-0.366569
-0.373924
-0.381098
-0.388164
-0.395143
-0.402201
-0.409343
-0.416491
-0.423554
-0.430893
-0.438049
-0.445276
-0.452405
-0.459553
-0.466745
-0.473941
-0.481312
-0.488734
-0.49609
-0.503765
-0.511313
-0.518918
-0.52621
-0.533772
-0.541209
-0.548637
-0.556279
-0.56381
-0.571601
-0.586933
-0.594327
-0.601535
-0.608529
-0.615469
-0.622382
-0.629229
-0.635839
-0.642743
-0.64942
-0.656048
-0.6627
-0.669159
-0.675784
-0.682397
-0.688947
-0.695617
-0.702216
-0.708707
-0.715492
-0.722155
-0.728915
-0.735829
-0.742639
-0.74955
-0.756538
-0.763529
-0.770581
-0.777574
-0.784898
-0.791974
-0.799263
-0.806601
-0.813679
-0.820814
-0.827837
-0.834726
-0.841705
-0.848456
-0.862187
-0.868645
-0.875392
-0.881842
-0.888411
-0.895003
-0.901595
-0.908308
-0.914906
-0.921437
-0.928237
-0.934737
-0.941114
-0.947499
-0.953755
-0.95995
-0.966361
-0.972887
-0.979074
-0.985277
-0.991433
-0.997451
-1.00321
-1.00871
-1.01427
-1.01977
-1.02508
-1.0302
-1.03545
-1.04042
-1.04537
-1.05017
-1.05485
-1.05911
-1.06328
-1.06755
-1.07175
-1.07599
-1.08026
-1.08457
-1.0935
-1.09811
-1.10294
-1.10778
-1.11265
-1.11764
-1.12267
-1.12762
-1.13255
-1.13736
-1.14246
-1.14751
-1.15242
-1.15731
-1.16234
-1.16731
-1.17239
-1.17744
-1.18254
-1.18755
-1.19263
-1.19765
-1.20286
-1.20791
-1.21287
-1.21759
-1.22224
-1.22702
-1.23169
-1.23637
-1.24092
-1.24526
-1.24954
-1.25379
-1.25767
-1.26111
-1.26435
-1.26758
-1.271
-1.27455
-1.27803
-1.28162
-1.28529
-1.28918
-1.293
-1.29688
-1.30497
-1.30894
-1.31317
-1.3173
-1.32161
-1.32606
-1.33036
-1.33448
-1.3389
-1.34321
-1.34721
-1.35125
-1.35542
-1.35952
-1.36382
-1.36819
-1.37282
-1.37751
-1.38222
-1.3864
-1.39034
-1.39426
-1.39775
-1.40163
-1.40549
-1.40927
-1.41329
-1.41754
-1.42228
-1.42789
-1.43372
-1.43959
-1.44572
-1.45252
-1.45948
-1.46632
-1.4736
-1.48072
-1.48776
-1.49481
-1.50853
-1.51515
-1.52155
-1.52796
-1.53423
-1.54036
-1.54653
-1.55249
-1.55841
-1.56434
-1.56993
-1.57548
-1.58089
-1.58631
-1.59155
-1.59686
-1.60176
-1.60641
-1.61108
-1.61579
-1.62039
-1.62466
-1.629
-1.63319
-1.63708
-1.64093
-1.64445
-1.64766
-1.65073
-1.65329
-1.65597
-1.65872
-1.66158
-1.66454
-1.6673
-1.67017
-1.67293
-1.6758
-1.67874
-1.6816
-1.68428
-1.68698
-1.68962
-1.69245
-1.6952
-1.70163
-1.70505
-1.70837
-1.71184
-1.71512
-1.71861
-1.72209
-1.7258
-1.72994
-1.73428
-1.73879
-1.74354
-1.74784
-1.75308
-1.75796
-1.7627
-1.76735
-1.77183
-1.77584
-1.78022
-1.78496
-1.78912
-1.79312
-1.79692
-1.80032
-1.80339
-1.80594
-1.80821
-1.80984
-1.81092
-1.8116
-1.81165
-1.81188
-1.81204
-1.81212
-1.81199
-1.81172
-1.81124
-1.81089
-1.8106
-1.81051
-1.81054
-1.81058
-1.81054
-1.81051
-1.81048
-1.81033
-1.81036
-1.81043
-1.81042
-1.8105
-1.81053
-1.81055
-1.81049
-1.81053
-1.81058
-1.81055
-1.81056
-1.81051
-1.81052
-1.81039
-1.8102
-1.80983
-1.80958
-1.80925
-1.80889
-1.80848
-1.8082
-1.80783
-1.80754
-1.80743
-1.80726
-1.80704
-1.80689
-1.80666
-1.80622
-1.80562
-1.80496
-1.80418
-1.80222
-1.80139
-1.80033
-1.79945
-1.79825
-1.7972
-1.79629
-1.79548
-1.79431
-1.7933
-1.79223
-1.79114
-1.79006
-1.78883
-1.78774
-1.78665
-1.78539
-1.78412
-1.78276
-1.78135
-1.77983
-1.7785
-1.77687
-1.77525
-1.77355
-1.77185
-1.76965
-1.76791
-1.76568
-1.76248
-1.75916
-1.75536
-1.75134
-1.74727
-1.74345
-1.73999
-1.73675
-1.73348
-1.7305
-1.72708
-1.7241
-1.72092
-1.71778
-1.7115
-1.7081
-1.70439
-1.7012
-1.69791
-1.69419
-1.691
-1.68761
-1.68351
-1.68025
-1.67634
-1.67219
-1.66834
-1.66418
-1.65997
-1.65584
-1.65168
-1.64691
-1.64335
-1.63922
-1.63482
-1.63069
-1.62598
-1.62202
-1.61751
-1.61302
-1.60852
-1.60384
-1.59925
-1.59459
-1.58998
-1.58523
-1.5803
-1.5758
-1.57119
-1.56639
-1.56139
-1.55581
-1.55096
-1.5461
-1.53881
-1.53847
-1.53347
-1.53158
-1.5302
-1.52891
-1.528
-1.52742
-1.52692
-1.52643
-1.52605
-1.52592
-1.52575
-1.52551
-1.52524
-1.52493
-1.52452
-1.52413
-1.52362
-1.52314
-1.52275
-1.52225
-1.52193
-1.52176
-1.52161
-1.52157
-1.52163
-1.52157
-1.52153
-1.52143
-1.52132
-1.52119
-1.52091
-1.52085
-1.52064
-1.52035
-1.52004
-1.51959
-1.51919
-1.51882
-1.51837
-1.51808
-1.51778
-1.51745
-1.51729
-1.51694
-1.51682
-1.51666
-1.51669
-1.51659
-1.51666
-1.51663
-1.51658
-1.51664
-1.51666
-1.51671
-1.51692
-1.5173
-1.51766
-1.51829
-1.51866
-1.51925
-1.5195
-1.51956
-1.5196
-1.51962
-1.51955
-1.51951
-1.51931
-1.51917
-1.51887
-1.51867
-1.51848
-1.51831
-1.51824
-1.51812
-1.51816
-1.51804
-1.5181
-1.51807
-1.51804
-1.51802
-1.51803
-1.51803
-1.5181
-1.51799
-1.51796
-1.51799
-1.51803
-1.51795
-1.51798
-1.51804
-1.51802
-1.518
-1.51802
-1.51802
-1.51798
-1.51799
-1.51797
-1.51796
-1.51797
-1.51796
-1.51799
-1.51796
-1.51799
-1.51795
-1.51797
-1.51799
-1.51799
-1.518
-1.51797
-1.51802
-1.51797
-1.51796
-1.51792
-1.51797
-1.51799
-1.518
-1.51797
-1.51805
-1.51796
-1.51798
-1.51798
-1.51794
-1.51797
-1.51795
-1.51802
-1.518
-1.51793
-1.51796
-1.51802
-1.518
-1.51789
-1.518
-1.51799
-1.518
-1.51801
-1.51799
-1.51801
-1.518
-1.51796
-1.51798
-1.51796
-1.51799
-1.51801
-1.51799
-1.51796
-1.51799
-1.51801
-1.518
-1.51799
-1.51802
-1.51801
-1.51799
-1.51801
-1.518
-1.518
-1.51801
-1.51806
-1.51798
-1.51798
-1.51799
-1.51799
-1.51801
-1.51806
-1.51807
-1.51799
-1.51805
-1.51803
-1.51802
-1.51802
-1.51799
-1.51808
-1.51804
-1.51805
-1.51802
-1.51804
-1.518
-1.51805
-1.518
-1.51808
-1.51796
-1.51804
-1.51802
-1.51805
-1.51806
-1.51802
-1.51803
-1.51797
-1.51805
-1.51876
-1.51801
-1.518
-1.51794
-1.51802
-1.51801
-1.51798
-1.51798
-1.51794
-1.51794
-1.518
-1.51792
-1.51793
-1.51794
-1.51799
-1.51791
-1.51797
-1.51787
-1.51794
-1.51792
-1.51791
-1.51792
-1.51797
-1.51782
-1.51793
-1.51796
-1.51791
-1.51795
-1.51796
-1.51789
-1.51793
-1.51793
-1.5179
-1.51795
-1.51788
-1.51792
-1.51793
-1.51789
-1.51794
-1.5179
-1.51791
-1.51789
-1.51788
-1.51792
-1.51788
-1.51788
-1.5179
-1.51792
-1.51792
-1.51792
-1.51794
-1.51795
-1.51793
-1.51795
-1.51792
-1.51788
-1.5179
-1.51794
-1.51791
-1.51787
-1.51792
-1.51784
-1.51792
-1.51789
-1.51795
-1.51786
-1.51796
-1.51793
-1.51793
-1.51796
-1.51795
-1.51793
-1.51793
-1.51792
-1.51793
-1.51792
-1.51792
-1.51787
-1.51789
-1.51791
-1.51787
-1.51791
-1.51791
-1.51794
-1.51794
-1.51795
-1.51792
-1.51791
-1.51794
-1.51788
-1.51794
-1.51794
-1.51791
-1.51801
-1.51795
-1.51796
-1.51798
-1.51791
-1.51784
-1.51787
-1.51787
-1.51789
-1.51776
-1.51752
-1.51735
-1.51686
-1.51656
-1.51602
-1.51532
-1.51402
-1.51278
-1.51146
-1.50995
-1.50814
-1.50652
-1.50485
-1.50335
-1.50182
-1.50005
-1.49831
-1.49625
-1.49417
-1.49198
-1.48976
-1.48748
-1.48491
-1.48226
-1.47937
-1.47633
-1.47332
-1.47022
-1.46374
-1.46031
-1.45671
-1.45288
-1.44884
-1.44447
-1.43997
-1.43531
-1.43067
-1.42575
-1.42069
-1.41572
-1.41084
-1.4059
-1.40105
-1.39637
-1.39153
-1.38667
-1.3818
-1.37667
-1.37153
-1.36622
-1.36081
-1.35534
-1.34985
-1.34429
-1.33852
-1.33247
-1.32626
-1.32017
-1.31397
-1.30771
-1.30148
-1.29503
-1.2883
-1.28146
-1.27447
-1.26727
-1.26029
-1.25313
-1.24601
-1.23887
-1.23168
-1.22425
-1.21677
-1.20913
-1.20133
-1.19342
-1.18532
-1.1687
-1.16009
-1.15148
-1.14277
-1.13416
-1.1252
-1.11615
-1.10698
-1.09783
-1.08874
-1.07975
-1.07069
-1.06184
-1.05287
-1.0439
-1.03475
-1.02559
-1.01647
-1.00748
-0.998383
-0.989453
-0.982161
-0.974882
-0.967293
-0.960395
-0.953578
-0.947559
-0.942229
-0.937121
-0.932447
-0.927812
-0.92287
-0.917648
-0.912156
-0.90693
-0.901759
-0.896944
-0.892274
-0.887721
-0.882816
-0.877999
-0.87288
-0.867626
-0.862565
-0.857168
-0.851657
-0.846163
-0.840671
-0.835484
-0.824641
-0.818866
-0.812842
-0.806231
-0.799404
-0.792256
-0.784623
-0.776624
-0.768402
-0.760066
-0.751621
-0.742895
-0.734386
-0.725962
-0.717815
-0.709283
-0.701399
-0.693352
-0.685428
-0.677472
-0.669699
-0.661976
-0.654326
-0.646718
-0.63904
-0.631586
-0.624237
-0.616853
-0.609075
-0.600913
-0.592056
-0.582902
-0.573545
-0.563937
-0.554232
-0.54428
-0.534019
-0.523686
-0.513374
-0.503183
-0.492666
-0.482371
-0.472176
-0.462154
-0.45232
-0.432478
-0.422614
-0.413047
-0.40358
-0.394367
-0.385255
-0.376205
-0.3674
-0.35861
-0.350078
-0.341798
-0.333567
-0.32551
-0.317605
-0.309851
-0.302434
-0.295315
-0.288218
-0.281537
-0.274989
-0.268472
-0.262079
-0.255667
-0.249445
-0.243214
-0.236953
-0.230826
-0.224733
-0.218628
-0.212509
-0.20632
-0.199897
-0.193431
-0.187107
-0.180609
-0.173999
-0.167354
-0.160549
-0.153535
-0.146572
-0.139342
-0.132092
-0.124768
-0.109282
-0.10162
-0.0938905
-0.0861743
-0.0784888
-0.0706831
-0.0629558
-0.0553554
-0.0477927
-0.0403977
-0.0331464
-0.0261136
-0.0191185
-0.0124187
-0.00582815
0.000697851
0.00696557
0.0131951
0.0194438
0.0254827
0.0315138
0.0374548
0.0429843
0.0486891
0.0540369
0.0591416
0.0644088
0.069803
0.0750484
0.080208
0.0855169
0.0907951
0.096097
0.101382
0.10674
0.112075
0.117664
0.123361
0.129144
0.134981
0.140741
0.146285
0.152388
0.157441
0.168729
0.174327
0.17971
0.184884
0.190003
0.195128
0.200071
0.204501
0.208548
0.21258
0.216359
0.220092
0.223611
0.227039
0.230551
0.233902
0.237339
0.24079
0.244269
0.247763
0.251211
0.254568
0.257901
0.261438
0.264755
0.268387
0.272227
0.27623
0.280556
0.285005
0.289429
0.293953
0.298737
0.303545
0.308212
0.312836
0.317515
0.321996
0.326222
0.330383
0.334387
0.338235
0.342181
0.346219
0.354121
0.358066
0.36191
0.365878
0.369727
0.373478
0.377138
0.380844
0.384643
0.388368
0.392129
0.395794
0.399613
0.403399
0.407134
0.411045
0.414878
0.418622
0.422365
0.42608
0.42991
0.433769
0.437563
0.441558
0.4457
0.449752
0.453842
0.458014
0.462096
0.465986
0.470081
0.473942
0.477865
0.482042
0.486328
0.49066
0.495486
0.500404
0.505366
0.510252
0.515049
0.519979
0.529949
0.535068
0.540098
0.545327
0.550421
0.555587
0.560659
0.565596
0.570675
0.575747
0.581158
0.586573
0.59211
0.597432
0.602873
0.607639
0.611711
0.614748
0.617281
0.619891
0.621542
0.622898
0.624173
0.625168
0.625891
0.626518
0.627064
0.627592
0.627931
0.62819
0.628285
0.628349
0.628359
0.628433
0.628513
0.628702
0.628809
0.628937
0.62893
0.629015
0.629015
0.628985
0.628995
0.629026
0.629045
0.628919
0.629043
0.629033
0.629003
0.629018
0.62905
0.629005
0.62902
0.629034
0.629037
0.629038
0.629111
0.629078
0.629158
0.629091
0.629127
0.62914
0.629126
0.629105
0.629035
0.629068
0.629136
0.629086
0.629116
0.629092
0.629083
0.629098
0.629092
0.629115
0.629061
0.629064
0.629072
0.629058
0.629075
0.629118
0.629142
0.629058
0.629141
0.629065
0.629096
0.628997
0.628991
0.62905
0.629012
0.629006
0.62901
0.629013
0.628951
0.629014
0.629015
0.629041
0.62901
0.628983
0.629009
0.628948
0.629066
0.628996
0.629024
0.629047
0.629017
0.629071
0.629048
0.629031
0.629033
0.629096
0.629137
0.629191
0.629231
0.629284
0.629239
0.629218
0.629227
0.629285
0.629289
0.629296
0.629307
0.62929
0.629277
0.629289
0.629365
0.629338
0.629294
0.629287
0.629283
0.629296
0.629285
0.629272
0.629264
0.629174
0.629118
0.629122
0.629047
0.629
0.629086
0.62909
0.629047
0.629031
0.629061
0.629083
0.629108
0.629217
0.629248
0.629315
0.629278
0.629295
0.629399
0.629351
0.629365
0.629394
0.629276
0.629338
0.62933
0.629305
0.629315
0.629297
0.629355
0.629333
0.629365
0.629332
0.629287
0.629327
0.629395
0.62935
