0.00595384
0.0112086
0.013001
0.0107933
-0.000711759
-0.024206
0.0131996
0.00989885
0.00605047
0.00304768
0.000401665
-0.00627979
-0.00042129
0.0201227
0.020041
0.00745028
-0.00533313
0.0220151
-0.0100167
-0.0257984
0.0154612
0.002446
0.0170987
0.00696108
-0.0137111
0.00233913
0.0138143
0.00661011
0.022367
0.00645457
-0.00494888
0.0030134
-0.00831565
0.00114981
-0.00441323
-0.00708908
-0.00787848
-0.00158905
-0.00217255
0.000796044
-0.00270671
-0.0210862
-0.00834152
-0.000732346
0.0060272
0.00191457
0.00259096
0.0163724
0.0229725
-0.00380537
-0.000554556
-0.00290028
-0.00629795
0.021671
0.00800254
0.0209856
-0.00412583
-0.0171299
-0.0107225
9.16575e-05
0.024303
0.0134483
-0.00388815
-0.00101444
0.00236497
-0.00533568
-0.0037816
0.00984399
-0.0224992
0.0304936
-0.0157729
0.0078191
0.00298437
-0.0159335
-0.0186635
0.0141664
0.0173291
-0.0162551
-0.00413938
-0.0200902
0.0062127
0.0144906
0.0208227
-0.0209979
0.0134085
0.00347156
0.0140365
0.000516871
0.0103164
-0.000253526
0.00143953
0.016296
-0.00240298
-0.00236512
0.0138525
-0.000731897
-0.000720013
-0.0118004
0.00889303
0.0240587
-0.0162151
-0.0110012
0.00315889
0.00240508
-0.000626759
-0.0053597
0.00195972
0.00908543
0.00104443
0.00122553
0.000552094
0.0083935
-0.0184074
0.00413464
0.0137453
-0.001692
-0.0161831
-0.0108608
-0.00455833
-0.0045798
0.0202412
-0.00364036
0.0108965
-0.016045
-0.00786125
-0.0156844
0.00645117
-0.0029709
0.00171573
0.0055415
-0.00133189
-0.00807544
-0.00843749
-0.0010851
0.0116337
0.0123635
-0.00326472
-0.00403253
-0.0152879
0.00522198
0.00827209
-0.00812626
-0.00204735
-0.00844678
0.00222952
0.0301699
0.000742642
-0.00219546
0.0224555
0.00551538
-0.00769387
0.00927264
-0.00695075
-0.00540459
-0.009905
0.0010612
-0.00288549
-0.0041162
0.0145514
-0.018346
0.00182013
-0.019083
0.0138186
0.00429477
0.000604503
0.01004
0.00546669
-0.0106516
0.0232429
0.00802962
0.0261774
0.0240365
0.0214256
0.00756827
0.0218525
-0.00866704
0.00925707
-0.0127466
0.0194235
0.0134396
-0.0168516
0.00213139
0.00841971
-0.00737177
0.0143087
0.0198103
0.0052622
0.0147847
0.00377489
-0.000136735
0.00247518
-0.0187194
-0.0053955
0.0174696
-0.00402544
-0.0022335
-0.00768376
-0.00718586
0.001006
0.00317602
0.00593945
-0.00239303
0.0128957
-0.0095129
-0.0072971
0.0175768
0.00205052
-0.00340704
0.00951147
-0.0191404
0.0151719
-0.00302242
0.00415954
0.014461
-0.0271697
-0.0152024
-0.0210835
-0.0188611
0.0153267
-0.00330723
0.00748033
0.00985296
0.00959108
0.0125371
0.0168749
-0.00954642
-0.0231873
-0.00124067
0.00538938
-0.00621682
0.0160232
0.00139755
-0.0326802
0.00531787
-0.0155945
0.00361559
-0.00599922
0.0269352
0.0147464
0.00509454
-0.0115864
0.0119405
-0.0146293
-0.0112467
0.00873859
0.00283532
-0.0107028
0.0177579
-0.00899683
-0.00746206
0.0051546
-0.0175509
-0.0219026
-0.0137979
0.0102109
0.0179633
0.0187412
-0.0106952
-0.0217306
-0.0156734
0.00170948
0.0159554
-0.0093087
0.000177934
-0.000691226
0.00747848
-0.0127488
0.00505109
-0.00447843
-0.0187776
0.00549418
8.43653e-05
0.0399209
0.0262974
0.00787341
0.00133268
0.00319342
0.0280584
-0.0173964
0.0083607
-0.00694292
0.0165077
0.0103671
0.0201017
0.0284584
0.0783841
0.0600808
0.0921976
0.115869
0.122482
0.113648
0.100145
0.15162
0.132318
0.104051
0.120272
0.115949
0.122643
0.100933
0.117968
0.146177
0.11254
0.125639
0.110028
0.0925144
0.0913438
0.0893769
0.0844279
0.0809371
0.0870007
0.074913
0.0603176
0.0632438
0.0529051
0.0540039
0.0529171
0.0668928
0.0773421
0.077231
0.0620699
0.0915749
0.0774034
0.0717125
0.114097
0.0933029
0.08507
0.103266
0.131133
0.0937484
0.096311
0.106292
0.126998
0.125012
0.0951818
0.146589
0.121154
0.117065
0.169492
0.11521
0.141641
0.142356
0.183438
0.121359
0.190618
0.188828
0.199084
0.19541
0.193961
0.219423
0.203273
0.194839
0.237905
0.217459
0.20934
0.191948
0.141116
0.146709
0.140049
0.124271
0.10921
0.127441
0.128235
0.112212
0.136303
0.165697
0.13859
0.141145
0.163855
0.144781
0.149624
0.177987
0.173711
0.200553
0.211238
0.176549
0.204714
0.191192
0.177859
0.178365
0.184398
0.144784
0.141937
0.151142
0.166382
0.135339
0.129593
0.144067
0.134836
0.12642
0.1671
0.139329
0.163695
0.170005
0.162526
0.187906
0.173665
0.174518
0.192256
0.183796
0.163473
0.18641
0.17188
0.146531
0.143589
0.135607
0.150191
0.122017
0.123777
0.153368
0.154923
0.168355
0.208107
0.219864
0.181291
0.242612
0.213658
0.229381
0.261444
0.23548
0.269296
0.272047
0.249943
0.29066
0.288115
0.304424
0.269296
0.322784
0.288333
0.321984
0.2996
0.336082
0.341588
0.343869
0.360872
0.351163
0.363656
0.29473
0.315335
0.29832
0.304084
0.30302
0.284775
0.26721
0.280128
0.257895
0.272472
0.270489
0.250399
0.282378
0.236578
0.205948
0.237186
0.232028
0.23519
0.233013
0.235638
0.208707
0.199381
0.228355
0.162653
0.173451
0.163061
0.138719
0.093111
0.0761487
0.0419359
0.0179882
-0.0108575
-0.000400178
0.00915117
-0.00812097
0.00971721
0.0540429
0.0954407
0.157667
0.167385
0.231028
0.23668
0.254625
0.292861
0.305238
0.316589
0.327065
0.306316
0.259294
0.248923
0.218357
0.164309
0.139252
0.0865367
0.0691756
0.0592582
0.00443761
-0.0190005
-0.0133681
-0.0507086
-0.0390425
-0.0503629
-0.0277235
-0.0333833
-0.0374986
-0.03936
-0.0421098
-0.0293586
-0.0412707
-0.0217222
-0.0340282
-0.0222552
-0.0131656
-0.0372245
-0.0669512
-0.0890733
-0.122448
-0.126346
-0.132494
-0.138303
-0.143713
-0.164112
-0.168845
-0.207036
-0.210687
-0.190873
-0.237434
-0.227541
-0.247892
-0.234364
-0.260328
-0.282988
-0.332598
-0.252275
-0.332552
-0.321425
-0.317084
-0.304853
-0.322903
-0.319722
-0.320273
-0.300838
-0.301678
-0.290759
-0.292033
-0.280099
-0.253173
-0.258275
-0.249537
-0.248754
-0.240872
-0.25057
-0.231196
-0.245266
-0.225138
-0.223827
-0.227301
-0.225086
-0.241785
-0.2042
-0.274466
-0.266675
-0.301186
-0.300285
-0.283848
-0.336285
-0.379159
-0.397796
-0.392229
-0.423724
-0.458867
-0.473144
-0.459741
-0.496558
-0.465341
-0.499612
-0.500817
-0.520014
-0.504307
-0.531754
-0.529243
-0.568779
-0.599941
-0.566596
-0.629709
-0.632427
-0.609415
-0.640305
-0.661176
-0.681136
-0.700411
-0.725562
-0.701756
-0.664189
-0.663921
-0.693009
-0.696175
-0.723303
-0.695797
-0.696439
-0.673896
-0.668357
-0.660424
-0.741932
-0.713583
-0.712517
-0.717817
-0.710935
-0.746478
-0.801036
-0.717276
-0.737114
-0.777401
-0.754399
-0.738762
-0.735206
-0.716505
-0.769869
-0.718044
-0.7252
-0.744349
-0.732922
-0.771855
-0.73374
-0.7626
-0.759055
-0.776808
-0.766374
-0.782943
-0.834682
-0.787365
-0.850628
-0.859351
-0.865068
-0.872596
-0.89166
-0.882742
-0.917002
-0.926329
-0.939865
-0.916228
-0.888872
-0.899841
-0.875778
-0.924549
-0.8566
-0.91061
-0.891107
-0.883326
-0.841473
-0.891846
-0.810569
-0.872088
-0.869905
-0.861176
-0.854885
-0.861427
-0.855906
-0.860761
-0.843176
-0.826049
-0.862623
-0.849562
-0.871873
-0.881795
-0.836651
-0.847093
-0.876517
-0.838859
-0.854714
-0.853684
-0.83591
-0.837809
-0.843666
-0.834783
-0.819169
-0.83013
-0.806316
-0.881098
-0.840488
-0.92901
-0.876667
-0.945812
-0.879027
-0.95419
-0.905934
-0.901979
-0.870618
-0.874727
-0.867289
-0.865095
-0.896891
-0.868836
-0.882159
-0.881756
-0.822105
-0.861739
-0.781049
-0.772964
-0.778349
-0.778349
-0.784583
-0.822176
-0.777582
-0.828969
-0.808199
-0.766406
-0.815232
-0.790943
-0.74766
-0.727307
-0.789297
-0.742721
-0.731423
-0.741961
-0.724933
-0.734027
-0.729671
-0.714644
-0.674369
-0.694379
-0.703053
-0.709781
-0.715017
-0.72749
-0.709241
-0.726134
-0.690678
-0.710799
-0.710195
-0.725488
-0.728196
-0.748579
-0.752234
-0.737701
-0.748145
-0.752486
-0.721633
-0.751791
-0.741323
-0.74963
-0.751153
-0.732122
-0.777293
-0.771062
-0.698134
-0.766843
-0.680013
-0.669207
-0.702731
-0.67307
-0.663511
-0.703415
-0.661887
-0.680142
-0.652255
-0.612306
-0.661517
-0.675087
-0.664216
-0.673117
-0.682693
-0.63686
-0.656768
-0.667827
-0.6877
-0.705836
-0.68548
-0.668953
-0.661372
-0.70434
-0.716022
-0.721509
-0.744696
-0.691866
-0.714734
-0.723672
-0.702088
-0.715618
-0.697443
-0.684815
-0.662104
-0.664307
-0.700765
-0.680843
-0.661457
-0.66039
-0.665671
-0.64934
-0.646683
-0.661713
-0.639266
-0.643603
-0.668893
-0.638782
-0.660368
-0.656066
-0.622036
-0.645234
-0.66401
-0.643629
-0.660302
-0.603264
-0.593307
-0.595636
-0.574605
-0.547538
-0.587702
-0.568863
-0.533053
-0.497606
-0.52407
-0.445674
-0.484321
-0.49217
-0.483931
-0.409446
-0.420424
-0.433053
-0.41308
-0.415178
-0.434961
-0.44774
-0.444825
-0.477269
-0.510518
-0.491269
-0.451975
-0.477161
-0.510052
-0.512941
-0.505564
-0.479951
-0.475201
-0.507842
-0.505226
-0.506563
-0.526201
-0.483627
-0.490056
-0.515952
-0.533327
-0.498954
-0.512954
-0.483474
-0.494668
-0.488269
-0.51653
-0.471708
-0.440016
-0.468895
-0.450153
-0.486686
-0.472266
-0.41632
-0.392144
-0.39275
-0.391885
-0.334014
-0.311542
-0.343917
-0.31638
-0.343945
-0.326231
-0.381483
-0.388239
-0.401898
-0.408522
-0.35516
-0.416965
-0.365226
-0.429104
-0.435608
-0.408973
-0.434504
-0.437314
-0.417396
-0.443154
-0.46308
-0.402052
-0.41066
-0.426269
-0.43025
-0.418481
-0.416413
-0.468327
-0.455348
-0.455662
-0.419068
-0.387233
-0.403067
-0.341275
-0.384824
-0.402176
-0.364903
-0.407603
-0.475867
-0.479589
-0.55678
-0.606008
-0.581226
-0.604837
-0.674755
-0.67196
-0.68102
-0.727516
-0.708318
-0.690357
-0.693253
-0.675519
-0.659338
-0.635929
-0.600164
-0.63237
-0.591338
-0.619445
-0.602543
-0.587462
-0.577291
-0.563559
-0.529212
-0.508883
-0.537733
-0.531759
-0.549553
-0.510076
-0.449941
-0.437989
-0.462996
-0.466022
-0.412548
-0.4021
-0.441621
-0.398278
-0.375357
-0.335332
-0.298976
-0.289213
-0.246263
-0.277092
-0.26044
-0.293537
-0.287588
-0.260904
-0.285519
-0.309726
-0.288755
-0.288208
-0.297158
-0.258675
-0.256184
-0.25481
-0.306098
-0.259285
-0.334547
-0.362543
-0.323737
-0.357025
-0.334973
-0.342409
-0.361218
-0.354959
-0.444665
-0.458043
-0.42696
-0.463406
-0.50925
-0.495145
-0.487912
-0.450066
-0.469792
-0.464446
-0.434871
-0.419333
-0.438612
-0.411031
-0.373865
-0.341843
-0.349207
-0.29561
-0.238808
-0.214316
-0.154723
-0.0997802
-0.0409712
-0.0100079
-0.0181932
0.000492927
-0.0130913
0.0224661
0.0424777
0.0195056
0.0184734
0.00690564
0.0146211
0.0184578
-0.00090872
0.0119594
0.0144721
0.0156932
0.0174159
0.024346
-0.0132384
-0.0140513
0.000303884
0.00992109
0.000661755
0.000117489
-0.0092076
-0.0063499
0.00527259
-0.0148468
0.00827278
-0.0050188
0.00328466
0.01512
0.0443844
0.0100292
0.0373751
0.0389421
0.0562966
0.0302959
0.0207065
0.0575524
0.0201516
0.0213415
0.0302225
0.00383215
0.00953217
0.0651721
0.0702441
0.0883001
0.0606046
0.117818
0.0912848
0.110429
0.0984548
0.0907817
0.0811088
0.0860824
0.100363
0.10463
0.114594
0.103181
0.125566
0.114558
0.111966
0.104444
0.127709
0.137443
0.12864
0.146595
0.165193
0.137195
0.103129
0.173343
0.178808
0.170954
0.197529
0.222755
0.20538
0.240349
0.321839
0.390655
0.371548
0.405744
0.411297
0.375397
0.353186
0.293842
0.337021
0.276802
0.299424
0.298414
0.319606
0.293243
0.323197
0.321037
0.343492
0.349548
0.350173
0.321826
0.37291
0.330933
0.388222
0.38102
0.382106
0.417115
0.38597
0.410587
0.432121
0.413265
0.387736
0.430755
0.412047
0.383872
0.44913
0.439532
0.422849
0.416955
0.453626
0.446973
0.453752
0.453645
0.46345
0.483379
0.457159
0.453742
0.513588
0.482239
0.443579
0.446515
0.479062
0.520299
0.489293
0.468737
0.336596
0.336597
0.190952
0.156016
0.122438
0.118661
0.0866038
0.0561387
0.0395645
0.0337151
0.0405498
0.0109239
0.0037211
0.020274
0.0309907
0.0260795
0.0374663
0.042779
0.0569012
0.0693262
0.0403151
0.0371723
0.038089
0.0251883
0.00587084
0.00476201
-0.0203741
-0.00728839
-0.00594836
0.00769974
0.0157129
0.0150028
0.0221373
0.0264132
0.0372435
0.0465671
0.0293456
0.0491675
0.0447359
0.0186885
0.0489076
0.0398066
0.0300767
0.0582498
0.0163134
0.000997643
0.0191322
0.0153864
-0.0206035
0.0172005
-0.00947772
0.00904275
0.0239156
0.00350591
0.0175612
0.0154826
-0.0133183
-0.032322
-0.0331461
-0.0707365
-0.0386688
-0.055708
-0.0116526
0.00891926
0.00714508
-0.00113999
0.00249344
-0.00593764
0.0172258
-0.00509375
0.0324415
0.0158242
0.0225946
0.0153816
0.0149257
0.0109342
-0.017977
0.0100671
-0.00522337
-0.0043734
-0.0137041
0.0132362
-0.00352848
-0.00954258
-0.0203543
0.00924293
0.0216115
0.0160232
-0.00503495
0.0102613
0.00542174
-0.0190665
-0.000334135
-0.00163727
-0.0058624
-0.00957989
-0.0101893
0.00615046
0.00299448
0.0237236
-0.00406897
0.0140985
-0.00499121
0.0190039
-0.0118641
0.00216851
0.00883889
0.0019967
-0.0026311
0.00374128
0.00868849
-0.00195492
0.00765744
0.00678632
0.00480901
-0.000271311
-0.00749268
-0.0112554
0.0126359
-0.0139333
0.0027528
-0.00308795
-0.0116746
0.00276685
0.0055054
0.00904144
-0.0121836
-0.0024224
0.0173029
0.0163688
-0.0166596
0.00746999
0.0230524
-0.00153603
0.0111666
0.00869695
0.00320644
-0.0173915
-0.000117233
-0.00292089
0.0109051
0.0158828
0.0122206
0.0105797
0.00950084
-0.005748
0.0181312
-0.0174046
-0.00528003
0.00579624
-0.0047825
-0.0048256
-0.00244237
0.0115878
-0.00127028
0.00327051
-0.00249748
-0.00327037
-0.00947489
-0.000828975
0.00795408
0.00815877
0.00732716
0.00772348
-0.00577297
-0.0203187
0.015389
-0.0152661
-0.0115375
-0.00317737
-0.00743831
0.00470539
-0.0254927
-0.00415582
-0.0223372
-0.00216317
0.00288226
-0.00902664
0.00443997
-0.010181
-0.012681
0.0269443
-0.00011108
0.00145939
-0.00659888
-0.0262616
0.00957573
-0.00587509
0.00237032
0.00252801
0.0954567
-0.154908
0.130597
0.024799
-0.00912798
0.00416386
-0.00265903
-0.0161944
0.0207069
4.28297e-05
-0.00964048
0.00616636
0.00665615
0.00867202
-0.0127223
7.09854e-05
-0.0159242
0.00826122
0.0136628
0.0045436
0.00481753
0.0179107
-0.00706318
0.0357967
0.0017628
-0.00957057
0.00385542
-0.00695823
-0.0237881
0.0118136
-0.00755584
-0.00771532
-0.00401325
-0.00213368
0.016015
-0.00882948
-0.0145505
0.00912979
-0.0149331
0.00462964
0.00968033
0.00618294
0.0036714
-0.0126445
0.00105034
0.0163734
0.00371496
0.0152284
-0.00659074
-0.00326618
-0.00820132
0.00100625
0.005052
-0.0138323
-0.00998616
0.0228556
-0.000960225
-0.00720728
-0.00942992
0.0156182
-0.00953928
0.0278521
-0.00674415
0.00231351
-0.00688916
0.0228291
-0.0129749
-0.00389455
-0.0194405
-0.011584
-0.0204021
-0.00991225
-0.00199048
0.00149417
-0.000345895
0.00393341
0.000694014
0.0128363
0.013414
-0.00295657
0.0122935
0.0218411
0.00551234
0.0141403
-0.00874199
-0.0184825
4.36394e-05
0.00924818
-0.00783224
0.0261798
-0.00599477
-0.00634345
0.000896057
-0.0100118
0.0091311
0.00117646
-0.0189749
0.0142719
0.0117463
0.0189109
0.00867301
-0.00411206
0.0305647
-0.0115904
-0.00473916
0.0937309
0.0376169
0.0570723
0.0525149
0.147234
0.232411
0.157583
0.131231
0.183944
0.148122
0.181533
0.149876
0.155584
0.184903
0.182256
0.189972
0.213471
0.229316
0.235783
0.231685
0.268365
0.277013
0.307193
0.307004
0.317899
0.331948
0.346764
0.342954
0.369573
0.419775
0.399548
0.454022
0.477319
0.480332
0.461205
0.464434
0.514196
0.51034
0.507219
0.502231
0.46999
0.451237
0.488628
0.503692
0.479509
0.535369
0.535078
0.528199
0.54114
0.559841
0.572467
0.567259
0.584212
0.590693
0.627441
0.60007
0.611145
0.627345
0.624931
0.633325
0.662741
0.693918
0.702688
0.725405
0.718328
0.73651
0.726851
0.699011
0.720371
0.751219
0.761032
0.764021
0.775615
0.78046
0.829196
0.848124
0.859088
0.872913
0.889148
0.870629
0.916405
0.897358
0.920445
0.919924
0.908081
0.89058
0.893235
0.871602
0.892774
0.91171
0.916182
0.929434
0.912103
0.89415
0.885164
0.859647
0.681141
0.716716
0.71429
0.712935
0.627183
0.523048
0.488668
0.50144
0.456591
0.502671
0.495589
0.516047
0.557947
0.52356
0.521283
0.506013
0.455056
0.428801
0.511507
0.496581
0.527043
0.526503
0.514122
0.518569
0.500874
0.535345
0.543534
0.527886
0.552941
0.5678
0.597394
0.657575
0.708564
0.751024
0.796052
0.783679
0.875657
0.826262
0.842601
0.86178
0.860178
0.842315
0.814845
0.862947
0.789232
0.793008
0.7942
0.781501
0.779793
0.770187
0.739172
0.776246
0.779762
0.763939
0.741885
0.751427
0.79505
0.820962
0.920004
0.939132
0.938017
0.956078
0.971268
1.01736
1.0535
1.01891
1.02378
1.03842
1.03822
1.00243
1.01405
1.02096
0.972951
0.98448
0.956279
0.964998
0.9289
0.934491
0.89832
0.891364
0.872253
0.908441
0.846516
0.823205
0.82005
0.794972
0.792775
0.794205
0.755176
0.696061
0.69097
0.638623
0.646732
0.650405
0.641495
0.651865
0.642213
0.642634
0.622541
0.644455
0.631027
0.634034
0.624613
0.637648
0.642603
0.648607
0.625694
0.636475
0.670436
0.663101
0.674191
0.71033
0.681287
0.705396
0.723224
0.731754
0.81119
0.77846
0.754309
0.751186
0.758252
0.763189
0.763732
0.746367
0.746471
0.733405
0.692048
0.678137
0.70875
0.662406
0.646026
0.653022
0.613553
0.622453
0.620552
0.604421
0.601532
0.618902
0.565829
0.555569
0.526922
0.482339
0.490239
0.515581
0.524441
0.516713
0.54713
0.541384
0.523271
0.549719
0.545572
0.507975
0.575827
0.594087
0.567667
0.585042
0.593046
0.5382
0.561878
0.564533
0.572029
0.571006
0.554006
0.529869
0.523514
0.490786
0.475438
0.417236
0.395797
0.401442
0.372693
0.377361
0.341245
0.3431
0.344058
0.335091
0.352091
0.33433
0.362029
0.357929
0.366649
0.35312
0.31833
0.375795
0.360643
0.368146
0.388416
0.400796
0.429165
0.46684
0.466921
0.434642
0.45443
0.504221
0.494543
0.436089
0.448997
0.445412
0.413944
0.400157
0.393274
0.385907
0.38014
0.396135
0.395793
0.377048
0.35983
0.393665
0.383417
0.377847
0.381313
0.366468
0.408735
0.397026
0.375568
0.361527
0.354792
0.384505
0.380393
0.397719
0.403903
0.377102
0.363058
0.386947
0.389269
0.413001
0.386868
0.40053
0.441813
0.41706
0.385031
0.41946
0.41331
0.355877
0.398341
0.422992
0.372357
0.440805
0.456736
0.4193
0.486127
0.504967
0.508006
0.499934
0.468358
0.477964
0.507168
0.524041
0.505122
0.48605
0.508281
0.504794
0.506203
0.521704
0.534606
0.506241
0.526733
0.526868
0.565873
0.528931
0.571082
0.504621
0.357844
0.271663
0.242705
0.240152
0.148497
0.116487
0.115485
0.0845087
0.0645424
0.051876
0.0527301
0.0709287
0.0372825
0.0177985
0.0180285
0.0069739
0.0119734
0.0153264
-0.00134744
0.0165514
0.0096331
0.0194213
0.0132987
0.0165312
-0.00555
-0.0186655
-0.0205227
-0.00251891
0.00511686
-0.0269393
-0.00909166
0.0206557
-0.0137255
0.00705045
0.0216576
-0.0056198
0.00410508
0.00744137
-0.00697167
-0.00736569
0.00181667
0.00574806
0.00920174
-0.0138536
0.0018515
0.00403328
0.00720141
0.00861262
-0.0113951
-0.0107392
0.00903057
-0.0186816
-0.00327481
0.00252554
-0.0064949
0.00839299
9.08952e-05
0.0154893
-0.0061099
-0.00905862
0.0100692
-0.0092042
0.00481264
0.0199108
0.0362538
0.00067478
0.0244145
0.0170304
0.0189928
-0.0149337
-0.0148153
-0.00146966
-0.0068207
-0.00119402
-0.000984555
0.00154166
-0.0205971
-0.00437928
0.00577308
-0.00670574
-0.00105258
-0.0165474
0.00133089
-0.0261167
0.00689365
-0.0156098
0.0079389
0.00495366
0.00371472
0.0184621
0.00549752
0.00411192
0.000937132
0.0144093
0.00362195
-0.00251104
0.00605032
0.0173651
0.0152879
-0.0281377
-0.0158437
0.00366795
0.00017385
-2.04649e-05
-0.0129626
-0.0115816
-0.014751
-0.0173865
0.0164611
0.00179324
-0.00815189
-0.0117939
-0.00398795
-0.00543151
-0.0120467
0.000995123
-0.0123371
-0.00722746
-0.0185805
-0.0239896
-0.0237538
-0.00610256
0.0135493
0.0121041
0.000908182
0.00711032
-0.00335787
-0.0059622
-0.00104631
0.00209577
-0.00983495
0.018389
-0.0148931
-0.00985344
0.0161539
-0.0219147
0.0041413
0.0111123
-0.0287853
0.00330905
-0.0133868
-0.00735729
-0.00872614
-0.0076337
0.0112331
0.00549889
0.0157206
0.000386067
-0.0191323
-0.00690482
0.0130684
0.00749598
