0.586576
0.586557
0.586638
0.58662
0.586621
0.586613
0.58661
0.586617
0.586592
0.586606
0.586611
0.586601
0.586603
0.58661
0.586637
0.586651
0.586585
0.586624
0.586607
0.586587
0.586582
0.586579
0.586576
0.586586
0.586636
0.586626
0.586599
0.586577
0.586597
0.586646
0.586661
0.586596
0.58656
0.586618
0.586626
0.586608
0.586631
0.586627
0.586612
0.586594
0.586611
0.586587
0.586607
0.586593
0.586679
0.586638
0.58663
0.586609
0.586615
0.586595
0.586602
0.58663
0.586658
0.586598
0.586618
0.586631
0.586627
0.586591
0.586637
0.58665
0.586645
0.586593
0.586677
0.586621
0.58663
0.586687
0.586649
0.586688
0.586665
0.586607
0.586625
0.58666
0.586643
0.586653
0.586702
0.586723
0.586679
0.586583
0.586687
0.586681
0.586728
0.586645
0.58668
0.586677
0.586712
0.586677
0.586665
0.58676
0.586745
0.586647
0.58673
0.586674
0.58674
0.586701
0.58672
0.586797
0.5867
0.586673
0.58678
0.58679
0.586785
0.58683
0.586784
0.586785
0.586768
0.586774
0.586797
0.586786
0.58681
0.586779
0.586845
0.586797
0.586829
0.586807
0.58681
0.58679
0.58681
0.586932
0.586803
0.586796
0.586828
0.586822
0.586817
0.58686
0.586877
0.586846
0.58685
0.586768
0.586819
0.586815
0.586839
0.586825
0.586826
0.586851
0.586842
0.586843
0.58685
0.586855
0.586842
0.586862
0.586868
0.586828
0.586891
0.586896
0.586887
0.586878
0.586815
0.586907
0.586898
0.586883
0.586875
0.586878
0.586848
0.586826
0.586886
0.586855
0.586835
0.586881
0.586866
0.5869
0.586911
0.586856
0.586899
0.586916
0.586881
0.586934
0.586812
0.586716
0.58675
0.586739
0.586742
0.586771
0.586728
0.586758
0.586793
0.586765
0.58664
0.586557
0.5865
0.586552
0.586593
0.586612
0.58668
0.58664
0.586629
0.586592
0.586664
0.586652
0.586629
0.586567
0.586665
0.586641
0.586668
0.586547
0.586599
0.586583
0.586661
0.586618
0.586638
0.586614
0.586621
0.586638
0.586637
0.586639
0.586545
0.586602
0.586616
0.586516
0.5866
0.586574
0.586596
0.586532
0.586502
0.586566
0.586594
0.586615
0.586601
0.586626
0.586601
0.586544
0.586612
0.586614
0.586662
0.586657
0.586627
0.58664
0.586622
0.586633
0.586662
0.586607
0.586641
0.58664
0.586609
0.586653
0.586657
0.586646
0.586587
0.586631
0.58657
0.58661
0.58658
0.586555
0.58665
0.586661
0.586601
0.586634
0.586603
0.586608
0.586647
0.586626
0.586653
0.586638
0.586575
0.586545
0.586601
0.586633
0.586611
0.586629
0.586578
0.586603
0.586651
0.586623
0.58659
0.586607
0.586464
0.586462
0.586461
0.586624
0.586708
0.586822
0.586555
0.586215
0.585757
0.585749
0.585659
0.58569
0.585587
0.585405
0.585295
0.585236
0.585061
0.585044
0.585014
0.584896
0.584745
0.584597
0.58452
0.584301
0.584248
0.584098
0.583952
0.583746
0.583534
0.58321
0.582882
0.582527
0.582106
0.581746
0.581511
0.581283
0.581216
0.581164
0.58117
0.581114
0.581138
0.581069
0.580998
0.580981
0.581015
0.581003
0.581014
0.581006
0.580935
0.580715
0.580713
0.580453
0.580329
0.580238
0.579986
0.579757
0.579504
0.579222
0.578892
0.578431
0.578059
0.577744
0.577508
0.577326
0.577172
0.577127
0.577046
0.576975
0.576972
0.576917
0.576855
0.576781
0.57655
0.576307
0.576066
0.575737
0.575279
0.574757
0.574019
0.573237
0.57239
0.571549
0.570768
0.569892
0.568835
0.5677
0.566502
0.56521
0.564052
0.562764
0.561542
0.560142
0.557695
0.556403
0.554883
0.55317
0.551476
0.549757
0.548438
0.547087
0.54538
0.542926
0.540489
0.537798
0.534879
0.531904
0.528511
0.525139
0.52157
0.517755
0.514018
0.510037
0.506042
0.502195
0.498273
0.494359
0.490679
0.486908
0.483565
0.480054
0.476842
0.473345
0.469724
0.466005
0.462184
0.458477
0.454736
0.450746
0.446887
0.442969
0.439029
0.435181
0.431262
0.427311
0.423682
0.420037
0.416595
0.409402
0.40567
0.40188
0.398129
0.394201
0.390313
0.386427
0.382468
0.378522
0.374521
0.370428
0.36663
0.362713
0.359001
0.355477
0.351787
0.348389
0.344551
0.340577
0.336431
0.331977
0.327675
0.323293
0.318866
0.314288
0.309868
0.305481
0.300994
0.29652
0.292315
0.288283
0.28379
0.279287
0.274787
0.270299
0.265612
0.261053
0.2566
0.252245
0.243613
0.239646
0.235618
0.231685
0.227901
0.224083
0.220161
0.216104
0.211894
0.207767
0.203716
0.199558
0.195416
0.191209
0.187069
0.182994
0.179026
0.175141
0.17124
0.167553
0.164042
0.160486
0.156605
0.15272
0.148695
0.144774
0.140759
0.136579
0.132497
0.128278
0.123803
0.119324
0.114486
0.109401
0.104294
0.098657
0.09253
0.0857139
0.0784979
0.0712063
0.0635309
0.0558876
0.0402161
0.0325906
0.0249426
0.0171196
0.00914609
0.00112325
-0.00687659
-0.0146836
-0.0222989
-0.0299266
-0.0376683
-0.0457165
-0.0534449
-0.0609667
-0.068276
-0.0753334
-0.0819273
-0.0883934
-0.0948855
-0.101776
-0.108528
-0.115425
-0.122343
-0.129287
-0.136307
-0.143316
-0.150539
-0.157847
-0.165405
-0.17295
-0.180579
-0.18815
-0.195761
-0.203295
-0.210672
-0.21818
-0.225954
-0.233718
-0.24153
-0.249125
-0.256867
-0.271524
-0.278784
-0.286503
-0.294253
-0.301687
-0.309228
-0.316554
-0.32385
-0.330967
-0.338052
-0.345337
-0.352927
-0.360457
-0.368155
-0.375953
-0.38367
-0.391128
-0.398808
-0.4066
-0.414471
-0.422377
-0.430355
-0.438029
-0.445527
-0.45279
-0.460072
-0.467469
-0.475068
-0.482698
-0.490376
-0.498167
-0.505794
-0.51321
-0.520634
-0.52797
-0.535572
-0.543187
-0.550539
-0.557803
-0.564776
-0.571689
-0.584683
-0.591219
-0.597747
-0.604369
-0.610893
-0.617496
-0.624101
-0.630565
-0.636774
-0.643015
-0.649454
-0.656111
-0.662743
-0.669355
-0.676107
-0.682753
-0.689287
-0.695674
-0.702114
-0.708551
-0.715324
-0.722141
-0.728988
-0.735919
-0.742852
-0.749704
-0.756484
-0.763201
-0.770027
-0.777139
-0.784451
-0.791851
-0.799272
-0.806633
-0.813966
-0.821185
-0.828357
-0.835696
-0.843265
-0.851088
-0.858676
-0.866506
-0.881985
-0.889628
-0.897564
-0.905959
-0.914255
-0.922704
-0.93123
-0.939496
-0.947613
-0.955859
-0.964253
-0.972778
-0.98142
-0.990032
-0.998471
-1.00686
-1.01517
-1.02366
-1.03237
-1.04119
-1.05012
-1.05865
-1.06711
-1.07559
-1.08394
-1.09258
-1.10127
-1.10974
-1.1181
-1.12635
-1.13424
-1.14214
-1.15012
-1.15813
-1.16617
-1.17425
-1.18217
-1.18976
-1.19714
-1.20473
-1.21234
-1.22009
-1.22764
-1.23519
-1.24244
-1.25638
-1.26306
-1.26988
-1.27671
-1.2836
-1.29052
-1.29732
-1.30402
-1.31042
-1.31655
-1.32265
-1.32872
-1.33527
-1.34171
-1.34801
-1.35434
-1.36067
-1.36691
-1.37283
-1.37837
-1.3837
-1.38914
-1.39448
-1.39965
-1.40498
-1.41013
-1.4151
-1.41986
-1.42456
-1.42916
-1.43369
-1.43831
-1.44301
-1.44782
-1.45275
-1.45756
-1.46247
-1.46729
-1.47184
-1.47646
-1.48118
-1.486
-1.49054
-1.49495
-1.49932
-1.50377
-1.51276
-1.51736
-1.52202
-1.52656
-1.53103
-1.53568
-1.54043
-1.5451
-1.54974
-1.55435
-1.55895
-1.56354
-1.56807
-1.57287
-1.57783
-1.58279
-1.58782
-1.59296
-1.59797
-1.60297
-1.60794
-1.61272
-1.6174
-1.62229
-1.62716
-1.6323
-1.6375
-1.6429
-1.64838
-1.65391
-1.65957
-1.66516
-1.67072
-1.67646
-1.68137
-1.68747
-1.69298
-1.69871
-1.70472
-1.71082
-1.71714
-1.72348
-1.72954
-1.74072
-1.74583
-1.75088
-1.75587
-1.76088
-1.76577
-1.77047
-1.77514
-1.77996
-1.78464
-1.78898
-1.79288
-1.79721
-1.80134
-1.80533
-1.80959
-1.81417
-1.81851
-1.82287
-1.82722
-1.83149
-1.83568
-1.83964
-1.84424
-1.84827
-1.85228
-1.85638
-1.86005
-1.86386
-1.86761
-1.87108
-1.87419
-1.87694
-1.87943
-1.88197
-1.88413
-1.88626
-1.88806
-1.88964
-1.89222
-1.89329
-1.89429
-1.89517
-1.89626
-1.89746
-1.89851
-1.89986
-1.90102
-1.9023
-1.90352
-1.90472
-1.90616
-1.9079
-1.90972
-1.91169
-1.91328
-1.91449
-1.9154
-1.91633
-1.9168
-1.91695
-1.9169
-1.91689
-1.9169
-1.91693
-1.91687
-1.91692
-1.91688
-1.9169
-1.91694
-1.91697
-1.91697
-1.91691
-1.91693
-1.91699
-1.91695
-1.91692
-1.91698
-1.91699
-1.91694
-1.91695
-1.91695
-1.91698
-1.91695
-1.91698
-1.91699
-1.91696
-1.91696
-1.91698
-1.91692
-1.91694
-1.91695
-1.91694
-1.91698
-1.91707
-1.91706
-1.91707
-1.91721
-1.91739
-1.91773
-1.91819
-1.9184
-1.91876
-1.91937
-1.92005
-1.92097
-1.92254
-1.92443
-1.92709
-1.93004
-1.93294
-1.9365
-1.93943
-1.94026
-1.94054
-1.94054
-1.94054
-1.94055
-1.9406
-1.94057
-1.94059
-1.9406
-1.94056
-1.9406
-1.94059
-1.94055
-1.94056
-1.94061
-1.9406
-1.94059
-1.94059
-1.94064
-1.94062
-1.94062
-1.94063
-1.94061
-1.94062
-1.94059
-1.94056
-1.9406
-1.94063
-1.9406
-1.94059
-1.94064
-1.94075
-1.94077
-1.94085
-1.94084
-1.94084
-1.94082
-1.9408
-1.94081
-1.94076
-1.94059
-1.94062
-1.94065
-1.94067
-1.9406
-1.94063
-1.94062
-1.94065
-1.94063
-1.94061
-1.94058
-1.94062
-1.94062
-1.94066
-1.94066
-1.94068
-1.94064
-1.94058
-1.94067
-1.94068
-1.94063
-1.94067
-1.94063
-1.94067
-1.94059
-1.94059
-1.94064
-1.94064
-1.94063
-1.94062
-1.94059
-1.94054
-1.94062
-1.94066
-1.94063
-1.94058
-1.94062
-1.94062
-1.9406
-1.94057
-1.94054
-1.94056
-1.94058
-1.94058
-1.94051
-1.94052
-1.9404
-1.94043
-1.94041
-1.94039
-1.94041
-1.94036
-1.94038
-1.94032
-1.94031
-1.94034
-1.94042
-1.94034
-1.94035
-1.94037
-1.9403
-1.94018
-1.93989
-1.93925
-1.93876
-1.9384
-1.93812
-1.93783
-1.93727
-1.93659
-1.93577
-1.9349
-1.93419
-1.93334
-1.93272
-1.93229
-1.93202
-1.93161
-1.93141
-1.93107
-1.93058
-1.92998
-1.92919
-1.92848
-1.92773
-1.92701
-1.9262
-1.92528
-1.92411
-1.92301
-1.92205
-1.92093
-1.91964
-1.91835
-1.91704
-1.91628
-1.91475
-1.91376
-1.91232
-1.91026
-1.90742
-1.90414
-1.90081
-1.89723
-1.89354
-1.88952
-1.88571
-1.88199
-1.87813
-1.87429
-1.87034
-1.86651
-1.86275
-1.85899
-1.85527
-1.85157
-1.84805
-1.84482
-1.84176
-1.83933
-1.83668
-1.83411
-1.83159
-1.8285
-1.8255
-1.82209
-1.8185
-1.81484
-1.81076
-1.80671
-1.80248
-1.79811
-1.79361
-1.78869
-1.78415
-1.77967
-1.77126
-1.76677
-1.76224
-1.75777
-1.75329
-1.74871
-1.74393
-1.73933
-1.73468
-1.73015
-1.72556
-1.72134
-1.71718
-1.71324
-1.70913
-1.70509
-1.70044
-1.69564
-1.6905
-1.68546
-1.67999
-1.6744
-1.66863
-1.66286
-1.65726
-1.65193
-1.64672
-1.64151
-1.63623
-1.631
-1.62569
-1.62047
-1.61559
-1.61061
-1.60567
-1.60044
-1.59528
-1.59007
-1.58496
-1.57998
-1.57439
-1.56923
-1.56389
-1.55415
-1.54915
-1.54411
-1.53916
-1.53423
-1.52929
-1.52469
-1.51998
-1.51521
-1.5101
-1.50495
-1.49978
-1.49485
-1.49007
-1.48542
-1.48086
-1.47659
-1.47245
-1.46854
-1.46453
-1.46074
-1.45635
-1.45194
-1.44752
-1.44295
-1.43834
-1.43368
-1.42922
-1.42464
-1.42029
-1.41608
-1.41207
-1.408
-1.40393
-1.39968
-1.3955
-1.39101
-1.38636
-1.38148
-1.37638
-1.36856
-1.36815
-1.3616
-1.35889
-1.3566
-1.35444
-1.35252
-1.35118
-1.35004
-1.34861
-1.34743
-1.34643
-1.3456
-1.34449
-1.34351
-1.34242
-1.34151
-1.34089
-1.3403
-1.33956
-1.33873
-1.33807
-1.33733
-1.33674
-1.33577
-1.33534
-1.33474
-1.33395
-1.33325
-1.33278
-1.33225
-1.33175
-1.33105
-1.33062
-1.33018
-1.32982
-1.32946
-1.329
-1.32867
-1.32832
-1.32801
-1.32795
-1.32786
-1.3279
-1.32792
-1.32811
-1.32843
-1.32888
-1.32934
-1.32999
-1.33077
-1.33167
-1.33283
-1.33461
-1.33692
-1.33963
-1.34273
-1.34616
-1.3507
-1.35733
-1.36462
-1.37147
-1.37735
-1.3821
-1.38556
-1.38748
-1.38831
-1.38818
-1.38763
-1.38692
-1.38616
-1.38562
-1.38556
-1.38559
-1.38576
-1.38608
-1.38654
-1.38696
-1.38751
-1.38778
-1.38799
-1.38807
-1.38803
-1.38803
-1.388
-1.38786
-1.38785
-1.38778
-1.38783
-1.38778
-1.38787
-1.38794
-1.38798
-1.38802
-1.38817
-1.38808
-1.38815
-1.38813
-1.38807
-1.3881
-1.38802
-1.38804
-1.38795
-1.38789
-1.38782
-1.38765
-1.38767
-1.38774
-1.38783
-1.38796
-1.38803
-1.3881
-1.38808
-1.38808
-1.38798
-1.38796
-1.38787
-1.3878
-1.38784
-1.38776
-1.38788
-1.3878
-1.38791
-1.38783
-1.38791
-1.38783
-1.38786
-1.38788
-1.38785
-1.38784
-1.38783
-1.38783
-1.38784
-1.38777
-1.38781
-1.38783
-1.38781
-1.38776
-1.38765
-1.38766
-1.38764
-1.38767
-1.38772
-1.38775
-1.38789
-1.38793
-1.38794
-1.38796
-1.38785
-1.38787
-1.3878
-1.38773
-1.38768
-1.38766
-1.38762
-1.38759
-1.38757
-1.38757
-1.38758
-1.38762
-1.3876
-1.38763
-1.38759
-1.38762
-1.38732
-1.38726
-1.38741
-1.38745
-1.38748
-1.38739
-1.38714
-1.38714
-1.38725
-1.38758
-1.38791
-1.38847
-1.38854
-1.38901
-1.38926
-1.38935
-1.3894
-1.38929
-1.38914
-1.3889
-1.38872
-1.38858
-1.38862
-1.38878
-1.38913
-1.38935
-1.38909
-1.38943
-1.3894
-1.38939
-1.38947
-1.38944
-1.38951
-1.38947
-1.38942
-1.38945
-1.38951
-1.38948
-1.38948
-1.38947
-1.38951
-1.38956
-1.38952
-1.38953
-1.38962
-1.38961
-1.38954
-1.38954
-1.38956
-1.38957
-1.38956
-1.38949
-1.38954
-1.38953
-1.38954
-1.38952
-1.38953
-1.3895
-1.3895
-1.38953
-1.38954
-1.38949
-1.38954
-1.38956
-1.38957
-1.38955
-1.38962
-1.3896
-1.38958
-1.38963
-1.38957
-1.38958
-1.38956
-1.38954
-1.38954
-1.38951
-1.38952
-1.38951
-1.38951
-1.38953
-1.38954
-1.38951
-1.38954
-1.38954
-1.38962
-1.38966
-1.38971
-1.3897
-1.38968
-1.38969
-1.38963
-1.3896
-1.3896
-1.38963
-1.38966
-1.38965
-1.38962
-1.38969
-1.38964
-1.38965
-1.38963
-1.3897
-1.38964
-1.38967
-1.38966
-1.38965
-1.3897
-1.38975
-1.38967
-1.38974
-1.38981
-1.38977
-1.38991
-1.38985
-1.38991
-1.38989
-1.38976
-1.38946
-1.38919
-1.38907
-1.38915
-1.38964
-1.39051
-1.39156
-1.39293
-1.39409
-1.39542
-1.39663
-1.39768
-1.39869
-1.39936
-1.3998
-1.40008
-1.40028
-1.40022
-1.39998
-1.39998
-1.39981
-1.39971
-1.39967
-1.39937
-1.39907
-1.39852
-1.39763
-1.39717
-1.39651
-1.39575
-1.39463
-1.39303
-1.39153
-1.38975
-1.38747
-1.38485
-1.38175
-1.37844
-1.37484
-1.37093
-1.36256
-1.35805
-1.35382
-1.34915
-1.34442
-1.33911
-1.33356
-1.32738
-1.32084
-1.314
-1.30701
-1.29979
-1.29257
-1.28552
-1.27865
-1.27171
-1.2647
-1.2574
-1.25011
-1.24261
-1.23495
-1.22767
-1.2204
-1.2128
-1.20538
-1.19759
-1.18967
-1.18134
-1.17306
-1.16474
-1.15695
-1.14914
-1.14125
-1.13309
-1.12454
-1.1157
-1.10661
-1.09808
-1.08934
-1.08088
-1.07243
-1.06383
-1.05515
-1.0462
-1.03732
-1.0288
-1.02048
-1.01212
-1.00361
-0.986377
-0.977897
-0.969718
-0.961674
-0.953766
-0.945674
-0.937334
-0.929297
-0.921195
-0.913459
-0.906021
-0.898959
-0.891869
-0.884569
-0.877257
-0.86993
-0.862771
-0.855591
-0.848918
-0.84246
-0.835932
-0.829433
-0.822238
-0.814448
-0.806864
-0.79967
-0.792713
-0.785779
-0.778763
-0.771896
-0.765044
-0.758272
-0.751054
-0.743654
-0.736154
-0.728815
-0.721812
-0.715188
-0.708506
-0.702151
-0.69545
-0.688935
-0.682589
-0.676489
-0.670633
-0.664844
-0.659368
-0.654133
-0.648603
-0.637412
-0.631908
-0.626729
-0.621836
-0.617106
-0.612756
-0.608674
-0.604364
-0.600548
-0.59683
-0.592979
-0.589082
-0.585257
-0.581189
-0.577405
-0.573526
-0.569493
-0.56564
-0.561607
-0.557633
-0.553996
-0.550526
-0.547227
-0.544148
-0.541126
-0.53812
-0.535118
-0.531962
-0.52858
-0.525275
-0.521899
-0.518454
-0.51516
-0.512094
-0.509065
-0.506418
-0.50356
-0.500865
-0.498461
-0.496114
-0.493635
-0.491629
-0.489988
-0.487836
-0.48571
-0.48134
-0.479186
-0.47673
-0.474219
-0.471576
-0.468722
-0.465934
-0.462833
-0.459805
-0.456768
-0.45367
-0.450422
-0.447188
-0.443964
-0.440667
-0.437522
-0.434051
-0.430926
-0.427556
-0.424291
-0.42092
-0.417556
-0.413928
-0.410408
-0.406809
-0.403023
-0.399298
-0.395444
-0.391408
-0.38772
-0.383892
-0.380193
-0.376403
-0.372722
-0.369369
-0.366134
-0.363334
-0.36043
-0.357624
-0.354843
-0.352269
-0.349477
-0.346491
-0.340036
-0.336551
-0.333296
-0.329874
-0.3264
-0.323003
-0.319559
-0.316108
-0.312848
-0.30941
-0.306153
-0.303107
-0.299827
-0.296714
-0.29349
-0.289992
-0.286513
-0.282813
-0.278912
-0.274943
-0.270883
-0.266738
-0.262662
-0.25858
-0.25443
-0.250294
-0.246514
-0.242662
-0.23905
-0.235466
-0.231669
-0.22855
-0.22423
-0.220338
-0.216797
-0.212017
-0.207758
-0.203275
-0.198806
-0.194219
-0.189765
-0.18549
-0.18077
-0.177233
-0.169026
-0.164797
-0.160477
-0.155914
-0.151191
-0.146301
-0.141405
-0.136817
-0.130949
-0.125626
-0.12047
-0.115412
-0.11079
-0.106064
-0.10141
-0.0966127
-0.0915321
-0.0862927
-0.081014
-0.0757689
-0.0707387
-0.0656815
-0.0606611
-0.0559562
-0.0516523
-0.0476784
-0.043366
-0.0387649
-0.0346506
-0.0297765
-0.0245936
-0.020343
-0.0152608
-0.010577
-0.00633973
-0.00114644
0.00331503
0.0073272
0.011381
0.0158747
0.0200706
0.0245976
0.0292596
0.0341567
0.0438986
0.0488225
0.0532344
0.058219
0.0631601
0.0674942
0.0716614
0.0763019
0.0801943
0.0850593
0.0896426
0.0941716
0.0990756
0.104503
0.109166
0.114553
0.120689
0.125572
0.130987
0.136688
0.141399
0.146762
0.152277
0.158565
0.163959
0.170001
0.175984
0.182542
0.187934
0.193451
0.199685
0.20499
0.210857
0.217042
0.223402
0.229722
0.236178
0.242672
0.249669
0.255897
0.261902
0.267867
0.280035
0.286821
0.293744
0.300851
0.308632
0.314914
0.321676
0.328464
0.33548
0.343105
0.351099
0.360036
0.367625
0.376274
0.38513
0.392044
0.398878
0.404534
0.409474
0.414464
0.417426
0.420199
0.422816
0.424879
0.426512
0.428056
0.42938
0.430724
0.431625
0.432152
0.432431
0.432831
0.433089
0.433348
0.433683
0.434207
0.434578
0.43472
0.435061
0.435597
0.436298
0.436421
0.436454
0.436522
0.436526
0.436521
0.436527
0.436585
0.436532
0.436636
0.436805
0.437163
0.437487
0.437736
0.437992
0.437964
0.438047
0.438087
0.438084
0.438144
0.438158
0.438174
0.438177
0.43824
0.438321
0.438411
0.438422
0.438411
0.438405
0.438397
0.438454
0.438507
0.438582
0.438715
0.438857
0.438994
0.439179
0.439345
0.439482
0.439504
0.439556
0.43956
0.439625
0.439695
0.439689
0.439727
0.439728
0.439756
0.439777
0.439851
0.43989
0.43988
0.439907
0.439958
0.440026
0.440093
0.440217
0.440205
0.440169
0.440201
0.440274
0.440326
0.440308
0.440455
0.440574
0.440731
0.440851
0.441287
0.442032
0.442955
0.444052
0.445378
0.446456
0.447481
0.448398
0.449227
0.449856
0.450406
0.450567
0.450659
0.451061
0.451458
0.451726
0.451865
0.451985
0.452194
0.45236
0.452586
0.452834
0.453013
0.453321
0.453436
0.453528
0.453646
0.453786
0.453792
0.453837
0.453908
0.454159
0.45432
0.454539
0.454836
0.455112
0.455616
0.456489
0.457613
0.458134
0.458491
0.458416
0.458686
0.458777
0.458911
0.458879
0.458883
0.458922
0.45888
0.458868
0.458891
0.458905
0.458925
0.458956
0.458896
0.458931
0.458883
0.458938
0.459014
0.459018
0.459069
