0.00580082
-0.000841849
0.0185116
0.0299697
0.0169322
0.00397653
0.0107946
0.0155581
4.45397e-05
0.0125352
0.0108404
-0.00133097
0.0116974
0.00422732
0.00536828
0.01607
0.00025191
0.00454924
0.0126567
-0.00924718
-0.000354583
-0.00714614
-0.0112221
-0.00228689
0.00195774
0.00485141
-0.00456381
-0.009557
-0.00343403
0.0327737
0.0210178
0.000284455
-0.0219092
0.00472027
-0.0019943
-0.00758817
0.00837147
0.00832273
-0.0110017
-0.0119147
-0.00624724
-0.00274856
-0.00590558
-0.00558965
0.0249725
0.00627611
0.0107413
0.0021834
-0.00803658
-0.00579312
-0.00417014
-0.00522975
0.0144769
-0.00794963
0.000981783
0.0131757
-0.00403333
-0.0156781
0.00815394
0.0109506
-0.00269903
-0.00202356
0.0109948
-0.0059499
0.00514474
-0.005838
-0.00600564
0.0212661
-0.00454065
-0.00382912
-0.0129959
-0.00496405
-0.0126534
-0.00736282
0.00156895
0.0128893
0.0132636
-0.0257951
0.00774566
0.00120594
2.00272e-05
-0.0170169
-0.00037971
-0.000732375
-0.010725
-0.00982553
-0.0151449
0.014615
0.0124872
-0.0067028
0.0124812
0.00080901
-0.000947352
-0.0076869
-0.0245807
0.0173784
-0.0207328
-0.0264512
-0.0107204
0.013367
-0.00517296
0.00396416
-0.0104757
-0.00274837
-0.000633519
-0.0116298
-0.00169265
-0.0174569
0.00510378
-0.0105027
0.00539662
-0.0221535
0.0237895
-0.00119713
0.00816556
-0.0109247
0.00629915
0.0219919
-0.00250832
-0.00806994
-0.0113759
0.00668597
-0.00634623
0.00611294
0.012704
0.0134724
-0.00205303
-0.0186863
-0.0113163
-0.0166295
-0.00377871
-0.00553069
-0.0078111
0.00664658
-0.00396981
-0.00745585
4.87054e-05
-0.00222849
-0.00592573
-0.00590154
0.0115947
-0.0164021
0.00731508
0.0126412
0.00708187
-0.00675916
-0.0185818
0.00354519
0.00800488
0.00304217
-0.00412707
0.000354367
-0.0174268
-0.0218714
-0.0108371
-0.0200325
-0.0173936
0.0147069
-0.0128306
0.0145603
0.0107412
-0.0035813
0.00568253
0.0208849
-0.00207267
0.0187044
-0.0181495
-0.0265955
0.001511
-0.00109061
-0.010302
-0.000570639
-0.0143493
-0.00946245
0.00901268
-0.00407427
-0.00639164
-0.00867328
-0.00335931
0.0151913
0.0113939
-0.000161363
0.00927442
0.00978409
-0.00090839
-0.000489406
0.0116993
0.0148249
0.00594883
-0.0347902
0.00925485
0.00567612
0.00566611
-0.0113788
-0.0134715
-0.0179871
0.0172848
0.000434881
0.0168365
-0.015136
0.00196354
-0.00473214
-0.00275307
0.00634116
-0.026547
-0.00191984
0.00817364
-0.0283088
0.00931461
0.00380395
0.0111702
0.00321277
-0.00333112
0.0165515
0.00258053
0.000945176
-0.00293567
-0.00297853
-0.00713258
-0.0185811
-0.00342217
0.000548214
0.0110888
0.0193762
-0.00388946
0.00457016
0.00324129
-0.00190221
0.0113309
0.00052143
-0.00331864
0.00708116
-0.00935686
0.0259672
-0.00154816
0.0214039
-0.00185016
0.0127205
-0.0162012
0.00415787
0.00727375
-0.0179901
0.0106347
0.0145995
-0.00740956
-0.00455551
0.00645145
-0.0128376
0.00712158
-0.0112486
0.00563343
-0.00292387
0.00364651
-0.0247128
-0.00153143
-0.000282709
-0.00238811
0.0266181
-0.0162362
0.00444209
0.0117669
-0.00510169
-0.0160221
0.00134684
0.00290284
0.017041
0.00916827
0.0156465
-0.00343656
0.0172646
-0.0356014
-0.0478391
0.00700696
0.0104353
-0.0165425
0.0168974
-0.00449266
5.81269e-05
-0.00395938
0.00338209
-0.00484094
0.00756059
0.0102431
-0.0146552
-0.0258823
-0.0169124
-0.0151099
-0.0202961
0.0105478
-0.01799
-0.018698
-0.0328264
-0.0243635
-0.0319778
-0.0402011
-0.0308115
-0.0527531
-0.0350891
-0.00971467
-0.00667366
-0.00629694
0.0119669
0.00776524
0.000883795
-0.00935336
-0.00846018
-0.0256475
-0.0195004
-0.00915369
-0.00736462
0.00791771
-0.00583085
0.0167935
-0.00896513
-0.0069648
-0.0122333
-0.0161329
-0.00969823
-0.0270495
-0.0134175
-0.0184491
-0.00527939
-0.0130946
-0.0522432
-0.042229
-0.0538543
-0.0355233
-0.031431
-0.0198188
0.0116677
-0.0018393
0.00327531
0.00534191
0.0112254
-0.011309
0.00734851
-0.00880193
-0.0309628
-0.0277869
-0.0361349
-0.056813
-0.0587601
-0.0883131
-0.101345
-0.0820256
-0.0703737
-0.065513
-0.0691337
-0.124404
-0.116003
-0.104836
-0.137781
-0.132794
-0.132186
-0.137694
-0.150377
-0.102066
-0.132646
-0.160354
-0.155278
-0.163069
-0.180682
-0.112819
-0.130326
-0.18126
-0.268151
-0.241354
-0.280664
-0.309829
-0.33121
-0.340484
-0.372406
-0.336357
-0.394047
-0.397642
-0.386755
-0.41361
-0.389364
-0.352575
-0.393081
-0.370047
-0.364413
-0.358795
-0.350412
-0.32267
-0.332864
-0.383267
-0.366974
-0.374002
-0.370748
-0.348564
-0.366116
-0.40485
-0.382329
-0.389493
-0.40651
-0.395586
-0.404982
-0.373093
-0.361867
-0.350427
-0.365404
-0.372533
-0.376088
-0.378935
-0.375716
-0.364327
-0.379893
-0.394219
-0.407332
-0.386189
-0.441358
-0.378318
-0.378505
-0.359674
-0.347571
-0.380581
-0.340655
-0.391107
-0.421378
-0.408095
-0.413214
-0.458471
-0.45269
-0.42511
-0.448671
-0.440953
-0.436249
-0.40288
-0.445776
-0.439242
-0.389807
-0.450382
-0.501116
-0.48491
-0.423233
-0.451362
-0.459301
-0.465372
-0.417981
-0.44313
-0.414475
-0.393988
-0.397462
-0.389195
-0.387097
-0.414715
-0.40864
-0.417701
-0.42346
-0.398162
-0.409302
-0.414472
-0.424567
-0.401424
-0.411346
-0.38732
-0.374383
-0.379063
-0.372142
-0.359397
-0.357604
-0.385064
-0.370224
-0.388544
-0.41408
-0.396238
-0.425743
-0.443861
-0.416629
-0.420493
-0.486139
-0.514841
-0.523703
-0.52428
-0.555436
-0.592316
-0.673443
-0.729775
-0.753897
-0.780078
-0.744661
-0.764023
-0.799676
-0.758902
-0.771068
-0.772796
-0.79453
-0.802228
-0.767646
-0.774344
-0.763355
-0.776131
-0.807189
-0.791973
-0.761246
-0.700955
-0.692114
-0.642594
-0.649944
-0.65624
-0.692303
-0.681541
-0.706425
-0.673366
-0.666342
-0.688156
-0.720071
-0.749464
-0.745186
-0.7294
-0.734756
-0.790188
-0.73939
-0.7487
-0.734036
-0.7408
-0.747309
-0.77711
-0.781644
-0.807375
-0.772206
-0.730941
-0.734719
-0.730299
-0.770876
-0.780066
-0.715984
-0.762405
-0.744416
-0.721738
-0.690027
-0.713868
-0.740101
-0.754641
-0.764407
-0.739576
-0.802943
-0.780935
-0.732872
-0.774116
-0.795126
-0.786576
-0.774462
-0.797564
-0.778723
-0.717067
-0.712472
-0.73876
-0.760727
-0.782098
-0.750396
-0.770877
-0.779685
-0.77415
-0.712873
-0.735461
-0.720686
-0.748988
-0.766143
-0.716126
-0.732665
-0.680055
-0.676744
-0.652702
-0.675902
-0.675207
-0.676354
-0.662221
-0.655053
-0.64185
-0.656933
-0.612301
-0.629705
-0.642632
-0.661053
-0.666835
-0.678194
-0.672674
-0.676632
-0.658985
-0.635434
-0.672224
-0.663628
-0.693355
-0.696582
-0.673916
-0.688544
-0.678403
-0.691037
-0.709751
-0.702149
-0.707671
-0.70258
-0.742415
-0.734148
-0.720869
-0.735324
-0.73575
-0.719793
-0.709944
-0.730401
-0.754777
-0.791048
-0.754631
-0.784426
-0.75442
-0.774344
-0.813453
-0.853227
-0.829099
-0.853157
-0.839338
-0.815475
-0.828387
-0.845661
-0.839944
-0.860155
-0.874846
-0.87055
-0.855451
-0.847799
-0.841362
-0.844836
-0.858249
-0.884774
-0.905639
-0.847954
-0.83795
-0.849436
-0.850377
-0.846591
-0.865231
-0.836843
-0.834056
-0.81492
-0.77911
-0.797573
-0.826622
-0.80455
-0.803449
-0.805088
-0.781305
-0.747589
-0.744473
-0.792655
-0.755505
-0.757433
-0.743069
-0.749545
-0.726657
-0.658453
-0.682232
-0.680478
-0.701804
-0.6853
-0.692285
-0.660751
-0.644593
-0.618911
-0.610374
-0.587181
-0.588721
-0.652031
-0.632445
-0.627529
-0.643261
-0.640634
-0.600085
-0.597063
-0.566418
-0.542328
-0.50752
-0.523403
-0.490921
-0.523761
-0.522974
-0.4741
-0.465436
-0.474864
-0.47285
-0.444042
-0.460139
-0.468988
-0.486863
-0.515413
-0.461816
-0.466508
-0.494413
-0.477062
-0.45464
-0.444118
-0.483188
-0.475111
-0.44861
-0.398567
-0.455675
-0.44526
-0.425372
-0.456296
-0.478068
-0.452876
-0.433105
-0.466125
-0.479456
-0.475096
-0.415616
-0.439762
-0.492106
-0.472003
-0.479292
-0.482052
-0.489742
-0.507263
-0.517482
-0.517994
-0.469617
-0.500555
-0.463597
-0.482301
-0.49696
-0.468835
-0.529432
-0.536403
-0.563531
-0.553687
-0.555887
-0.570395
-0.576015
-0.54339
-0.57487
-0.543847
-0.567901
-0.582312
-0.590812
-0.626359
-0.607661
-0.598215
-0.653011
-0.612225
-0.552918
-0.495229
-0.483164
-0.469484
-0.503135
-0.51069
-0.482681
-0.450028
-0.485206
-0.479406
-0.436532
-0.408844
-0.438576
-0.420737
-0.407089
-0.420318
-0.437169
-0.430362
-0.404947
-0.448614
-0.440045
-0.403857
-0.427701
-0.427471
-0.407746
-0.374153
-0.394279
-0.366124
-0.361881
-0.389695
-0.372031
-0.26901
-0.269506
-0.246899
-0.242368
-0.208458
-0.191027
-0.174952
-0.131211
-0.13568
-0.106608
-0.117338
-0.088569
-0.091836
-0.118304
-0.106552
-0.130957
-0.141483
-0.111961
-0.146563
-0.124731
-0.158185
-0.178327
-0.188203
-0.203824
-0.149204
-0.093752
-0.100564
-0.0959712
-0.0302216
-0.0293453
0.00825797
0.0175099
0.00390386
-0.00641721
0.0127129
0.00283192
-0.00348824
0.00608844
-5.33727e-05
-0.0248867
-0.00686122
0.00825907
-0.0126791
-0.012656
-0.0011553
0.00969381
-0.00404026
-0.0122483
0.0021001
0.00207746
0.0125707
-0.00301844
0.00844803
-0.00241663
-0.00585132
0.00531425
0.000113327
0.00452145
0.0136548
0.0165483
0.0057176
0.0101961
0.0103644
-0.0186334
0.0150592
0.0263805
-0.00895109
-0.0316264
-0.0373894
-0.0534998
-0.0132499
-0.034495
-0.0658399
-0.091774
-0.0953083
-0.177138
-0.216472
-0.323818
-0.242501
-0.316575
-0.351203
-0.18658
-0.0783587
-0.00537109
-0.00320054
0.00439426
-0.00261687
0.00256938
0.00401174
-0.00251739
-0.00807533
-0.00741952
-0.00550995
-0.00158426
0.0194616
0.0113385
-0.00294281
-0.00427768
-0.000796743
0.0141285
-0.010691
-0.00429104
0.00285229
-0.0178545
0.00427432
-0.00923692
0.00286163
0.00555931
0.00451235
0.00736265
-0.00862511
0.019225
-0.0126091
-0.0134349
0.0064537
-0.00878191
-0.0131975
-0.002454
-0.00602262
-0.00616825
0.0101712
-0.00116736
0.00757952
0.00836739
0.00390805
-0.00350886
0.00234568
0.00794113
-0.0055767
0.00452047
0.000121545
0.0219343
0.0165564
-0.00356627
0.00889658
0.00118124
-0.000729648
-0.0140862
-0.00463669
0.0324035
-0.0151073
-0.0173609
0.0114996
-0.0185793
0.00679494
-0.0099173
0.016334
0.00576586
0.000520021
-0.0087091
0.0010327
-0.000830872
0.00419821
0.0202133
-0.00177161
-0.010611
-0.0103351
0.00603188
-0.000578526
-0.0115868
-0.02576
-0.00190527
0.00573412
0.00400793
-0.0217554
-0.0168137
0.00501429
0.0101942
0.014429
-0.00172389
-0.0171009
-0.00689591
-0.0183427
-0.00736721
0.00270699
0.00743465
0.0139014
0.00320012
-0.0368049
0.00649935
0.0065654
0.00252678
0.0156426
0.0154077
0.0281103
0.0597388
0.0410819
0.0219442
0.0251288
0.0511048
0.0705962
0.0717947
0.0644147
0.0869136
0.0669881
0.0786707
0.0665642
0.031117
0.0186835
0.0411361
0.0226131
0.0287829
0.0587522
0.0628565
0.0804078
0.0786429
0.0726345
0.0826465
0.0723984
0.0719431
0.107709
0.119344
0.102579
0.120177
0.160354
0.0984322
0.1269
0.0761732
0.0681841
0.117592
0.170043
0.249882
0.280718
0.319368
0.33841
0.346725
0.400215
0.386085
0.386514
0.366172
0.406545
0.400987
0.396673
0.38966
0.369961
0.353697
0.392963
0.360699
0.362869
0.300907
0.289442
0.244373
0.272683
0.259172
0.268656
0.297975
0.320395
0.353
0.384971
0.36951
0.418581
0.428116
0.421302
0.420754
0.475198
0.436738
0.428961
0.443835
0.459175
0.427369
0.463225
0.449529
0.463565
0.436391
0.497273
0.476304
0.485083
0.433946
0.455067
0.438289
0.399303
0.38083
0.445568
0.407976
0.453396
0.501317
0.546259
0.516567
0.541105
0.570385
0.568904
0.546015
0.528878
0.523467
0.479819
0.520317
0.557622
0.526582
0.509432
0.526223
0.485308
0.489247
0.495438
0.514607
0.514538
0.502021
0.534986
0.491576
0.507504
0.490102
0.516641
0.532422
0.521879
0.517228
0.484468
0.449885
0.492261
0.492836
0.4678
0.457255
0.501825
0.523978
0.534489
0.478044
0.476223
0.417023
0.435655
0.42557
0.413112
0.388041
0.421819
0.372359
0.435542
0.472738
0.443556
0.432959
0.446761
0.470644
0.439255
0.448476
0.436914
0.431079
0.404932
0.408164
0.418774
0.430975
0.418167
0.447566
0.45081
0.491323
0.480054
0.387344
0.399894
0.281369
0.258288
0.215005
0.205142
0.157576
0.139981
0.126539
0.140769
0.0936857
0.088651
0.0820162
0.127369
0.105765
0.104965
0.086079
0.0700675
0.0815687
0.0879433
0.0731431
0.0687797
0.0785482
0.0546869
0.113656
0.0766771
0.070176
0.100239
0.0721543
0.0531965
0.0543047
0.0291783
0.0680028
0.0451048
0.0434629
0.0350291
0.0195708
0.0492099
0.0374476
0.0218399
0.0201092
-0.0149401
0.00907387
-0.00023556
-0.0151889
-0.00149395
-0.0156689
-0.0586531
-0.0496598
-0.0629121
-0.0802294
-0.0902473
-0.13314
-0.207795
-0.245537
-0.283943
-0.329816
-0.340667
-0.562735
-0.669815
-0.715915
-0.663431
-0.535617
-0.441781
-0.221204
-0.133216
-0.0444574
0.0431749
0.0595826
0.0860576
0.0621002
0.0442148
-0.00394331
-0.0038734
-0.0145164
-0.0425654
-0.0458657
-0.0296208
-0.0369211
-0.0118209
-0.00274974
0.0108194
0.0185489
0.0100017
-0.000143467
0.0101094
-0.00212595
0.00388355
-0.00196384
-4.99738e-05
0.0159368
-0.00670273
-0.0107689
0.0122131
-0.0283445
0.00933924
-0.00296603
-0.0122401
-0.00112195
-0.00409844
-0.00283198
0.000555585
0.00422726
0.0169945
0.008091
0.0305656
0.00285488
-0.000881947
-0.0132907
-0.00673653
-0.00418844
-0.00621825
0.00769356
-0.00306392
0.0201806
0.0082484
-0.00386062
0.0166503
-0.00764256
0.0291719
-0.0210093
-0.004746
-0.021828
0.00644759
-0.00993792
-0.00459866
0.00165388
-0.010944
-0.000223829
0.0133581
0.00876817
-0.0027692
-0.00348922
0.00103692
-0.00696433
-0.0184995
-0.00716825
-0.00105748
0.00789439
0.00400787
0.00425922
-0.00783997
-0.0104499
-0.00658708
-0.00636832
-0.00387445
0.00824003
-0.0108452
0.0266167
-0.0123755
0.00506198
0.00468191
-0.00159011
-0.0130865
-0.00616925
0.007351
0.0229965
0.0101248
0.0105977
-2.57269e-05
0.00896767
-0.016223
0.00248913
0.00697098
-0.00354226
0.00682264
-0.018882
-0.00779617
0.0239791
-0.00480904
0.0249917
0.00516387
-0.000447283
-0.0271418
-0.0403908
-0.0524512
-0.0168923
-0.0259388
-0.0437701
0.00839467
-0.0152211
0.00633622
0.0212413
-0.00461792
0.0132014
0.0128213
0.00200052
-0.0148324
-0.0441122
-0.026659
0.0519686
-0.0323382
-0.0152568
0.0206441
-0.00648106
0.0234417
-0.0217119
0.00548579
0.00977098
0.0171199
-0.00410089
-0.0120662
-0.00989026
0.00417804
-0.0125865
-0.0214174
0.000155443
0.0073184
-0.0103777
-0.00595681
0.0112783
0.0171771
-0.0101561
-0.0127773
-0.00946826
-0.0030281
0.00192795
0.00155501
-0.0150285
-0.00160804
0.0023346
0.00852942
0.00619833
-0.00186089
-0.00898103
-0.00596275
-0.00310458
-0.0160312
-0.0210465
-0.00590938
-0.0272795
-0.00170451
0.00139313
-0.00288513
0.00742003
-0.0109244
0.000297618
-0.0162041
-0.00155675
-0.00220728
0.00292827
-0.00409078
0.000798486
0.00236809
-0.00437593
0.0104096
-0.00222522
0.00254381
-0.00221912
-0.0105134
-0.0131645
-0.0092805
-0.00688197
-9.70513e-05
-0.00155823
0.00705286
0.00864248
0.00264932
-0.010238
0.00745035
-0.00206663
-0.020492
-0.00108086
0.0086228
0.0145879
-0.0128107
-0.0146674
-0.016779
-0.00662267
0.00233017
-0.00850673
-0.0236352
0.0167769
-0.00100499
-0.0153453
0.00336125
-0.0233402
-0.00547147
-0.0132364
-0.0179705
0.0187804
0.0208603
0.00760719
-0.0105609
-0.0294274
-0.0435456
-0.0971407
-0.109602
-0.146012
-0.117199
-0.135082
-0.115694
-0.0882767
-0.0859763
-0.046569
-0.0268244
-0.016213
-0.0297234
0.00638094
0.0329581
0.0542194
-0.0172489
0.0115657
0.00940173
0.0256573
0.0104807
0.0548709
0.0582572
0.0597942
0.0796228
0.0722727
0.122445
0.146523
0.154704
0.201809
0.229638
0.269342
0.305702
0.34747
0.340799
0.401962
0.422556
0.447352
0.459524
0.465451
0.475942
0.547133
0.608112
0.640334
0.672716
0.690877
0.67855
0.719761
0.716837
0.67876
0.730764
0.725112
0.703647
0.737568
0.720824
0.756291
0.793641
0.716543
0.683791
0.770066
0.771224
0.77537
0.792189
0.84767
0.809001
0.839084
0.744386
0.775825
0.822652
0.834396
0.846045
0.901732
0.905258
0.850601
0.891392
0.854186
0.843343
0.857311
0.869593
0.887185
0.88148
0.845857
0.820641
0.815157
0.844513
0.901766
0.862403
0.807231
0.804351
0.787322
0.783544
0.84065
0.79677
0.78402
0.766494
0.712392
0.691627
0.71556
0.749174
0.758542
0.739367
0.68417
0.697145
0.638861
0.65301
0.651794
0.698788
0.753427
0.764615
0.750014
0.708343
0.684498
0.70471
0.71478
0.685097
0.69601
0.679225
0.681607
0.740678
0.767895
0.747492
0.70402
0.632285
0.630667
0.625092
0.65993
0.62849
0.647677
0.612128
0.564109
0.580984
0.521577
0.500686
0.576394
0.534037
0.551538
0.494175
0.459952
0.467902
0.431448
0.378462
0.387879
0.403429
0.347499
0.387921
0.421495
0.358065
0.425003
0.408273
0.357531
0.428469
0.382082
0.390386
0.413218
0.348738
0.338133
0.320078
0.296697
0.303336
0.292489
0.320036
0.321649
0.359594
0.310415
0.335297
0.349975
0.3315
0.314293
0.290803
0.258019
0.290769
0.278719
0.233486
0.239598
0.248119
0.196122
0.169362
0.240279
0.212459
0.203827
0.222598
0.231485
0.252789
0.276327
0.27452
0.295068
0.309611
0.318703
0.314221
0.335545
0.305477
0.32843
0.304093
0.341516
0.306057
0.347457
0.278153
0.342508
0.323116
0.344714
0.373833
0.36086
0.359216
0.344883
0.399189
0.3754
0.368496
0.417421
0.394425
0.360321
0.386853
0.368832
0.333762
0.354047
0.307304
0.297739
0.302055
0.267006
0.306018
0.275726
0.273327
0.288953
0.330592
0.335052
0.294624
0.318656
0.35318
0.331126
0.352188
0.35214
0.336304
0.327435
0.302511
0.303429
0.336167
0.301349
0.328157
0.320573
0.342456
0.368366
0.400061
0.401032
0.413164
0.393944
0.396175
0.382379
0.400944
0.418378
0.358013
0.372384
0.380863
0.348461
0.388423
0.34323
0.373436
0.399386
0.365263
0.448314
0.437283
0.463366
0.415682
0.477221
0.472767
0.405253
0.378963
0.414012
0.425364
0.458328
0.463652
0.434077
0.477199
0.503112
0.510929
0.489846
0.510225
0.502163
0.497264
0.510319
0.477564
0.489281
0.445436
0.446585
0.525449
0.570891
0.550774
0.51786
0.487787
0.467715
0.499479
0.460109
0.430604
0.425813
0.42354
0.436829
0.458595
0.499574
0.455846
0.497219
0.451252
0.473219
0.473072
0.474882
0.443444
0.450562
0.415701
0.415431
0.443966
0.461169
0.458745
0.491184
0.490634
0.506806
0.48803
0.458744
0.47259
0.419567
0.414988
0.394419
0.442002
0.474456
0.458578
0.476972
0.513051
0.508197
0.544177
0.543477
0.569833
0.540248
0.50882
0.50506
0.526846
0.561272
0.580916
0.584086
0.602199
0.606039
0.605141
0.591128
0.591261
0.556858
0.555752
0.584204
0.587093
0.619904
0.646535
0.621248
0.639812
0.630989
0.625708
0.598353
0.581504
0.590638
0.647544
0.678402
0.691526
0.704983
0.671117
0.681902
0.665051
0.654045
0.685739
0.773864
0.838736
0.825953
0.852683
0.890038
0.785829
0.771456
0.676296
0.539363
0.48627
0.401026
0.304625
0.267597
0.239976
0.17064
0.158348
0.178529
0.127915
0.123376
0.0892955
0.0492294
0.0300526
0.0688086
0.0498748
0.0460901
0.0250607
0.0757624
0.0258692
0.00486986
0.0450016
0.0503472
0.0247152
0.00812097
-0.00721853
-0.00201307
-0.0110308
-0.00888884
-0.00825494
0.00769421
-0.000503748
0.0271253
0.00459737
0.0356899
0.0310963
0.0221049
0.0313291
0.00432627
0.0159874
0.00491409
-0.00935401
0.0109942
0.00906363
-0.00102768
0.00410728
-0.00944649
0.00948797
0.0078911
-0.00446434
0.0103928
-0.0114281
-0.0122054
0.000331453
-0.0017651
-0.00259717
0.0135217
0.00349595
0.017015
0.0301008
0.0205501
0.00812167
-0.0109169
-0.00643824
-0.0164764
0.00633771
0.0134431
0.00881149
-0.000704169
0.00130189
-0.00485129
-0.000758131
0.0249852
0.0158027
0.00473199
-0.00305086
0.00129516
0.00465473
0.00105022
0.0132405
-0.00399635
-0.0141676
-0.0162428
-0.000201423
0.00968465
-0.00702804
0.0072598
0.0195964
0.00699978
0.00133427
0.0610463
0.0736703
0.0838772
0.129102
0.130779
0.104731
0.10258
0.0911332
0.080512
0.058501
0.0584332
0.00355016
0.0304601
0.0306146
0.0206059
0.0103995
0.0151077
0.00563653
0.00713393
0.00196198
0.0201919
0.044838
0.0174935
0.0276351
0.0181012
0.00202939
0.00329658
0.0117702
0.00572119
0.0112165
0.0290769
0.00626553
0.0220097
0.0254091
0.0525389
0.0233753
0.0556544
0.11557
0.103241
0.0230275
0.014876
0.00560117
0.0242688
0.00242609
0.00842363
0.0127703
-0.00877121
0.00977451
0.000582131
-0.0249363
-0.0130868
0.00668982
0.00886086
0.0188881
0.00144142
0.0154634
-0.00681754
0.00328527
0.0182426
0.00833397
0.00643339
