1.14075
1.14078
1.1408
1.14078
1.14072
1.14075
1.14072
1.14079
1.14077
1.14075
1.14076
1.1408
1.14078
1.14082
1.14081
1.14078
1.14077
1.14077
1.14076
1.1408
1.14078
1.1408
1.14082
1.14077
1.14073
1.14078
1.14075
1.14074
1.14076
1.14076
1.14079
1.14076
1.14082
1.14078
1.1408
1.1408
1.14073
1.14076
1.14079
1.14074
1.14079
1.14079
1.14075
1.14082
1.14076
1.14073
1.14076
1.14079
1.14079
1.14074
1.1408
1.14084
1.14071
1.14082
1.14079
1.14069
1.14078
1.14077
1.14077
1.14077
1.14075
1.14077
1.14081
1.14077
1.14077
1.14078
1.14076
1.14081
1.14077
1.14075
1.14073
1.14082
1.14078
1.14076
1.14077
1.14083
1.14074
1.14075
1.14082
1.14075
1.14083
1.14078
1.14081
1.14072
1.14081
1.14078
1.1408
1.1408
1.14083
1.14083
1.14082
1.14082
1.14083
1.14076
1.14078
1.14077
1.14077
1.14077
1.14078
1.14077
1.14073
1.14076
1.14081
1.14077
1.1408
1.14076
1.14082
1.14081
1.14076
1.14081
1.14081
1.1408
1.14075
1.14081
1.14078
1.14078
1.14076
1.14077
1.14082
1.14083
1.14081
1.14078
1.14078
1.1408
1.14081
1.14076
1.14084
1.14083
1.14077
1.14079
1.14082
1.14081
1.14079
1.14076
1.14082
1.14083
1.14074
1.14078
1.14076
1.14081
1.14077
1.14081
1.14074
1.14079
1.14078
1.14082
1.14076
1.1408
1.14076
1.14079
1.14076
1.14078
1.14079
1.14078
1.14077
1.14078
1.14078
1.14081
1.14084
1.14076
1.14079
1.1408
1.1408
1.1408
1.14076
1.14082
1.14076
1.14078
1.14078
1.1408
1.14077
1.14078
1.14072
1.14079
1.14078
1.14085
1.14086
1.14081
1.14082
1.14082
1.14079
1.14081
1.14081
1.14077
1.14082
1.14083
1.1408
1.14079
1.14082
1.14079
1.14081
1.14082
1.14084
1.14082
1.14083
1.14082
1.14082
1.14087
1.1408
1.14083
1.14085
1.14084
1.1408
1.14084
1.14084
1.14084
1.14085
1.14088
1.14088
1.1409
1.1409
1.14087
1.14093
1.14083
1.14091
1.14089
1.14088
1.14091
1.14093
1.14087
1.14089
1.14088
1.14085
1.14089
1.14089
1.14085
1.14086
1.14084
1.1408
1.14082
1.14083
1.14087
1.14082
1.14083
1.14086
1.14079
1.14077
1.14076
1.14073
1.14071
1.14071
1.14068
1.14066
1.1407
1.14072
1.14059
1.14068
1.14064
1.14065
1.14066
1.14064
1.14068
1.14072
1.14067
1.14066
1.14066
1.14068
1.14068
1.14062
1.14065
1.14066
1.14066
1.14069
1.14061
1.14064
1.14059
1.14061
1.14059
1.14058
1.14061
1.14058
1.14054
1.14056
1.14059
1.14053
1.14048
1.14049
1.14047
1.14047
1.14059
1.14053
1.14053
1.14049
1.14052
1.14052
1.14051
1.14061
1.14058
1.14057
1.14057
1.14058
1.14053
1.14051
1.14055
1.14049
1.14049
1.14052
1.1405
1.14053
1.14054
1.14053
1.1406
1.14058
1.14062
1.14065
1.14063
1.14068
1.14068
1.1407
1.14068
1.14066
1.14066
1.14062
1.14054
1.14049
1.14041
1.14041
1.1404
1.14037
1.14048
1.14054
1.14055
1.14053
1.14052
1.1405
1.14054
1.14051
1.1405
1.14051
1.14056
1.14052
1.14053
1.14056
1.14054
1.14055
1.14048
1.14053
1.14053
1.14054
1.14053
1.14052
1.14045
1.14038
1.14034
1.14018
1.13997
1.13982
1.13953
1.13944
1.13926
1.13908
1.139
1.13887
1.13871
1.13863
1.13853
1.13854
1.13843
1.13823
1.138
1.1378
1.13747
1.137
1.13633
1.13561
1.1349
1.13428
1.13373
1.13316
1.13267
1.13234
1.13204
1.13168
1.13147
1.13102
1.13065
1.13017
1.12956
1.1289
1.12825
1.1277
1.12683
1.12589
1.12485
1.12373
1.12259
1.12138
1.12002
1.1188
1.11734
1.11602
1.11473
1.11337
1.11208
1.11076
1.10817
1.1069
1.10535
1.10396
1.10237
1.10069
1.09887
1.09704
1.09537
1.09342
1.0914
1.08962
1.08778
1.08591
1.08435
1.0825
1.08072
1.07886
1.07721
1.07542
1.07362
1.07193
1.07065
1.0694
1.06815
1.06678
1.06565
1.06464
1.06358
1.06236
1.06082
1.05948
1.05813
1.05657
1.05495
1.05182
1.05007
1.04846
1.04684
1.04521
1.04376
1.0426
1.04166
1.04118
1.0408
1.0405
1.0399
1.03936
1.03898
1.03872
1.03851
1.03849
1.0385
1.0386
1.03856
1.03839
1.03801
1.03745
1.03668
1.03577
1.03466
1.03346
1.03209
1.03066
1.02913
1.02784
1.0264
1.02496
1.02338
1.02207
1.02067
1.01937
1.01712
1.01601
1.01493
1.01386
1.01272
1.01146
1.01015
1.00874
1.00715
1.00527
1.00314
1.00102
0.998634
0.996241
0.993743
0.991
0.988258
0.986028
0.983348
0.980701
0.978083
0.975388
0.972588
0.969661
0.966416
0.96343
0.96024
0.957032
0.953905
0.950805
0.947844
0.944728
0.941752
0.938653
0.935794
0.933102
0.930432
0.927616
0.922047
0.919496
0.916814
0.914188
0.911419
0.908632
0.905702
0.9028
0.899923
0.897074
0.894172
0.891309
0.888518
0.885533
0.882726
0.879662
0.876677
0.873575
0.87048
0.867118
0.863873
0.860738
0.857701
0.855138
0.851987
0.848768
0.845753
0.842562
0.839843
0.836774
0.833707
0.830459
0.827272
0.823971
0.820951
0.817834
0.814825
0.811551
0.808297
0.801821
0.798479
0.795195
0.791665
0.788427
0.785248
0.782084
0.778838
0.775512
0.772332
0.768928
0.765847
0.762561
0.759478
0.756253
0.753278
0.750236
0.747376
0.744169
0.741187
0.737992
0.734914
0.732093
0.72929
0.726491
0.723844
0.721079
0.718375
0.715631
0.712994
0.710547
0.707949
0.705495
0.702991
0.698522
0.696479
0.694597
0.69272
0.691005
0.689111
0.68759
0.685954
0.684263
0.682715
0.681104
0.679415
0.67759
0.675821
0.673822
0.671836
0.669791
0.667679
0.665593
0.663688
0.66179
0.659833
0.658074
0.656392
0.654757
0.653124
0.651734
0.650274
0.648989
0.647874
0.646789
0.645789
0.644891
0.643763
0.642685
0.641644
0.640575
0.639475
0.63717
0.636022
0.634733
0.633587
0.632371
0.631093
0.629836
0.628839
0.627768
0.626628
0.625471
0.624369
0.623041
0.621987
0.620983
0.620023
0.619105
0.618564
0.618022
0.617411
0.616854
0.616409
0.616023
0.615427
0.614673
0.613919
0.61294
0.611927
0.610611
0.609387
0.607772
0.606308
0.604575
0.602777
0.601012
0.599266
0.597556
0.5958
0.592165
0.590185
0.588132
0.58627
0.584861
0.582821
0.580941
0.579387
0.577847
0.575928
0.574351
0.572374
0.570375
0.568415
0.566352
0.563956
0.561558
0.559183
0.556736
0.553856
0.551159
0.548563
0.546148
0.54367
0.541187
0.538773
0.536495
0.53389
0.531714
0.529626
0.527316
0.525118
0.522471
0.520116
0.517833
0.515348
0.510602
0.508006
0.505396
0.50246
0.499948
0.497532
0.494757
0.492163
0.489521
0.486621
0.484148
0.481683
0.478769
0.476499
0.473781
0.471105
0.468477
0.465737
0.463209
0.460477
0.457848
0.455082
0.452517
0.449778
0.447244
0.444835
0.442377
0.439966
0.437022
0.4344
0.431545
0.428849
0.426261
0.421242
0.418503
0.415852
0.413095
0.410433
0.407728
0.404899
0.402076
0.399166
0.396342
0.393478
0.39066
0.387748
0.384972
0.38205
0.37915
0.376255
0.373272
0.370452
0.367604
0.364667
0.36178
0.358892
0.356077
0.353357
0.350577
0.347695
0.344881
0.34212
0.339381
0.336837
0.334262
0.331435
0.328861
0.326232
0.321398
0.318929
0.316519
0.31399
0.311601
0.308971
0.306219
0.303501
0.300766
0.297821
0.294822
0.291783
0.288478
0.285487
0.282298
0.279284
0.276234
0.273226
0.270253
0.26766
0.264973
0.262473
0.259914
0.257153
0.254529
0.251804
0.249126
0.246425
0.243774
0.241029
0.238141
0.235373
0.232632
0.229723
0.227077
0.224554
0.219719
0.217106
0.214596
0.212176
0.209869
0.207677
0.20562
0.203723
0.201675
0.199626
0.197591
0.195568
0.19382
0.192103
0.190561
0.189034
0.18755
0.186258
0.18492
0.183625
0.182403
0.181187
0.179938
0.178514
0.177049
0.175384
0.173961
0.1723
0.170606
0.168955
0.167218
0.165417
0.163573
0.161928
0.160022
0.158193
0.156478
0.154735
0.151459
0.149778
0.148164
0.146452
0.144964
0.143466
0.141945
0.140412
0.138733
0.137142
0.135271
0.133404
0.131548
0.129901
0.128255
0.126754
0.125269
0.123716
0.122246
0.120767
0.119063
0.117398
0.115845
0.114096
0.11254
0.110943
0.109535
0.10806
0.106549
0.104917
0.103305
0.101661
0.100032
0.0982225
0.096478
0.0946984
0.0930578
0.0916219
0.0888123
0.0873748
0.0857382
0.0840398
0.0824494
0.0808737
0.0791597
0.0772017
0.0753149
0.0733542
0.0713762
0.0694254
0.0673477
0.0654258
0.06353
0.0616113
0.0594002
0.0572852
0.0553033
0.0532092
0.0513686
0.0497615
0.0483433
0.0469875
0.0457528
0.0442183
0.0423791
0.0402479
0.0381706
0.0359466
0.0336734
0.0318075
0.0296644
0.0278666
0.0264577
0.0240634
0.0231288
0.0222976
0.0214806
0.0207156
0.0197371
0.0182472
0.0165623
0.014926
0.0131257
0.0110902
0.00894723
0.00674874
0.00444201
0.00224037
0.000132043
-0.00177683
-0.00373341
-0.00555219
-0.00754924
-0.00935655
-0.0110657
-0.01271
-0.0141371
-0.0155124
-0.016731
-0.0181199
-0.0193829
-0.0206977
-0.0219898
-0.0233469
-0.0249051
-0.0264852
-0.0283866
-0.0301085
-0.0317616
-0.034816
-0.0365179
-0.0381657
-0.0397655
-0.0413698
-0.0432108
-0.0447968
-0.0464955
-0.0480396
-0.0496941
-0.0512164
-0.0527915
-0.0543755
-0.0560073
-0.0577397
-0.0594722
-0.0612732
-0.0631008
-0.0647726
-0.0662302
-0.0676296
-0.0689105
-0.0703406
-0.0716124
-0.0729945
-0.0743518
-0.0756481
-0.0770987
-0.0786163
-0.0801059
-0.0816989
-0.0833689
-0.0850899
-0.0866476
-0.0882486
-0.0911898
-0.0928102
-0.0945851
-0.0963168
-0.0981137
-0.0999487
-0.10165
-0.103553
-0.105237
-0.106947
-0.108565
-0.110056
-0.111764
-0.11343
-0.115094
-0.116641
-0.118424
-0.120013
-0.1216
-0.123087
-0.124517
-0.125918
-0.127273
-0.128569
-0.130085
-0.131585
-0.133005
-0.134424
-0.135897
-0.13716
-0.138335
-0.1394
-0.140279
-0.141094
-0.141907
-0.142409
-0.142806
-0.142827
-0.142782
-0.142634
-0.142332
-0.142155
-0.14193
-0.141916
-0.141832
-0.141896
-0.141901
-0.141957
-0.142034
-0.142096
-0.142261
-0.142481
-0.142701
-0.142924
-0.143139
-0.14331
-0.143468
-0.143522
-0.143536
-0.143513
-0.143575
-0.143474
-0.14343
-0.143325
-0.143167
-0.143146
-0.143106
-0.143219
-0.143254
-0.143331
-0.143431
-0.143547
-0.143668
-0.14377
-0.143694
-0.14363
-0.143432
-0.143184
-0.142917
-0.142564
-0.142287
-0.142015
-0.141798
-0.141599
-0.141525
-0.141458
-0.141441
-0.141541
-0.141524
-0.141517
-0.14155
-0.141569
-0.141629
-0.141644
-0.141682
-0.141734
-0.141684
-0.141705
-0.141557
-0.141538
-0.141324
-0.141168
-0.140941
-0.140703
-0.140635
-0.140515
-0.140472
-0.140483
-0.140519
-0.140576
-0.140536
-0.140538
-0.140615
-0.14057
-0.140458
-0.140228
-0.139818
-0.139499
-0.139316
-0.138639
-0.13856
-0.13842
-0.138412
-0.138468
-0.138552
-0.138577
-0.138659
-0.138815
-0.1389
-0.13903
-0.139193
-0.139279
-0.139345
-0.1394
-0.139383
-0.139316
-0.139248
-0.138905
-0.138572
-0.138395
-0.138211
-0.137932
-0.137782
-0.137646
-0.137612
-0.137675
-0.137691
-0.13774
-0.137774
-0.137779
-0.137937
-0.13801
-0.137989
-0.137994
-0.138002
-0.137991
-0.137942
-0.137921
-0.137853
-0.137911
-0.137929
-0.137933
-0.137963
-0.13801
-0.138009
-0.138066
-0.138224
-0.138383
-0.138455
-0.138415
-0.138291
-0.138143
-0.138055
-0.137945
-0.137827
-0.137746
-0.137679
-0.137671
-0.137678
-0.137755
-0.137867
-0.137964
-0.137963
-0.138059
-0.138078
-0.138128
-0.138089
-0.138066
-0.138025
-0.138044
-0.138012
-0.137921
-0.137883
-0.137971
-0.137898
-0.137884
-0.137879
-0.137876
-0.137922
-0.137939
-0.13793
-0.138005
-0.137988
-0.137974
-0.13803
-0.137998
-0.138064
-0.137984
-0.138143
-0.138114
-0.13822
-0.138269
-0.138261
-0.13825
-0.138302
-0.138292
-0.138192
-0.138155
-0.138183
-0.137964
-0.137921
-0.137855
-0.137842
-0.137894
-0.137857
-0.137876
-0.137886
-0.137931
-0.137993
-0.137988
-0.138068
-0.138101
-0.138144
-0.138138
-0.138113
-0.138119
-0.138058
-0.138103
-0.138094
-0.138197
-0.138146
-0.138192
-0.138335
-0.138441
-0.138541
-0.13853
-0.138427
-0.138329
-0.138303
-0.138212
-0.138129
-0.138162
-0.138297
-0.138379
-0.138432
-0.138468
-0.138575
-0.138692
-0.138707
-0.138755
-0.138774
-0.13875
-0.13872
-0.138696
-0.138696
-0.138695
-0.138904
-0.139162
-0.139248
-0.139512
-0.139841
-0.140179
-0.140591
-0.140959
-0.141435
-0.14198
-0.14248
-0.14287
-0.143139
-0.143542
-0.143879
-0.144203
-0.144571
-0.144837
-0.145242
-0.145578
-0.146132
-0.146709
-0.147518
-0.148556
-0.149784
-0.151042
-0.152419
-0.153878
-0.15529
-0.156597
-0.158
-0.161002
-0.162444
-0.164116
-0.165785
-0.167399
-0.169249
-0.170954
-0.172728
-0.174518
-0.176283
-0.178042
-0.17987
-0.18154
-0.183266
-0.184946
-0.186466
-0.187833
-0.189206
-0.190565
-0.191913
-0.193223
-0.194641
-0.196023
-0.197628
-0.199167
-0.200743
-0.202414
-0.204062
-0.205746
-0.207595
-0.209554
-0.210783
-0.212654
-0.214334
-0.216126
-0.218058
-0.219764
-0.223565
-0.225405
-0.22747
-0.229342
-0.231027
-0.232813
-0.234567
-0.236371
-0.238101
-0.239974
-0.241717
-0.243517
-0.245136
-0.246832
-0.248321
-0.249989
-0.251726
-0.253498
-0.255346
-0.257174
-0.259144
-0.260953
-0.262888
-0.264907
-0.2667
-0.268716
-0.27063
-0.272513
-0.27433
-0.276322
-0.278139
-0.280012
-0.281859
-0.28371
-0.285587
-0.287542
-0.289582
-0.293329
-0.2953
-0.297221
-0.299143
-0.301062
-0.30296
-0.305066
-0.306686
-0.308681
-0.310769
-0.312861
-0.314858
-0.317198
-0.319436
-0.321462
-0.323868
-0.326171
-0.32866
-0.33108
-0.333536
-0.336146
-0.338522
-0.340896
-0.343094
-0.345235
-0.347539
-0.349741
-0.351897
-0.354324
-0.35657
-0.358712
-0.361007
-0.36336
-0.365784
-0.368267
-0.370938
-0.373561
-0.378175
-0.380784
-0.383462
-0.385957
-0.38862
-0.391259
-0.393628
-0.396107
-0.39849
-0.401008
-0.403686
-0.406283
-0.409035
-0.411599
-0.414269
-0.416756
-0.419434
-0.422167
-0.425001
-0.427911
-0.430912
-0.433854
-0.436813
-0.439611
-0.442688
-0.445732
-0.448893
-0.451902
-0.454958
-0.457893
-0.461117
-0.464166
-0.467422
-0.470365
-0.473316
-0.476093
-0.481765
-0.484656
-0.487337
-0.49008
-0.492603
-0.495372
-0.498164
-0.501057
-0.503975
-0.506889
-0.509889
-0.512896
-0.516026
-0.519311
-0.522454
-0.525709
-0.528954
-0.531813
-0.535139
-0.538452
-0.541889
-0.54505
-0.548316
-0.551601
-0.5551
-0.55853
-0.561959
-0.565153
-0.56836
-0.57166
-0.574987
-0.578429
-0.581495
-0.588262
-0.591658
-0.595148
-0.598519
-0.601886
-0.605372
-0.608861
-0.612333
-0.615781
-0.619194
-0.622727
-0.626225
-0.629882
-0.633203
-0.636791
-0.640048
-0.643514
-0.647082
-0.650445
-0.653751
-0.656895
-0.660275
-0.663326
-0.666538
-0.669658
-0.672737
-0.675692
-0.678777
-0.681923
-0.685023
-0.688055
-0.691202
-0.694331
-0.697577
-0.700849
-0.704228
-0.707559
-0.71093
-0.714357
-0.721444
-0.724882
-0.728107
-0.731449
-0.734869
-0.738152
-0.741558
-0.744732
-0.748052
-0.751413
-0.754923
-0.758417
-0.761839
-0.765382
-0.768598
-0.772513
-0.776316
-0.779977
-0.78391
-0.787606
-0.791581
-0.795494
-0.799227
-0.803203
-0.806893
-0.810491
-0.814136
-0.817372
-0.820576
-0.823746
-0.826946
-0.829716
-0.832545
-0.834976
-0.837496
-0.839826
-0.84416
-0.846039
-0.848339
-0.850496
-0.852581
-0.855012
-0.857412
-0.859765
-0.862117
-0.864411
-0.866838
-0.869298
-0.871664
-0.874234
-0.876543
-0.878226
-0.879723
-0.881008
-0.882491
-0.884513
-0.886579
-0.888736
-0.890911
-0.892843
-0.894632
-0.896305
-0.898598
-0.900558
-0.902924
-0.905721
-0.908164
-0.910733
-0.912218
-0.913448
-0.914299
-0.916371
-0.917178
-0.918416
-0.91973
-0.921029
-0.922061
-0.922939
-0.923739
-0.924337
-0.924673
-0.925148
-0.925468
-0.926
-0.926502
-0.927076
-0.927591
-0.928127
-0.928609
-0.929009
-0.929474
-0.929796
-0.930015
-0.930238
-0.930232
-0.930286
-0.930334
-0.930322
-0.930346
-0.930361
-0.930341
-0.930417
-0.930371
-0.930303
-0.930325
-0.930297
-0.930302
-0.930249
-0.930111
-0.929968
-0.929874
-0.929585
-0.929396
-0.929289
-0.929168
-0.929139
-0.929151
-0.929175
-0.92922
-0.929161
-0.929187
-0.929161
-0.929194
-0.92917
-0.929145
-0.929118
-0.929104
-0.929065
-0.929089
-0.929064
-0.929113
-0.929111
-0.92917
-0.929103
-0.929078
-0.929083
-0.929044
-0.929043
-0.929005
-0.929048
-0.92903
-0.929084
-0.929096
-0.929
-0.92905
-0.929064
-0.929034
-0.928998
-0.92907
-0.929069
-0.929053
-0.928987
-0.928999
-0.929004
-0.929043
-0.929047
-0.929001
-0.929011
-0.929017
-0.928988
-0.929131
-0.929015
-0.929028
-0.929043
-0.929052
-0.929016
-0.929021
-0.929002
-0.929032
-0.929011
-0.929044
-0.92904
-0.929061
-0.92899
-0.928977
-0.929044
-0.929031
-0.928991
-0.928979
-0.929052
-0.928996
-0.929013
-0.929024
-0.928978
-0.929009
-0.928984
-0.928953
-0.929015
-0.928976
-0.928983
-0.929026
-0.929008
-0.928961
-0.928994
-0.928991
-0.929085
-0.928972
-0.929008
-0.928979
-0.928996
-0.929021
-0.928967
-0.929003
-0.928924
-0.928939
-0.929008
-0.928996
-0.928996
-0.928971
-0.928983
-0.928988
-0.928927
-0.928982
-0.928926
-0.92895
-0.929012
-0.928983
-0.928985
-0.92897
-0.928975
-0.929017
-0.928997
-0.928995
-0.928964
-0.92898
-0.928974
-0.928945
