0.147876
0.146556
0.144782
0.144568
0.145557
0.146249
0.14834
0.145116
0.143222
0.145811
0.147465
0.144555
0.145316
0.14556
0.143279
0.143757
0.144912
0.144959
0.1469
0.145921
0.147725
0.145069
0.143863
0.144812
0.148367
0.144241
0.143666
0.146506
0.146329
0.146566
0.14668
0.144749
0.144014
0.145457
0.142404
0.144238
0.147478
0.145046
0.145417
0.14532
0.144004
0.145032
0.148153
0.146048
0.146345
0.147365
0.141586
0.145534
0.143519
0.145544
0.146636
0.14355
0.148437
0.143847
0.145276
0.148685
0.144785
0.144892
0.14695
0.143837
0.146035
0.145243
0.142628
0.144865
0.146937
0.144137
0.143409
0.142511
0.145707
0.144809
0.147565
0.144054
0.144652
0.143954
0.146061
0.145517
0.146242
0.144074
0.145393
0.146182
0.144692
0.144127
0.142561
0.148127
0.144214
0.14671
0.144628
0.144485
0.145063
0.143857
0.143029
0.143135
0.143994
0.144248
0.141232
0.146375
0.146259
0.147141
0.146519
0.144755
0.145971
0.146576
0.144615
0.144842
0.143322
0.146974
0.144732
0.14376
0.147027
0.1454
0.143206
0.144531
0.147044
0.144845
0.146048
0.145797
0.144091
0.146449
0.14542
0.144197
0.146857
0.146519
0.14548
0.14526
0.143623
0.145751
0.141883
0.140555
0.144485
0.145681
0.145076
0.144625
0.143853
0.144291
0.142287
0.145053
0.148992
0.146175
0.147612
0.144354
0.143696
0.144281
0.14536
0.147037
0.145403
0.142912
0.145824
0.14358
0.146065
0.144465
0.146045
0.147411
0.146365
0.144906
0.144872
0.144475
0.143239
0.146813
0.142561
0.146319
0.144832
0.14561
0.143473
0.144775
0.14543
0.144498
0.146486
0.145186
0.14379
0.145831
0.144071
0.146215
0.147331
0.14523
0.144588
0.143426
0.143172
0.144495
0.143152
0.144605
0.146175
0.145911
0.143586
0.147735
0.144211
0.146135
0.145039
0.145119
0.145407
0.14542
0.144802
0.143169
0.142965
0.144976
0.1438
0.14357
0.143663
0.142595
0.145871
0.144054
0.144622
0.143212
0.144468
0.142154
0.143676
0.143793
0.143396
0.143787
0.141369
0.143483
0.140638
0.141062
0.141409
0.145894
0.140488
0.143733
0.14187
0.1417
0.140632
0.142177
0.143082
0.13944
0.143479
0.143095
0.141917
0.144411
0.142004
0.144515
0.144809
0.144802
0.143847
0.141529
0.142912
0.140745
0.142287
0.143747
0.145838
0.14547
0.145119
0.146533
0.147104
0.146182
0.149367
0.147498
0.147612
0.150791
0.145717
0.148939
0.151239
0.148708
0.147969
0.14801
0.146045
0.148026
0.148434
0.148223
0.14952
0.146716
0.149741
0.148317
0.148424
0.149156
0.148223
0.149868
0.147525
0.153353
0.150259
0.149474
0.15144
0.151911
0.150296
0.150075
0.152048
0.149123
0.153938
0.15435
0.152637
0.152189
0.151677
0.151062
0.152463
0.151092
0.152306
0.152727
0.151002
0.152055
0.14823
0.151102
0.149948
0.150754
0.151145
0.15243
0.153329
0.154765
0.151985
0.154136
0.153172
0.153339
0.151326
0.151547
0.152834
0.150042
0.151145
0.152226
0.148614
0.15158
0.146984
0.148187
0.146259
0.148143
0.149286
0.149417
0.148163
0.152547
0.154166
0.155635
0.153962
0.15527
0.157633
0.152972
0.15247
0.153808
0.153045
0.153239
0.153055
0.151299
0.152781
0.153922
0.152249
0.150831
0.152038
0.151727
0.152881
0.15037
0.152095
0.15247
0.151858
0.153259
0.155026
0.153089
0.1517
0.153641
0.157463
0.156418
0.163268
0.1677
0.170311
0.173366
0.170291
0.17066
0.173131
0.171701
0.173816
0.171969
0.175345
0.176685
0.178548
0.180373
0.185283
0.19274
0.196353
0.205357
0.211256
0.22238
0.234738
0.246364
0.247119
0.246476
0.241776
0.241015
0.235481
0.233368
0.22894
0.227882
0.228505
0.228494
0.228511
0.230747
0.233433
0.237246
0.239985
0.25005
0.263294
0.275638
0.285376
0.292463
0.297713
0.308919
0.317367
0.328795
0.33721
0.343199
0.347665
0.352103
0.356549
0.368812
0.369816
0.377742
0.37945
0.389038
0.39822
0.407556
0.417803
0.419357
0.434236
0.441696
0.446403
0.45737
0.46264
0.462922
0.46763
0.471003
0.475648
0.470643
0.47633
0.476897
0.475935
0.463559
0.455265
0.449662
0.445304
0.436098
0.422236
0.410243
0.410239
0.41419
0.413944
0.414988
0.424266
0.429627
0.449298
0.462837
0.466284
0.47205
0.479528
0.47631
0.463264
0.446241
0.419922
0.394234
0.373168
0.364518
0.354056
0.342894
0.33256
0.318894
0.307161
0.295864
0.28037
0.268623
0.256489
0.261713
0.267356
0.281409
0.292896
0.31373
0.331617
0.351262
0.362853
0.381072
0.384409
0.391509
0.40055
0.409933
0.413636
0.415263
0.415165
0.414654
0.407063
0.405368
0.404653
0.399464
0.403639
0.403547
0.407988
0.412904
0.433428
0.453221
0.467441
0.487421
0.514666
0.533814
0.56489
0.583771
0.584689
0.598599
0.618136
0.621067
0.635915
0.656046
0.67384
0.704748
0.713981
0.731301
0.746047
0.76336
0.78011
0.790106
0.807754
0.812203
0.823511
0.824734
0.822662
0.823059
0.817361
0.811
0.806246
0.804525
0.811248
0.816351
0.821842
0.824475
0.827986
0.831707
0.834948
0.845517
0.846801
0.851715
0.85602
0.85695
0.861315
0.876308
0.885309
0.893056
0.906675
0.917108
0.920897
0.929701
0.916451
0.925524
0.937204
0.934896
0.943536
0.944264
0.951461
0.953243
0.966281
0.969127
0.980861
0.98372
0.987481
0.984681
0.99272
0.979161
0.986996
0.9876
0.980232
0.990639
0.988828
0.990062
0.993509
0.988934
0.996132
0.990114
1.00023
1.00656
1.01586
1.00862
1.01261
1.00627
1.00113
0.989459
0.993768
0.977019
0.973588
0.959303
0.956809
0.944124
0.93695
0.91885
0.910314
0.897959
0.895265
0.893326
0.883109
0.873211
0.858879
0.858216
0.847622
0.840522
0.828449
0.816415
0.796238
0.78608
0.767974
0.750222
0.744981
0.733816
0.727754
0.718169
0.716719
0.71143
0.709396
0.713802
0.716777
0.721101
0.731482
0.731096
0.724796
0.72069
0.71143
0.70045
0.683764
0.67683
0.661512
0.650733
0.643916
0.625968
0.608652
0.588689
0.578075
0.56473
0.556615
0.545415
0.53722
0.536364
0.535273
0.535843
0.539635
0.538944
0.541574
0.54268
0.540287
0.538352
0.527808
0.520367
0.518654
0.512588
0.514521
0.51226
0.514364
0.508989
0.504537
0.494955
0.484486
0.474829
0.466167
0.454689
0.441298
0.440841
0.441712
0.442263
0.440961
0.445112
0.460312
0.463631
0.478629
0.490411
0.510184
0.52366
0.53608
0.551843
0.560958
0.573314
0.60002
0.603144
0.611235
0.619577
0.613497
0.611197
0.616824
0.611055
0.612049
0.618083
0.618455
0.615919
0.620614
0.632451
0.63708
0.646776
0.659246
0.67103
0.685395
0.703006
0.717541
0.725744
0.736832
0.737065
0.740006
0.748355
0.748053
0.751849
0.753871
0.741647
0.744607
0.732997
0.741145
0.750526
0.750959
0.761211
0.770827
0.775622
0.78218
0.787673
0.792593
0.795956
0.796896
0.800294
0.799684
0.799113
0.800933
0.802799
0.80729
0.809136
0.806721
0.808827
0.804421
0.810449
0.813948
0.822442
0.827558
0.827041
0.828298
0.828202
0.825724
0.829339
0.823885
0.828357
0.831139
0.835735
0.838254
0.841791
0.846224
0.854253
0.84632
0.841281
0.844536
0.844314
0.853754
0.855185
0.86553
0.868465
0.87337
0.872832
0.873741
0.884736
0.886313
0.883672
0.882066
0.885278
0.886099
0.893342
0.895322
0.89809
0.89619
0.898997
0.890138
0.900756
0.899161
0.901437
0.900265
0.898114
0.88467
0.880835
0.876916
0.869974
0.865437
0.860842
0.851614
0.851769
0.840579
0.835887
0.828018
0.817981
0.81525
0.816791
0.819761
0.831069
0.839721
0.840346
0.854695
0.856266
0.861986
0.867762
0.870081
0.868652
0.876959
0.861989
0.861598
0.86678
0.86014
0.865019
0.858005
0.85675
0.856866
0.852883
0.859287
0.854431
0.864079
0.857932
0.854138
0.848425
0.853775
0.84816
0.831409
0.818496
0.815902
0.802319
0.801665
0.786275
0.774749
0.758956
0.742486
0.742254
0.736866
0.731971
0.728531
0.718033
0.705233
0.690397
0.67334
0.653611
0.639168
0.625618
0.615014
0.604148
0.598161
0.599072
0.599783
0.603039
0.600882
0.602048
0.603073
0.601656
0.606304
0.603911
0.616066
0.616237
0.619206
0.622162
0.621051
0.62405
0.615911
0.610115
0.610816
0.609603
0.604814
0.599093
0.592715
0.589196
0.589897
0.591436
0.596045
0.593396
0.597377
0.592416
0.59126
0.587319
0.580342
0.577019
0.574829
0.568809
0.5739
0.572643
0.570771
0.576636
0.581833
0.581986
0.581156
0.583551
0.583777
0.585681
0.587103
0.584851
0.584268
0.582988
0.585025
0.586385
0.586319
0.581746
0.576048
0.57596
0.573815
0.573725
0.570184
0.569263
0.568623
0.571463
0.580891
0.586424
0.598843
0.602557
0.600818
0.598161
0.598193
0.597526
0.603381
0.608549
0.61747
0.623611
0.620089
0.609946
0.593634
0.578645
0.562388
0.553375
0.564023
0.580803
0.595687
0.619655
0.630703
0.632384
0.632467
0.630833
0.614584
0.583097
0.559347
0.541292
0.528531
0.508697
0.503815
0.510258
0.526507
0.539207
0.547622
0.55733
0.572333
0.590702
0.60477
0.61368
0.627931
0.627055
0.626946
0.623352
0.624881
0.618516
0.609761
0.606555
0.590467
0.578507
0.569417
0.563352
0.551838
0.543381
0.539035
0.529663
0.530719
0.534536
0.542861
0.548451
0.551197
0.561253
0.564024
0.569455
0.568095
0.568078
0.572571
0.567529
0.561801
0.563661
0.562584
0.562778
0.564223
0.569711
0.571238
0.575709
0.57879
0.584054
0.588557
0.586734
0.578857
0.572019
0.56516
0.559347
0.553056
0.549923
0.542445
0.536629
0.53376
0.535905
0.533927
0.535274
0.542253
0.547124
0.546016
0.553758
0.556661
0.559117
0.558611
0.558929
0.569663
0.570851
0.573133
0.578992
0.576284
0.582648
0.573041
0.569549
0.565483
0.561884
0.55481
0.545589
0.548752
0.542751
0.54467
0.545675
0.54159
0.536483
0.532417
0.525629
0.526578
0.525356
0.522384
0.522718
0.517648
0.514398
0.507985
0.506936
0.493146
0.485091
0.465681
0.443595
0.40359
0.381606
0.356756
0.338181
0.316702
0.299527
0.280975
0.273181
0.259056
0.250366
0.247369
0.236952
0.233873
0.234383
0.233684
0.237499
0.239725
0.243477
0.24294
0.242408
0.24552
0.239045
0.235524
0.226618
0.226162
0.219676
0.217121
0.211576
0.20482
0.203535
0.19932
0.200279
0.197846
0.199794
0.199619
0.203099
0.196224
0.196781
0.189353
0.188859
0.179528
0.175607
0.167202
0.157848
0.151994
0.144963
0.137212
0.133973
0.132638
0.128938
0.130622
0.131096
0.132518
0.130128
0.129889
0.132971
0.131625
0.135898
0.134543
0.137313
0.13495
0.135765
0.130291
0.131771
0.126926
0.122459
0.114655
0.112782
0.105945
0.106022
0.104159
0.103601
0.104668
0.110009
0.103267
0.107864
0.10745
0.106772
0.104724
0.0964104
0.0961222
0.09488
0.0935695
0.0854425
0.0830422
0.0803877
0.0789974
0.0815729
0.0836313
0.0842825
0.0859584
0.0874197
0.08364
0.0839649
0.0858984
0.083907
0.0862251
0.0857398
0.0855945
0.0839434
0.0881797
0.0843408
0.0828332
0.0776122
0.0743925
0.0683238
0.063162
0.0604606
0.0605804
0.0616102
0.0624951
0.0646267
0.0646854
0.0652647
0.0695156
0.0707942
0.0717609
0.0700245
0.0704441
0.069361
0.0682994
0.0685731
0.0680085
0.0676567
0.0666871
0.0689922
0.0707512
0.0695147
0.0712242
0.0724853
0.0744789
0.073381
0.0733318
0.0733011
0.0725883
0.0734616
0.0695391
0.0702092
0.0662888
0.0614256
0.0625691
0.0635222
0.0645829
0.0650908
0.0654883
0.0696875
0.0698521
0.0705152
0.0721107
0.0735302
0.06901
0.0711589
0.0715083
0.0706127
0.0693254
0.0703833
0.0687459
0.0706805
0.0669583
0.0678188
0.0689319
0.0694097
0.0683214
0.0690551
0.070301
0.0691927
0.067422
0.0684065
0.0706189
0.0718233
0.0705524
0.0690505
0.0684594
0.0700778
0.071526
0.0675716
0.0718415
0.0693725
0.0720722
0.0718283
0.0714615
0.0722976
0.072403
0.0687529
0.067229
0.0675336
0.0675464
0.0666677
0.0666396
0.0692068
0.0690266
0.0678832
0.0689918
0.0683338
0.07038
0.0695689
0.0717985
0.0690852
0.0714388
0.0703577
0.0707835
0.0678989
0.0701915
0.0698413
0.0692944
0.0701931
0.0697425
0.0691212
0.0722533
0.0687996
0.0724067
0.069771
0.0693519
0.0725399
0.070903
0.0702291
0.0707347
0.0720503
0.0719081
0.0678936
0.0706247
0.0712928
0.071949
0.0703324
0.0710187
0.0707603
0.0690187
0.0723704
0.0692502
0.0694015
0.071956
0.0736287
0.0761462
0.0853539
0.0906521
0.0981911
0.106241
0.113434
0.125852
0.137044
0.146258
0.15106
0.154692
0.161398
0.168462
0.174719
0.180972
0.189429
0.19207
0.196174
0.20751
0.218046
0.228578
0.244002
0.265108
0.274586
0.286413
0.301981
0.313942
0.318188
0.327845
0.34751
0.353216
0.359505
0.372099
0.380667
0.395296
0.40501
0.417612
0.427498
0.432111
0.43788
0.441776
0.447204
0.446221
0.444535
0.440702
0.434298
0.432439
0.425576
0.423986
0.425617
0.423544
0.42256
0.42313
0.422546
0.42652
0.429774
0.432286
0.441236
0.453084
0.461845
0.454539
0.467685
0.47314
0.477015
0.488445
0.491489
0.506619
0.511136
0.524651
0.531115
0.531233
0.538526
0.540978
0.537383
0.532685
0.538076
0.534085
0.5348
0.532656
0.527372
0.527116
0.527406
0.5323
0.531718
0.529962
0.533003
0.530113
0.528256
0.529524
0.536515
0.538194
0.541912
0.550196
0.54736
0.539912
0.542858
0.53529
0.536603
0.539683
0.539266
0.54449
0.544877
0.55272
0.544168
0.547643
0.546411
0.540948
0.546432
0.550756
0.554019
0.553968
0.554298
0.560702
0.567584
0.564884
0.581686
0.589167
0.59279
0.601685
0.608505
0.620913
0.623343
0.629108
0.632235
0.632249
0.636703
0.633955
0.632708
0.632869
0.626269
0.622217
0.625133
0.621746
0.62139
0.6197
0.61754
0.616711
0.620132
0.632377
0.637192
0.64317
0.652309
0.667258
0.669342
0.674899
0.681041
0.68524
0.695651
0.699947
0.705385
0.719261
0.719867
0.734794
0.73649
0.746293
0.749296
0.751284
0.755021
0.757951
0.765349
0.767422
0.777946
0.782873
0.787722
0.794296
0.800519
0.804888
0.808873
0.815626
0.82268
0.831918
0.83378
0.838508
0.840649
0.84816
0.845909
0.844401
0.854027
0.844734
0.848565
0.842382
0.840993
0.839958
0.843503
0.843357
0.84898
0.856194
0.860882
0.859274
0.866893
0.866061
0.878713
0.878877
0.873337
0.879755
0.885784
0.890876
0.903735
0.901519
0.906249
0.909735
0.910423
0.911691
0.914488
0.919622
0.924836
0.931006
0.936592
0.934173
0.945245
0.940596
0.945936
0.943826
0.958077
0.959015
0.966113
0.968403
0.96891
0.974205
0.977101
0.979916
0.986957
0.981941
0.994973
0.990197
1.00035
0.994713
0.997274
1.00211
1.00457
1.01285
0.998862
1.0021
0.996413
0.999524
0.991973
0.989327
0.980581
0.978622
0.969274
0.977906
0.968673
0.976522
0.974248
0.978945
0.982327
0.987378
0.988151
1.00366
0.998385
1.00457
0.996007
1.00043
0.997529
1.00737
1.00762
1.01721
1.01649
1.02203
1.02777
1.03272
1.04039
1.01675
1.02795
1.03134
1.03151
1.04252
1.04023
1.04189
1.04049
1.03348
1.04291
1.03904
1.022
1.03117
1.01912
1.02369
1.0081
1.00507
0.981041
0.970876
0.947267
0.929458
0.906804
0.865421
0.855717
0.842515
0.831686
0.822397
0.816089
0.815813
0.806435
0.798987
0.804063
0.806265
0.80653
0.802127
0.804849
0.801248
0.767243
0.741842
0.722671
0.704399
0.709103
0.719638
0.720434
0.724033
0.726149
0.720444
0.722056
0.735626
0.748516
0.762541
0.782035
0.792033
0.803217
0.77251
0.734608
0.694689
0.640881
0.617232
0.593581
0.587729
0.578364
0.560394
0.537478
0.519327
0.496256
0.468566
0.44696
0.429151
0.415552
0.407565
0.399498
0.391496
0.376637
0.36838
0.35804
0.347803
0.33497
0.323749
0.31529
0.302477
0.288653
0.280301
0.270813
0.256739
0.24507
0.235295
0.226995
0.220202
0.21225
0.207468
0.210543
0.208204
0.206803
0.201669
0.197877
0.195749
0.185211
0.180545
0.178089
0.176462
0.175321
0.178499
0.174622
0.177929
0.178423
0.1764
0.175257
0.177954
0.178176
0.174654
0.175375
0.173007
0.172174
0.174866
0.173495
0.172972
0.175054
0.177601
0.175277
0.173977
0.173321
0.173801
0.173507
0.170616
0.172367
0.173035
0.172599
0.176032
0.170668
0.173089
0.172428
0.173484
0.169287
0.175874
0.175699
0.171412
0.17133
0.171071
0.171197
0.173255
0.173331
0.171394
0.17041
0.172565
0.170615
0.175991
0.173732
0.171516
0.171294
0.173321
0.170707
0.172229
0.172172
0.173071
0.171857
0.175533
0.172862
0.172112
0.170472
0.17346
0.173089
0.170539
0.171311
0.171519
0.173569
0.170605
0.172728
0.172956
0.171706
0.172114
0.171212
0.169373
0.167793
0.169705
0.170737
0.172701
0.173225
0.172817
0.170831
0.169081
0.172708
0.170875
0.171172
0.17065
0.171587
0.169467
0.170825
0.171679
0.169878
0.16987
0.170989
0.173909
0.172365
0.167528
0.169563
0.171914
0.1716
0.17256
0.168943
0.170016
0.172045
0.171185
0.171026
0.171197
0.170205
0.171808
0.17231
0.171462
0.169497
0.171335
0.1689
0.173317
