-0.00446525
0.00625068
0.0065571
-0.00552585
-0.0115422
-0.012551
-0.0185153
0.0111718
0.00258047
-0.0158473
-0.00521642
0.0105591
0.00564858
0.0183578
0.0146219
0.00496489
0.00574388
-0.00878067
-0.00645017
-0.00156634
-0.0119978
0.0074635
0.0113705
0.002469
-0.0114513
0.00498116
-0.00532403
0.00134588
-0.00641195
-0.0160419
0.0171394
0.000969974
0.00136949
0.0131083
0.00271943
0.00418939
-0.0139422
-0.00381841
0.00824951
-0.0111996
0.000304454
0.00134991
-0.0109131
0.0111692
-0.00557432
-0.00939641
-0.00774862
-0.00624215
0.0131197
-0.0101604
0.0066345
0.0109202
-0.0234071
0.00775104
-0.0047761
-0.0294601
0.00780578
0.00345024
-0.00374665
-0.00133325
-0.00515975
-2.80635e-05
0.00695049
-0.00761631
-0.010787
-0.00994445
-0.00326821
0.0156635
0.00529862
-0.0189377
-0.0204591
0.00317555
0.00779592
-0.0125745
0.00657698
0.0135806
-0.0104096
-0.0259104
0.021508
0.000925563
-0.000809832
-0.00316117
0.00229914
-0.0153335
0.00330487
0.00354549
0.0175163
-0.00517421
0.0122659
0.027778
0.0183548
0.0115885
0.0299901
-0.016147
0.00810459
-0.00755543
-0.0100023
-0.00946677
-0.00131791
0.000381293
0.00201739
-0.00118092
0.0136941
0.0045004
-9.92678e-05
-0.0109019
0.00618445
0.0205518
-0.0173908
0.0141141
0.0112494
-0.00209182
0.00462202
0.0187159
-0.00492706
-0.00797635
-0.00919875
-0.00868455
-0.00394656
0.0175827
0.014258
-7.36341e-05
-0.00525487
0.000838464
0.00716651
-0.00458148
0.0132234
0.0147849
-0.00423623
0.009319
0.00779835
0.000318368
-0.00972349
-0.00962349
0.00854825
0.0158429
-0.0190168
0.000134735
-0.00495498
0.0104369
-0.0149465
0.00582322
-0.0218431
0.00384233
0.00721432
0.00849209
-0.00250838
-0.0128962
-0.0122926
0.0116971
-0.00431837
0.000374664
-0.00654478
-0.00467322
-0.00569205
-0.00124707
-0.00339202
0.00818539
0.0107958
0.000618156
0.00099418
0.00234882
-0.0134391
0.00224422
-0.0191564
0.00500868
-0.00682925
0.00443404
0.0125224
0.00266428
-0.00422347
-0.00392547
-0.00463553
-0.00948886
0.00875204
0.0102101
0.0186707
-0.00899597
-0.00714442
0.0135642
0.00675252
0.00271591
-0.00768105
-0.017867
0.00235956
-0.00080814
0.00941612
-0.0045754
-0.00227733
-0.0113125
0.0125333
0.00878196
0.0106221
-0.000820024
0.00125688
0.0156305
-0.00332079
-0.00352254
-0.00884501
0.0102819
0.00361151
0.0093427
-0.00514318
0.000175467
-0.00691448
-0.00608051
0.000145798
-0.0129178
0.00398752
-0.00887854
0.00839359
-0.00468931
0.0102522
-0.0126642
-0.0118802
-0.0066093
-0.00513408
-0.00392397
0.0260364
-0.0138855
0.0042408
0.00451219
-0.0120026
0.0175395
-0.0074473
-0.00866342
0.00411633
0.0117858
-0.00085435
0.00520659
0.0201913
0.0219611
0.00605996
-0.00660415
0.0207328
-0.00598936
0.00379371
-0.00315441
-0.0185175
0.00124596
0.0129162
0.00478979
0.000422333
-0.00199917
0.0341107
-0.0122723
0.00653823
0.00306264
0.000287836
0.00643698
-0.00606516
0.010892
0.0126782
0.0105213
0.00389629
0.0109065
0.00593773
0.0116763
-0.013864
0.00279535
-0.0023497
0.00603619
0.0129056
0.00152526
-0.00485553
0.00354899
-0.0155417
-0.000952625
-0.00990612
0.00693038
0.0110884
-0.0216814
-0.0191554
0.00815819
-0.0133644
-0.0078782
0.00488565
0.00142794
-0.0226941
0.0265653
0.0105107
0.0153171
-0.0142465
0.0069687
0.00368397
0.00297846
0.0205566
0.00135317
-0.00172883
0.0153419
0.0168994
0.00231784
-0.00872712
0.00676722
-0.00823427
-0.00367165
0.000971427
-0.00755298
0.00391481
-0.00825338
-0.0058422
0.0131791
-0.0110858
-0.00246498
0.0158358
-0.00401165
0.00484833
-0.0178127
-0.00379286
0.00287222
-0.0113357
-0.0110126
-0.00306289
-0.0147309
-0.00534084
-0.0135374
-0.000301656
-0.00232053
-0.0221804
-0.01108
0.00327272
0.00332428
-0.00379735
0.00178472
0.0033514
0.00377422
-0.0151991
-0.00540467
-0.0059476
0.00434695
0.00135569
-0.00313672
0.015336
-0.0064421
0.0104918
-0.00324721
0.00947615
0.0140736
0.0193469
0.0115465
0.00521914
-0.00473894
-0.0160859
0.0113164
0.00258671
-0.0286047
-0.0193227
-0.0226145
-0.0191984
-0.0031349
-0.00649961
0.00360193
-0.0107621
-0.00428593
-0.0247518
-0.00850553
0.0194547
0.00838338
-0.0105067
-0.0165124
-0.0117856
-0.0243113
-0.0483575
-0.0718063
-0.0690209
-0.0936381
-0.048432
-0.0668259
-0.054901
-0.0568402
-0.0324215
-0.0226618
-0.0317697
-0.0173338
-0.0528077
-0.0496813
-0.0481684
-0.0758753
-0.0718375
-0.0707491
-0.0535321
-0.0752321
-0.0949252
-0.116704
-0.107077
-0.131173
-0.120858
-0.15071
-0.122377
-0.152895
-0.137543
-0.120683
-0.143295
-0.150594
-0.140328
-0.140126
-0.134328
-0.157505
-0.135959
-0.143124
-0.169241
-0.184754
-0.177786
-0.159781
-0.181421
-0.216046
-0.162602
-0.16632
-0.196372
-0.168952
-0.182821
-0.171539
-0.188926
-0.159042
-0.176143
-0.172417
-0.135362
-0.114784
-0.130285
-0.145386
-0.091719
-0.10829
-0.122726
-0.0958475
-0.107266
-0.156001
-0.131345
-0.128
-0.164115
-0.165295
-0.167019
-0.175478
-0.16461
-0.136883
-0.14847
-0.144151
-0.0922751
-0.0859768
-0.0468669
-0.0350365
-0.0436259
-0.0715397
-0.073617
-0.0234048
-0.0149423
-0.0120522
0.0114743
-0.011948
1.95382e-05
0.0112051
-0.0148837
-0.0266669
-0.0437343
-0.0750472
-0.0869153
-0.117946
-0.14016
-0.130433
-0.144721
-0.154212
-0.121825
-0.146971
-0.143567
-0.158782
-0.102607
-0.143637
-0.138696
-0.109598
-0.107035
-0.106368
-0.122837
-0.11708
-0.131282
-0.125327
-0.140515
-0.161692
-0.178387
-0.208362
-0.221327
-0.23822
-0.232742
-0.282634
-0.270596
-0.282004
-0.231431
-0.235721
-0.300903
-0.271565
-0.287804
-0.2649
-0.290858
-0.313495
-0.295478
-0.314812
-0.316637
-0.312757
-0.328626
-0.295155
-0.306596
-0.300592
-0.30522
-0.287975
-0.271348
-0.274665
-0.288016
-0.29922
-0.279522
-0.243841
-0.248783
-0.282653
-0.258979
-0.305199
-0.284245
-0.278053
-0.239176
-0.294207
-0.299532
-0.288151
-0.309303
-0.299508
-0.302872
-0.296498
-0.316425
-0.318677
-0.327452
-0.337127
-0.302579
-0.294844
-0.270992
-0.310005
-0.31971
-0.3027
-0.311782
-0.261498
-0.319954
-0.305776
-0.336943
-0.299881
-0.324162
-0.29344
-0.306757
-0.288419
-0.337789
-0.331066
-0.317103
-0.339326
-0.313781
-0.321108
-0.341589
-0.30104
-0.331348
-0.319351
-0.328878
-0.323242
-0.335846
-0.314099
-0.345078
-0.304732
-0.338396
-0.305804
-0.27308
-0.288753
-0.293422
-0.306864
-0.312108
-0.328687
-0.293113
-0.296522
-0.29208
-0.258816
-0.262172
-0.233983
-0.289961
-0.246355
-0.267677
-0.259202
-0.246214
-0.246745
-0.227958
-0.211676
-0.17973
-0.215847
-0.167491
-0.188988
-0.157719
-0.147755
-0.169711
-0.160293
-0.166959
-0.163121
-0.188376
-0.182221
-0.204779
-0.190185
-0.198237
-0.216084
-0.221924
-0.187376
-0.168914
-0.180929
-0.152046
-0.152993
-0.156555
-0.161257
-0.140029
-0.136615
-0.118159
-0.110273
-0.110993
-0.0953011
-0.115643
-0.101639
-0.102855
-0.0859785
-0.0837417
-0.134834
-0.119623
-0.104903
-0.136254
-0.129187
-0.121383
-0.115086
-0.135285
-0.117927
-0.0955509
-0.106226
-0.109522
-0.08951
-0.126006
-0.104604
-0.100228
-0.104721
-0.0796877
-0.0538686
-0.0351017
-0.0603815
-0.0514601
-0.0568053
-0.0402729
-0.0693082
-0.0927288
-0.0945992
-0.0808958
-0.113312
-0.123199
-0.129484
-0.162381
-0.17741
-0.185657
-0.19123
-0.185045
-0.165997
-0.170698
-0.165631
-0.192039
-0.158686
-0.202481
-0.188546
-0.163521
-0.194556
-0.199401
-0.154273
-0.177907
-0.186935
-0.167164
-0.17554
-0.190497
-0.215377
-0.227631
-0.256309
-0.237146
-0.248105
-0.264159
-0.289288
-0.282389
-0.256109
-0.277681
-0.234499
-0.250067
-0.236175
-0.253476
-0.228415
-0.237667
-0.221617
-0.245395
-0.208004
-0.231772
-0.234801
-0.233756
-0.242472
-0.287489
-0.250801
-0.281996
-0.267772
-0.258375
-0.300674
-0.254036
-0.295778
-0.269226
-0.278374
-0.283888
-0.241112
-0.2697
-0.259824
-0.274608
-0.264455
-0.295997
-0.26493
-0.259495
-0.290429
-0.263978
-0.280737
-0.23749
-0.248678
-0.257434
-0.259674
-0.255763
-0.225791
-0.247497
-0.237585
-0.294676
-0.274009
-0.274976
-0.256812
-0.266752
-0.258281
-0.30253
-0.278442
-0.276949
-0.288766
-0.300903
-0.2857
-0.27938
-0.278339
-0.276112
-0.30185
-0.291925
-0.29838
-0.302189
-0.273366
-0.288502
-0.285798
-0.276873
-0.287019
-0.286825
-0.304335
-0.27085
-0.275192
-0.285565
-0.285502
-0.261585
-0.256737
-0.245192
-0.240281
-0.270626
-0.27989
-0.271195
-0.266944
-0.242924
-0.257046
-0.240191
-0.269184
-0.241645
-0.262793
-0.271612
-0.273052
-0.26502
-0.3191
-0.30804
-0.292106
-0.330496
-0.285243
-0.289382
-0.300058
-0.295362
-0.288544
-0.314765
-0.247901
-0.236852
-0.225746
-0.26354
-0.268536
-0.278566
-0.279574
-0.259448
-0.267939
-0.261683
-0.292658
-0.298058
-0.289805
-0.254423
-0.272092
-0.253987
-0.250303
-0.260291
-0.263593
-0.252
-0.240961
-0.202505
-0.220186
-0.19618
-0.188689
-0.186971
-0.187561
-0.192779
-0.186665
-0.174478
-0.186368
-0.162447
-0.142296
-0.128369
-0.120839
-0.125992
-0.132568
-0.131578
-0.110147
-0.124984
-0.156435
-0.143495
-0.158489
-0.157721
-0.169672
-0.181097
-0.158141
-0.181262
-0.16716
-0.18344
-0.178071
-0.186152
-0.185877
-0.159161
-0.166833
-0.16561
-0.179429
-0.165318
-0.172748
-0.13618
-0.141495
-0.13193
-0.136058
-0.17069
-0.155596
-0.197497
-0.182532
-0.198312
-0.162974
-0.148588
-0.139402
-0.139466
-0.157705
-0.155771
-0.154039
-0.162357
-0.172922
-0.142139
-0.16699
-0.159325
-0.182575
-0.149101
-0.148701
-0.141318
-0.157933
-0.182279
-0.16533
-0.173235
-0.166099
-0.162473
-0.171476
-0.182579
-0.153177
-0.152399
-0.15441
-0.166732
-0.179493
-0.170893
-0.173671
-0.17297
-0.206941
-0.181389
-0.216564
-0.202339
-0.181468
-0.214131
-0.210731
-0.189063
-0.20096
-0.230788
-0.203958
-0.198421
-0.21008
-0.178556
-0.161738
-0.123301
-0.132711
-0.133129
-0.164238
-0.198912
-0.221405
-0.206036
-0.218112
-0.234645
-0.195919
-0.170696
-0.173273
-0.158988
-0.127021
-0.0816875
-0.0960867
-0.0887424
-0.0762255
-0.122123
-0.152375
-0.179734
-0.154213
-0.182782
-0.216864
-0.218822
-0.216378
-0.224816
-0.2226
-0.218642
-0.180728
-0.194572
-0.19201
-0.203158
-0.19003
-0.15632
-0.168183
-0.13603
-0.129761
-0.10555
-0.128677
-0.134978
-0.122851
-0.106399
-0.120816
-0.144052
-0.157754
-0.188104
-0.179597
-0.14554
-0.139103
-0.156844
-0.165711
-0.143899
-0.145775
-0.181851
-0.176937
-0.164063
-0.148942
-0.146084
-0.156972
-0.174207
-0.177775
-0.154938
-0.190823
-0.165806
-0.201959
-0.193563
-0.173888
-0.142679
-0.126104
-0.129666
-0.139359
-0.114186
-0.129239
-0.13538
-0.12972
-0.121623
-0.153256
-0.143576
-0.147856
-0.168166
-0.158982
-0.161808
-0.17538
-0.153658
-0.168033
-0.179451
-0.171084
-0.190839
-0.217038
-0.164604
-0.19864
-0.188121
-0.169553
-0.163734
-0.128045
-0.151573
-0.14047
-0.172764
-0.151836
-0.191755
-0.156719
-0.161768
-0.148747
-0.145
-0.13846
-0.159847
-0.130699
-0.140619
-0.151532
-0.135886
-0.128904
-0.145937
-0.114701
-0.10248
-0.114184
-0.082086
-0.0779922
-0.0649937
-0.0358673
0.00622189
-0.000778172
0.000325176
0.0182316
0.0355193
0.0361679
0.0244548
0.00582775
0.013346
-0.00137455
0.00570077
0.00436219
-0.00419758
-0.00967415
-0.0263961
-0.0225506
-0.0153673
-0.0261597
-0.0284964
-0.00792854
-0.00946575
0.00255184
0.00380793
0.00417203
-0.0113706
0.00779216
0.0162309
0.0128451
0.0319561
-0.00331246
0.00944475
-0.0249043
-0.0100161
-0.0131818
0.00424883
-0.0114817
-0.00821028
-0.0116344
0.000585452
0.0147406
0.0264702
0.0293412
0.0204412
0.0202496
0.0121312
0.0268606
0.001593
0.0145546
0.00238916
0.012904
0.00978913
-0.0229933
-0.0215625
-0.0149852
-0.0151284
0.00572194
0.00106175
-0.00705524
0.00903174
-0.0131218
-0.012477
-0.00274598
0.0241447
-0.00179673
0.0371167
0.0181002
0.0195893
0.0288533
0.00803834
-0.00371205
0.0136042
0.0109211
0.00230777
-0.0214698
-0.00681938
0.0234656
-0.0132327
-0.0190742
0.00939611
0.0165203
0.0487676
0.0376959
-0.0182932
0.0452875
0.0325739
0.00576796
-0.00854658
-0.0116923
0.00305436
-0.00358994
-0.0155205
-0.0250829
0.00081544
0.00880247
-0.0181344
-0.0146526
-0.00176467
0.00275953
0.00686742
0.0130866
0.00441957
0.0344354
0.0392401
0.0114873
0.0211402
0.0216408
0.00304694
0.00797653
0.00406533
-0.0130668
-0.00372774
-0.0105606
-0.014164
-0.0135742
-0.00724552
-0.0243054
0.0172232
-0.000120826
0.00557066
-0.00462314
0.0107516
-0.00147424
0.00656478
-0.0126441
-0.0218514
-0.0091951
-0.00672831
-0.0254617
0.00453014
0.00829769
-0.00798
-0.0099313
-0.018393
-0.0109942
0.0217487
0.0257525
0.00894814
0.0109655
0.0305437
0.0048832
0.0027061
0.0225533
0.00102436
-0.020303
-0.0229429
-0.0128789
0.000951629
-0.00435094
-0.000684971
-0.00892584
0.00695008
0.00617724
0.012575
-0.00169829
-0.00556129
0.0110039
0.00122471
-0.0263339
0.000497712
0.000649362
0.0038981
0.0113125
0.00972573
-0.00701612
-0.00685849
-0.0119442
-0.00362295
0.00891836
0.0175839
0.00489279
-0.00224804
-0.0062295
-0.0280176
0.00155191
0.0203978
-0.00132533
0.00758108
0.00560034
0.000326395
0.000670026
0.00488937
0.00646358
-0.00778905
0.0213796
0.0169176
0.0127148
0.00193018
-0.0136664
0.00767141
0.00297223
0.00542672
-0.00633204
-0.00420473
0.0139636
-0.00743855
0.0151014
0.0040247
-0.0117359
0.00158893
0.00685753
0.014074
0.00329634
0.00674825
-0.0240798
0.00452464
0.00274494
0.00973227
-0.0162403
-0.00768178
-0.0146847
-0.00207395
0.015736
0.00129917
0.0112461
-0.0221878
-0.0140511
-0.0202346
-0.00330838
-0.00278891
-2.82377e-05
-0.0140259
-0.0189425
0.000196976
0.00361368
-0.0150283
-0.0178035
0.00665128
0.00683178
-0.0148172
-0.00430365
-0.0538956
-0.0287648
-0.0195555
-0.0226424
-0.0349713
-0.029143
-0.0514714
-0.0299362
-0.0324643
-0.0478952
-0.0426527
-0.0337028
-0.0120034
-0.0338521
-0.0264181
-0.0471369
-0.0489116
-0.0252384
-0.0362637
-0.0256226
-0.070173
-0.0733811
-0.082307
-0.116904
-0.116819
-0.1335
-0.129376
-0.146676
-0.148884
-0.122566
-0.109339
-0.147909
-0.120747
-0.152797
-0.187044
-0.154969
-0.190791
-0.165675
-0.179818
-0.18212
-0.158198
-0.160176
-0.179274
-0.178946
-0.186318
-0.18104
-0.159131
-0.136385
-0.141815
-0.131826
-0.134332
-0.141748
-0.126372
-0.112667
-0.159698
-0.144131
-0.146363
-0.182017
-0.169243
-0.177845
-0.179974
-0.19238
-0.0627503
-0.186497
-0.151043
-0.195691
-0.17834
-0.203674
-0.177432
-0.195215
-0.202809
-0.171168
-0.164124
-0.200593
-0.176875
-0.186565
-0.188476
-0.188507
-0.169798
-0.188834
-0.153147
-0.170144
-0.137508
-0.182845
-0.164874
-0.169201
-0.201919
-0.199502
-0.215141
-0.192133
-0.198285
-0.208628
-0.19042
-0.197746
-0.194412
-0.183018
-0.194457
-0.208585
-0.171538
-0.195521
-0.187439
-0.197088
-0.208969
-0.204365
-0.213004
-0.203266
-0.200847
-0.207556
-0.205781
-0.191829
-0.182435
-0.198394
-0.130593
-0.201706
-0.199414
-0.233871
-0.17927
-0.247709
-0.206885
-0.207773
-0.234033
-0.235268
-0.268488
-0.245456
-0.245704
-0.25882
-0.184165
-0.248062
-0.220343
-0.195192
-0.240297
-0.219373
-0.205491
-0.21792
-0.2062
-0.247866
-0.251341
-0.23665
-0.243565
-0.242723
-0.27794
-0.257311
-0.205575
-0.251255
-0.288507
-0.252656
-0.271738
-0.256497
-0.238669
-0.253778
-0.2158
-0.244143
-0.256585
-0.246796
-0.27617
-0.271429
-0.29435
-0.241904
-0.245764
-0.270624
-0.277346
-0.292373
-0.286556
-0.269648
-0.275038
-0.305431
-0.303887
-0.311905
-0.328953
-0.29159
-0.301882
-0.314774
-0.324454
-0.313495
-0.340677
-0.30136
-0.299815
-0.273358
-0.265313
-0.296948
-0.248776
-0.291032
-0.259125
-0.277365
-0.294739
-0.307309
-0.283073
-0.292602
-0.293188
-0.283629
-0.298461
-0.314575
-0.318282
-0.294026
-0.32945
-0.29576
-0.297441
-0.317768
-0.349963
-0.298908
-0.327619
-0.324713
-0.332188
-0.361405
-0.312581
-0.343365
-0.333253
-0.340494
-0.327478
-0.365087
-0.296987
-0.346939
-0.340057
-0.345167
-0.327114
-0.348227
-0.334897
-0.358718
-0.343357
-0.342929
-0.342759
-0.368325
-0.34945
-0.38684
-0.350519
-0.371418
-0.348569
-0.332972
-0.369375
-0.339828
-0.320961
-0.299604
-0.343191
-0.311183
-0.324098
-0.310681
-0.296756
-0.305151
-0.30944
-0.317789
-0.313574
-0.276292
-0.303746
-0.318164
-0.337401
-0.337614
-0.347757
-0.334613
-0.3423
-0.34015
-0.368066
-0.332935
-0.322393
-0.331845
-0.348613
-0.330605
-0.319558
-0.328623
-0.332464
-0.353217
-0.328998
-0.362161
-0.334439
-0.354464
-0.365639
-0.397981
-0.408317
-0.337436
-0.375338
-0.389375
-0.392407
-0.401246
-0.384039
-0.389619
-0.393937
-0.337645
-0.359572
-0.33124
-0.309441
-0.333323
-0.322163
-0.280154
-0.274068
-0.226849
-0.253647
-0.214191
-0.224599
-0.202306
-0.215266
-0.202308
-0.190163
-0.258781
-0.251178
-0.273582
-0.25296
-0.208375
-0.237779
-0.254827
-0.24324
-0.265297
-0.196035
-0.168424
-0.0780765
-0.17617
-0.130787
-0.227442
-0.204284
-0.188763
-0.210096
-0.207883
-0.160045
-0.191381
-0.208979
-0.201413
-0.250569
-0.262823
-0.255512
-0.259074
-0.115516
-0.10285
-0.0705392
-0.122823
-0.107193
-0.102471
-0.134574
-0.136403
-0.0797297
-0.0767096
-0.085795
-0.0586678
-0.0436901
-0.0480481
-0.0212504
-0.0515436
-0.0516564
-0.0754673
-0.0573202
-0.0626967
-0.0435441
-0.0496563
-0.0571245
-0.0181796
-0.0172669
-0.0190324
-0.0017633
0.00125922
-0.00877186
-0.00393148
0.0101923
-0.00883777
2.20053e-05
-0.0132858
-0.0066875
-0.000291944
0.0113347
-0.00175529
0.00916294
0.00140395
0.00403147
0.0173722
0.00247903
0.0219738
0.0348619
0.01249
0.0122269
0.011166
0.000278762
-0.0108134
-0.00312674
0.00229027
-0.00426601
0.000816183
0.00524458
0.00171879
0.00340488
0.00972704
-0.00904662
0.00788568
0.00339493
0.00023746
-0.0148463
-0.0017285
-0.0195739
-0.0185514
0.00471307
-0.00302812
0.00144478
0.0022401
0.0118973
0.0165708
0.0156757
-0.00118322
-0.0103431
0.0243834
-0.00324411
-0.00422785
-0.0123177
0.0124425
-0.00767771
-0.00948561
0.00142639
0.0160604
0.00786953
-0.00638748
-0.00940032
-0.00846168
0.0211977
0.00619826
-0.000833657
0.0202691
-0.0273973
-0.00686019
0.000788539
-0.00930066
-0.0120513
0.00577072
0.0042601
-0.0011495
-0.0150539
0.00615184
-0.0169617
-0.0163195
-0.0194635
0.0102773
-0.0023741
-0.00109751
-0.0116337
0.0067151
0.0118371
-0.0206737
-0.0115414
-0.000338549
-0.00396323
-0.00534909
0.00874565
-0.00388167
0.014584
-0.00900858
0.0111088
0.0192847
-0.00834417
-0.00252927
0.0169757
-0.00589206
0.00391983
-0.0305973
-0.00401936
-0.0145162
-0.00407482
0.00187103
-0.0176671
0.00825656
-0.011969
0.0115102
0.00678698
-0.00669202
0.0101782
-0.00906001
0.00447918
0.00398091
-0.0180885
0.0100339
-0.0208944
0.00817357
0.000959123
-0.00799663
0.00862525
-0.00717959
-0.0152147
0.010795
-0.0189662
-0.00638195
-0.0143456
0.000987804
0.00127331
0.00632136
0.0233892
