1.06085
1.06081
1.06086
1.06081
1.06079
1.06082
1.06079
1.06077
1.0608
1.06079
1.06087
1.0608
1.06081
1.06078
1.06076
1.06086
1.06075
1.06084
1.06082
1.06083
1.0608
1.0608
1.06081
1.0608
1.06084
1.06085
1.0608
1.06082
1.06081
1.06079
1.06083
1.06079
1.06085
1.06082
1.06081
1.06086
1.06083
1.06075
1.06073
1.06084
1.06079
1.0608
1.06083
1.06083
1.06085
1.06082
1.06079
1.06081
1.06083
1.0608
1.06084
1.06082
1.06082
1.06081
1.0608
1.06082
1.06083
1.06081
1.06082
1.06083
1.06079
1.06087
1.06087
1.06082
1.06083
1.06079
1.06081
1.06087
1.06089
1.06082
1.06081
1.06085
1.06082
1.06083
1.06083
1.06079
1.06081
1.06077
1.06082
1.06085
1.06081
1.06081
1.06085
1.06079
1.06082
1.06086
1.06082
1.06083
1.06079
1.06086
1.06082
1.06083
1.06081
1.06086
1.06087
1.06083
1.06084
1.06082
1.06088
1.06082
1.06083
1.06082
1.06086
1.06081
1.06086
1.06081
1.06083
1.06086
1.06087
1.06087
1.06084
1.06082
1.06085
1.06087
1.06086
1.06085
1.06083
1.06083
1.06083
1.0609
1.06081
1.06082
1.06086
1.06082
1.06085
1.06086
1.06081
1.06086
1.06083
1.06086
1.06084
1.06088
1.06089
1.06084
1.0608
1.06084
1.06086
1.06084
1.06084
1.06088
1.06082
1.06083
1.06083
1.06085
1.06085
1.06088
1.06086
1.06087
1.0609
1.06088
1.06088
1.06087
1.06086
1.06084
1.06081
1.06087
1.06088
1.06082
1.06078
1.06082
1.06083
1.0609
1.06086
1.06088
1.06085
1.06084
1.06083
1.06082
1.06085
1.06083
1.06087
1.06086
1.0609
1.061
1.06109
1.06108
1.06113
1.06106
1.06107
1.06105
1.06105
1.06103
1.06104
1.061
1.06108
1.06106
1.06109
1.06103
1.061
1.06101
1.06096
1.06099
1.06098
1.06099
1.06096
1.06104
1.06104
1.06104
1.06101
1.06099
1.06105
1.061
1.06102
1.06099
1.061
1.06107
1.06112
1.06113
1.06121
1.06124
1.06123
1.06123
1.0612
1.06121
1.06122
1.06124
1.06124
1.06121
1.06122
1.06122
1.0612
1.06114
1.06111
1.06111
1.061
1.06092
1.06086
1.06082
1.06074
1.06075
1.06073
1.06074
1.06083
1.06075
1.06081
1.06079
1.0608
1.06065
1.06054
1.06045
1.06038
1.0603
1.06029
1.0603
1.06022
1.06028
1.06024
1.06024
1.06022
1.0602
1.06029
1.06021
1.06021
1.06026
1.06032
1.06024
1.06028
1.06026
1.06029
1.06022
1.06017
1.06012
1.06009
1.06008
1.06002
1.06001
1.06002
1.06003
1.06003
1.06004
1.06001
1.06
1.05996
1.05992
1.05984
1.05977
1.05969
1.05975
1.05973
1.05975
1.05974
1.05977
1.05975
1.05975
1.0598
1.05976
1.05992
1.05996
1.05996
1.05995
1.05988
1.05977
1.05976
1.05966
1.05964
1.0597
1.05974
1.05968
1.05975
1.05976
1.05977
1.05982
1.05987
1.05995
1.05988
1.05987
1.05995
1.05998
1.06004
1.06001
1.05996
1.05992
1.05972
1.05943
1.05916
1.05905
1.0589
1.05899
1.05903
1.05917
1.0593
1.05942
1.05947
1.05941
1.05949
1.0595
1.05951
1.05944
1.05943
1.05943
1.05949
1.05945
1.05946
1.05942
1.05946
1.05946
1.0595
1.05949
1.05953
1.05958
1.05969
1.05971
1.05975
1.05974
1.05968
1.05958
1.05948
1.05936
1.05932
1.05934
1.0593
1.05931
1.05927
1.05928
1.05934
1.0593
1.05934
1.05938
1.05933
1.05941
1.05934
1.05936
1.05935
1.05936
1.05933
1.05931
1.05926
1.05929
1.05928
1.05933
1.0593
1.05932
1.0592
1.05907
1.05892
1.0587
1.05854
1.05834
1.05827
1.05827
1.05825
1.05821
1.05813
1.05798
1.05786
1.05765
1.05752
1.05726
1.05698
1.05659
1.05642
1.05623
1.05609
1.05591
1.05586
1.05552
1.05519
1.05501
1.05463
1.05437
1.05395
1.05354
1.05272
1.05156
1.05085
1.05007
1.04932
1.04865
1.04766
1.04699
1.04625
1.04541
1.04463
1.04392
1.04327
1.04287
1.0425
1.04231
1.04217
1.0418
1.04135
1.04102
1.04077
1.04053
1.04009
1.0397
1.03946
1.03928
1.03915
1.03898
1.03839
1.03812
1.0377
1.03731
1.03677
1.03624
1.03569
1.03518
1.03476
1.03416
1.03266
1.03029
1.02789
1.02532
1.0226
1.01966
1.01672
1.01378
1.01078
1.00802
1.00525
1.00256
1.00021
0.997719
0.995574
0.993351
0.991349
0.989496
0.987641
0.98592
0.984409
0.98268
0.980959
0.978995
0.977142
0.975002
0.972758
0.968918
0.966751
0.964698
0.962595
0.960582
0.958926
0.956989
0.954851
0.952708
0.950266
0.948014
0.945709
0.943374
0.941276
0.939007
0.936879
0.934666
0.932413
0.930186
0.928078
0.92584
0.923662
0.921461
0.919251
0.916963
0.914911
0.912929
0.911012
0.909235
0.907232
0.905208
0.903222
0.901608
0.900015
0.898184
0.896491
0.894681
0.89288
0.888934
0.886789
0.884767
0.882728
0.880519
0.878475
0.876254
0.873845
0.871603
0.869227
0.866918
0.86461
0.862462
0.860386
0.858266
0.856013
0.853966
0.851851
0.849669
0.847714
0.84584
0.844073
0.84232
0.84075
0.839036
0.837512
0.836161
0.834675
0.832934
0.831227
0.829464
0.827679
0.825784
0.82373
0.821727
0.8197
0.817645
0.815618
0.813551
0.808983
0.806611
0.804389
0.802173
0.800078
0.798066
0.796207
0.794612
0.79291
0.791449
0.789955
0.788468
0.787039
0.785823
0.784464
0.783423
0.782423
0.781525
0.780178
0.77876
0.777157
0.775466
0.773966
0.772517
0.771067
0.769593
0.767931
0.766206
0.764482
0.762646
0.76103
0.759437
0.757899
0.756145
0.75275
0.750901
0.749157
0.747633
0.745824
0.743981
0.742152
0.740158
0.738127
0.736343
0.734514
0.732713
0.730942
0.729214
0.727565
0.725858
0.724538
0.72304
0.721375
0.719777
0.718572
0.717606
0.716932
0.71627
0.715241
0.714058
0.712729
0.711383
0.709897
0.708504
0.707066
0.705782
0.704373
0.702845
0.701382
0.699813
0.698308
0.696471
0.693093
0.691213
0.689417
0.687658
0.686002
0.684345
0.682956
0.681573
0.680495
0.679442
0.678448
0.677508
0.676375
0.675296
0.674267
0.673142
0.671889
0.670819
0.669455
0.668087
0.66668
0.665335
0.663754
0.662335
0.660844
0.659426
0.657772
0.656096
0.654234
0.652431
0.650596
0.648809
0.647178
0.645495
0.643901
0.642344
0.640813
0.639266
0.635948
0.634192
0.632411
0.630558
0.628847
0.626998
0.625336
0.623602
0.621904
0.620399
0.618929
0.617477
0.615848
0.614274
0.61265
0.61117
0.609691
0.60815
0.606645
0.605285
0.60382
0.602612
0.601564
0.600325
0.598838
0.597332
0.59576
0.594485
0.593291
0.592012
0.590424
0.588689
0.586749
0.584454
0.58243
0.580405
0.576255
0.574116
0.571941
0.569991
0.567957
0.565938
0.563991
0.561913
0.55968
0.557686
0.555621
0.553601
0.55175
0.549723
0.547758
0.545923
0.543944
0.541891
0.540014
0.537952
0.535872
0.534131
0.532362
0.530834
0.529018
0.527368
0.525638
0.523495
0.52126
0.519099
0.517067
0.514954
0.512693
0.508528
0.506318
0.504241
0.50214
0.499929
0.497862
0.49571
0.493418
0.491347
0.489129
0.486783
0.484928
0.482434
0.480327
0.47833
0.476212
0.474133
0.472329
0.47017
0.468162
0.466213
0.464239
0.462489
0.460508
0.458371
0.456282
0.454325
0.45204
0.44993
0.447915
0.44555
0.443481
0.441322
0.438978
0.436784
0.43239
0.429837
0.427525
0.42556
0.4234
0.42116
0.419145
0.417368
0.415131
0.413269
0.411662
0.409621
0.407786
0.406186
0.404479
0.402984
0.401335
0.399654
0.397634
0.396183
0.394628
0.393396
0.391685
0.390245
0.38854
0.38713
0.385113
0.383239
0.381568
0.379486
0.377619
0.37568
0.373932
0.371974
0.370074
0.368171
0.364735
0.362813
0.361024
0.358671
0.356801
0.354823
0.353209
0.351516
0.349862
0.348114
0.34653
0.344564
0.342969
0.34099
0.339097
0.337394
0.335705
0.333733
0.331922
0.329973
0.327917
0.325674
0.323753
0.321397
0.319281
0.317126
0.315008
0.312913
0.311029
0.3089
0.306699
0.304275
0.301871
0.299569
0.296973
0.294812
0.292355
0.290048
0.285692
0.283744
0.281551
0.279441
0.277547
0.275939
0.273923
0.27213
0.270215
0.267894
0.265498
0.262991
0.260435
0.258042
0.256025
0.253856
0.25164
0.249308
0.247072
0.244653
0.242182
0.239855
0.23711
0.234956
0.232591
0.230353
0.228323
0.226244
0.224108
0.22217
0.220268
0.218521
0.216684
0.214502
0.212379
0.210415
0.208332
0.206265
0.202619
0.200544
0.198521
0.196513
0.194534
0.192661
0.190894
0.18883
0.186611
0.184456
0.182193
0.17999
0.178086
0.176309
0.174451
0.17267
0.170762
0.168718
0.166695
0.164776
0.163203
0.16147
0.160274
0.159465
0.159144
0.159103
0.158653
0.157548
0.156174
0.154899
0.153609
0.152446
0.150786
0.14935
0.147837
0.144921
0.143244
0.141722
0.140013
0.138263
0.136568
0.135132
0.13348
0.132039
0.130495
0.129054
0.127282
0.125498
0.123683
0.122205
0.120669
0.119167
0.117736
0.11627
0.114527
0.112833
0.11124
0.109494
0.107712
0.105851
0.104113
0.102309
0.100879
0.0996432
0.0983111
0.0965266
0.0949785
0.0932629
0.0913146
0.0893932
0.0874735
0.0838682
0.0818766
0.0800741
0.0780467
0.0759019
0.0738292
0.0714886
0.0691215
0.0670165
0.0648295
0.0627724
0.060716
0.0586267
0.0566405
0.0543682
0.0520889
0.0498838
0.0476415
0.0455371
0.0436256
0.041875
0.0401733
0.0383813
0.0366142
0.0349362
0.0334793
0.0320491
0.0304805
0.0288096
0.0269084
0.0250315
0.0229271
0.0206249
0.0186055
0.0165447
0.0128626
0.0108908
0.00906199
0.00723743
0.00517327
0.00331014
0.00138944
-0.000541091
-0.00243789
-0.00430113
-0.00589752
-0.00756955
-0.00917321
-0.0107382
-0.0122546
-0.0137776
-0.0153086
-0.0168436
-0.0183679
-0.0196204
-0.0204244
-0.0211967
-0.0221746
-0.0232897
-0.024643
-0.0259118
-0.0269696
-0.0280836
-0.0290757
-0.0300752
-0.0310327
-0.0318996
-0.0326128
-0.0333199
-0.0339709
-0.0344414
-0.0350683
-0.0351249
-0.0351074
-0.0352013
-0.0351754
-0.0351208
-0.0349566
-0.0346778
-0.0341966
-0.0335769
-0.0329049
-0.0320903
-0.0312954
-0.0304475
-0.0295862
-0.029193
-0.0289765
-0.0288447
-0.0287606
-0.0286658
-0.0286772
-0.0287562
-0.0288006
-0.0289817
-0.029384
-0.0296156
-0.0298679
-0.0299273
-0.0298692
-0.0299488
-0.0299488
-0.0298707
-0.0298275
-0.0297225
-0.0296336
-0.0295179
-0.0293451
-0.0293695
-0.0293527
-0.029372
-0.0294123
-0.0294027
-0.0294808
-0.0295691
-0.029555
-0.0295452
-0.0295728
-0.02955
-0.0295413
-0.0294496
-0.0292688
-0.029001
-0.02821
-0.0276685
-0.0272399
-0.0264224
-0.0260906
-0.0258064
-0.0255802
-0.0254048
-0.0251825
-0.0251271
-0.0251385
-0.0251634
-0.0251763
-0.0251519
-0.0251477
-0.0251423
-0.0251499
-0.0251039
-0.0250367
-0.0249958
-0.0248507
-0.0248871
-0.0248856
-0.0249432
-0.0249666
-0.0252024
-0.025458
-0.0257857
-0.0268238
-0.027795
-0.0286943
-0.0292834
-0.0296803
-0.0302649
-0.0309206
-0.031696
-0.0323479
-0.0327399
-0.0330755
-0.0334188
-0.033733
-0.0339394
-0.0340231
-0.0340151
-0.0340128
-0.0339649
-0.0339593
-0.0338913
-0.0336404
-0.0335658
-0.0334284
-0.0332647
-0.0329774
-0.0326503
-0.0324036
-0.0321974
-0.0318379
-0.0315467
-0.0311121
-0.0305187
-0.0300722
-0.0297855
-0.0296087
-0.0292488
-0.0291443
-0.0290037
-0.0290177
-0.0290678
-0.0291532
-0.0292805
-0.0295256
-0.0300624
-0.030641
-0.0311602
-0.0314432
-0.0317069
-0.0318113
-0.031985
-0.0322912
-0.0328463
-0.0333499
-0.0337457
-0.0341806
-0.0347106
-0.0351362
-0.0357391
-0.0363269
-0.0368327
-0.0373212
-0.0377867
-0.0382201
-0.0386648
-0.039298
-0.0393995
-0.039352
-0.0394149
-0.0393988
-0.0394129
-0.0394007
-0.0393993
-0.0394232
-0.0393497
-0.039301
-0.0394297
-0.0394744
-0.0395657
-0.039647
-0.0396565
-0.0397602
-0.0399325
-0.0400558
-0.0400991
-0.0401319
-0.0402476
-0.0405317
-0.0407904
-0.0409403
-0.0411071
-0.0412028
-0.0411828
-0.0413001
-0.0412713
-0.0413173
-0.041293
-0.0413175
-0.0413268
-0.041282
-0.0413207
-0.0412534
-0.0413005
-0.0413338
-0.0413289
-0.0412964
-0.0413323
-0.0414488
-0.0415278
-0.0415453
-0.0416039
-0.0416424
-0.0417058
-0.0417234
-0.0417982
-0.0418721
-0.0419278
-0.041909
-0.0419093
-0.0419971
-0.0420659
-0.0420408
-0.042011
-0.0420704
-0.042134
-0.0419778
-0.0420383
-0.0420127
-0.0420412
-0.0421025
-0.0421745
-0.0423274
-0.0428581
-0.0432821
-0.0436063
-0.0439323
-0.0444487
-0.0450377
-0.0455441
-0.0459448
-0.0464197
-0.0469534
-0.0475225
-0.0481941
-0.0496007
-0.050308
-0.0511621
-0.0520539
-0.0529438
-0.053831
-0.0549133
-0.0557883
-0.0568219
-0.0575852
-0.0583847
-0.0592279
-0.0600034
-0.0608546
-0.0617474
-0.0627541
-0.063896
-0.0649238
-0.0657955
-0.0666243
-0.0674744
-0.0684231
-0.0692462
-0.069865
-0.0702142
-0.0704928
-0.0708991
-0.071429
-0.072168
-0.0732096
-0.0741349
-0.0752119
-0.0761251
-0.0770759
-0.0777304
-0.078237
-0.0785921
-0.0789964
-0.079748
-0.080224
-0.0806148
-0.0812615
-0.0821661
-0.083438
-0.0845641
-0.0856876
-0.0868865
-0.0882013
-0.0896191
-0.0909939
-0.0926896
-0.0942849
-0.0958941
-0.0973164
-0.0988632
-0.100408
-0.102007
-0.103602
-0.105363
-0.107106
-0.10888
-0.110731
-0.112581
-0.114318
-0.115906
-0.117654
-0.119488
-0.12114
-0.123015
-0.124731
-0.126688
-0.128398
-0.130129
-0.131752
-0.133398
-0.137136
-0.138975
-0.140732
-0.142314
-0.143525
-0.144763
-0.146118
-0.147737
-0.149379
-0.151037
-0.152753
-0.154702
-0.156581
-0.158364
-0.160123
-0.162054
-0.163799
-0.165773
-0.167741
-0.169493
-0.171417
-0.17341
-0.175283
-0.17733
-0.179629
-0.18165
-0.183617
-0.185597
-0.187458
-0.189283
-0.191249
-0.193156
-0.194908
-0.196994
-0.199387
-0.20126
-0.203149
-0.206933
-0.208927
-0.210799
-0.212273
-0.214331
-0.216423
-0.218424
-0.22071
-0.223163
-0.225477
-0.227896
-0.230245
-0.232911
-0.235607
-0.238095
-0.240654
-0.243047
-0.245617
-0.248042
-0.250718
-0.253358
-0.255882
-0.258516
-0.261059
-0.263631
-0.266045
-0.268793
-0.271489
-0.273851
-0.276251
-0.278588
-0.280863
-0.283253
-0.285607
-0.288254
-0.29089
-0.29394
-0.299254
-0.302093
-0.304829
-0.307509
-0.309999
-0.312744
-0.315327
-0.317996
-0.320608
-0.323108
-0.325524
-0.328108
-0.330689
-0.333127
-0.335481
-0.338007
-0.34053
-0.342853
-0.34527
-0.347714
-0.350216
-0.352837
-0.355451
-0.358033
-0.360662
-0.363457
-0.366153
-0.369017
-0.371882
-0.374813
-0.377718
-0.380625
-0.38343
-0.386187
-0.389129
-0.391756
-0.397031
-0.39991
-0.402395
-0.405123
-0.407926
-0.41074
-0.413732
-0.416692
-0.419855
-0.422926
-0.426097
-0.429228
-0.432352
-0.435576
-0.438773
-0.442138
-0.445287
-0.448639
-0.451776
-0.455161
-0.458285
-0.46154
-0.464379
-0.467546
-0.470348
-0.473396
-0.476267
-0.479317
-0.482293
-0.485452
-0.48837
-0.491748
-0.494937
-0.501443
-0.504554
-0.507712
-0.510834
-0.51391
-0.517036
-0.520125
-0.523297
-0.526468
-0.52954
-0.532637
-0.535822
-0.53905
-0.542358
-0.545598
-0.549049
-0.552543
-0.556138
-0.559752
-0.56316
-0.566854
-0.570361
-0.57396
-0.577534
-0.580962
-0.584711
-0.588264
-0.591864
-0.595294
-0.598719
-0.602355
-0.605868
-0.609563
-0.613232
-0.616828
-0.620549
-0.624253
-0.628124
-0.632064
-0.639944
-0.643881
-0.647781
-0.651537
-0.65537
-0.659071
-0.662933
-0.666888
-0.670802
-0.674885
-0.679055
-0.683182
-0.687235
-0.691544
-0.695756
-0.699854
-0.704033
-0.70798
-0.71178
-0.715769
-0.719455
-0.7231
-0.726724
-0.730354
-0.733948
-0.737401
-0.740856
-0.744286
-0.747685
-0.751218
-0.754614
-0.758253
-0.761876
-0.76543
-0.769057
-0.772603
-0.779692
-0.783347
-0.787089
-0.790933
-0.794776
-0.798714
-0.802714
-0.806928
-0.811028
-0.81517
-0.819256
-0.82322
-0.827126
-0.830824
-0.834574
-0.837608
-0.840247
-0.842381
-0.844922
-0.847816
-0.85097
-0.853912
-0.856427
-0.858615
-0.860455
-0.862383
-0.864459
-0.866839
-0.86934
-0.871889
-0.874649
-0.876889
-0.877985
-0.878583
-0.878973
-0.880536
-0.88154
-0.882602
-0.883902
-0.885224
-0.88614
-0.886731
-0.887203
-0.887713
-0.88822
-0.888713
-0.889405
-0.890057
-0.890835
-0.891597
-0.892506
-0.893367
-0.894058
-0.894647
-0.895244
-0.89584
-0.896203
-0.896603
-0.896956
-0.897218
-0.897345
-0.897568
-0.897636
-0.89773
-0.897806
-0.89773
-0.897807
-0.897941
-0.898125
-0.898266
-0.898419
-0.898543
-0.898483
-0.898423
-0.898207
-0.89801
-0.897772
-0.89759
-0.897472
-0.897447
-0.89748
-0.897491
-0.897467
-0.897464
-0.897527
-0.897611
-0.89758
-0.897516
-0.897445
-0.897458
-0.897425
-0.897427
-0.897435
-0.897478
-0.897498
-0.89744
-0.897464
-0.897491
-0.897468
-0.897445
-0.897388
-0.89749
-0.897472
-0.897469
-0.897483
-0.897424
-0.897461
-0.897484
-0.897445
-0.897441
-0.897469
-0.89747
-0.897454
-0.897453
-0.897429
-0.897479
-0.897449
-0.897469
-0.897494
-0.897442
-0.89751
-0.89745
-0.8975
-0.897473
-0.897444
-0.897443
-0.897501
-0.897436
-0.897445
-0.897493
-0.897429
-0.897493
-0.897475
-0.897541
-0.897469
-0.89753
-0.897517
-0.89751
-0.897538
-0.897493
-0.897507
-0.897497
-0.897486
-0.897493
-0.89746
-0.897536
-0.897516
-0.897458
-0.897471
-0.897531
-0.897521
-0.897512
-0.897447
-0.897465
-0.897455
-0.897466
-0.897465
-0.897479
-0.897499
-0.897508
-0.897524
-0.897507
-0.897469
-0.897483
-0.897525
-0.897518
-0.897469
-0.897472
-0.897495
-0.897517
-0.897494
-0.897482
-0.897509
-0.897509
-0.897488
-0.89744
-0.897512
-0.897482
-0.897481
-0.897521
-0.897516
-0.897525
-0.897442
-0.897499
-0.897502
-0.897525
-0.89751
-0.897513
-0.89745
-0.897463
-0.897502
