-0.306193
-0.307372
-0.306839
-0.30383
-0.305871
-0.305119
-0.305657
-0.303259
-0.30386
-0.305711
-0.305574
-0.306842
-0.305049
-0.304965
-0.30243
-0.30598
-0.305432
-0.306171
-0.305759
-0.306291
-0.304989
-0.30518
-0.305248
-0.305197
-0.305628
-0.307512
-0.304669
-0.304992
-0.305548
-0.305527
-0.306383
-0.305182
-0.305854
-0.305089
-0.30643
-0.305236
-0.30782
-0.303299
-0.301037
-0.303966
-0.305153
-0.305709
-0.305737
-0.305576
-0.305001
-0.304944
-0.305121
-0.305454
-0.305697
-0.302519
-0.306443
-0.307085
-0.304765
-0.307688
-0.304523
-0.304919
-0.306872
-0.304583
-0.307416
-0.306493
-0.305248
-0.307627
-0.307129
-0.30492
-0.304941
-0.304017
-0.305115
-0.307985
-0.308447
-0.304267
-0.30528
-0.306671
-0.30654
-0.306621
-0.30561
-0.304745
-0.305204
-0.303478
-0.308198
-0.307066
-0.305918
-0.303775
-0.306037
-0.30303
-0.305338
-0.309112
-0.304386
-0.305252
-0.304637
-0.305415
-0.307479
-0.307751
-0.305062
-0.306976
-0.308899
-0.305042
-0.305306
-0.30576
-0.308637
-0.303516
-0.304683
-0.306222
-0.305766
-0.30562
-0.305309
-0.304794
-0.305105
-0.305572
-0.306976
-0.307211
-0.304951
-0.304698
-0.305426
-0.307552
-0.308217
-0.306032
-0.304648
-0.30777
-0.307108
-0.307965
-0.306001
-0.305888
-0.307491
-0.307279
-0.305252
-0.306873
-0.305524
-0.3067
-0.305973
-0.304685
-0.305266
-0.306703
-0.308139
-0.305876
-0.304485
-0.306413
-0.306619
-0.305216
-0.307079
-0.305257
-0.306516
-0.305593
-0.306815
-0.306158
-0.306727
-0.307777
-0.304188
-0.307582
-0.307716
-0.308287
-0.307833
-0.306586
-0.306826
-0.306029
-0.304489
-0.308373
-0.306521
-0.304128
-0.306077
-0.30406
-0.306331
-0.307919
-0.305945
-0.307486
-0.304918
-0.30689
-0.305179
-0.303343
-0.306716
-0.30571
-0.307897
-0.305375
-0.308658
-0.311104
-0.312361
-0.31212
-0.31383
-0.31176
-0.310637
-0.312905
-0.311454
-0.311993
-0.310263
-0.309407
-0.312544
-0.313101
-0.312963
-0.311654
-0.311336
-0.309274
-0.310149
-0.308112
-0.310922
-0.311648
-0.309118
-0.312553
-0.310493
-0.310289
-0.309954
-0.31042
-0.311788
-0.30876
-0.309723
-0.309879
-0.311064
-0.311714
-0.314342
-0.315492
-0.316295
-0.316113
-0.316707
-0.316894
-0.316244
-0.316489
-0.316426
-0.317476
-0.315915
-0.314675
-0.31556
-0.31603
-0.314564
-0.312902
-0.311462
-0.312553
-0.31101
-0.309763
-0.307145
-0.304703
-0.304879
-0.304521
-0.302858
-0.30387
-0.306363
-0.306205
-0.304935
-0.305788
-0.304517
-0.302695
-0.29834
-0.2961
-0.293631
-0.292276
-0.292856
-0.292494
-0.288759
-0.291966
-0.290087
-0.291192
-0.289464
-0.289493
-0.293533
-0.291124
-0.288795
-0.291964
-0.293791
-0.292294
-0.292844
-0.289568
-0.293018
-0.289267
-0.28967
-0.287537
-0.28536
-0.287065
-0.283136
-0.284706
-0.283822
-0.284639
-0.285007
-0.286921
-0.283959
-0.285412
-0.284513
-0.283613
-0.28059
-0.276969
-0.276851
-0.276402
-0.276975
-0.276775
-0.279713
-0.279196
-0.27642
-0.278034
-0.27918
-0.276932
-0.28283
-0.285522
-0.284299
-0.284516
-0.282106
-0.277339
-0.278223
-0.274577
-0.2757
-0.277573
-0.277884
-0.274486
-0.277001
-0.280473
-0.279514
-0.279598
-0.280559
-0.28328
-0.281923
-0.279505
-0.284177
-0.285175
-0.285877
-0.283517
-0.282675
-0.283141
-0.277266
-0.270895
-0.263872
-0.260069
-0.256696
-0.259643
-0.258989
-0.26372
-0.267042
-0.269657
-0.271294
-0.269942
-0.271409
-0.27226
-0.271981
-0.270787
-0.270593
-0.268798
-0.27276
-0.272174
-0.270025
-0.269754
-0.270409
-0.270923
-0.274058
-0.271981
-0.272141
-0.274713
-0.276503
-0.276404
-0.279167
-0.279309
-0.275447
-0.271399
-0.27188
-0.269938
-0.266908
-0.269286
-0.267734
-0.268037
-0.268083
-0.266383
-0.267945
-0.265043
-0.26781
-0.270112
-0.265771
-0.268759
-0.268195
-0.269195
-0.266753
-0.269472
-0.266061
-0.266329
-0.266386
-0.26732
-0.265855
-0.268457
-0.266542
-0.269534
-0.263418
-0.261281
-0.259064
-0.252395
-0.247671
-0.244036
-0.242201
-0.240451
-0.241518
-0.238971
-0.23691
-0.234866
-0.232006
-0.224745
-0.222778
-0.215634
-0.208716
-0.198527
-0.193997
-0.188763
-0.187009
-0.182832
-0.181144
-0.174222
-0.162952
-0.159649
-0.151007
-0.143963
-0.134845
-0.125418
-0.121368
-0.114467
-0.0971197
-0.0828554
-0.0640104
-0.0494182
-0.0367924
-0.019044
-0.00283453
0.0177591
0.0347861
0.0516563
0.0678664
0.0784468
0.0849568
0.0896979
0.094069
0.10301
0.112929
0.121475
0.128156
0.13414
0.14403
0.156015
0.160079
0.164273
0.161911
0.158061
0.155667
0.153461
0.146298
0.142839
0.137861
0.137395
0.137885
0.137341
0.135064
0.13884
0.163031
0.207499
0.251727
0.301829
0.351493
0.392724
0.418375
0.442546
0.467517
0.478749
0.490886
0.497991
0.491866
0.500456
0.489988
0.489917
0.480063
0.46429
0.456244
0.445177
0.431706
0.422196
0.416656
0.418594
0.422015
0.423551
0.432824
0.439609
0.44811
0.453359
0.456805
0.466319
0.47274
0.473651
0.477683
0.480799
0.48959
0.490892
0.498756
0.500069
0.495915
0.496555
0.490229
0.490344
0.490754
0.48333
0.48695
0.487227
0.482977
0.489165
0.486389
0.486912
0.48575
0.477741
0.479208
0.47909
0.476585
0.48015
0.481444
0.482693
0.480539
0.480642
0.471558
0.468586
0.474706
0.47256
0.481262
0.479777
0.47302
0.480719
0.476087
0.478056
0.487563
0.490282
0.49581
0.497316
0.495002
0.495733
0.490012
0.488539
0.493148
0.487169
0.489628
0.488326
0.481964
0.481331
0.480978
0.479452
0.467715
0.466665
0.466651
0.466278
0.462913
0.456987
0.454062
0.449082
0.447132
0.444341
0.446636
0.452929
0.450593
0.446488
0.449277
0.447499
0.455864
0.462231
0.468293
0.47108
0.466402
0.468432
0.462625
0.451239
0.448191
0.436657
0.433047
0.43132
0.428639
0.417198
0.412815
0.40999
0.421843
0.422198
0.425318
0.418469
0.419243
0.425667
0.423791
0.419784
0.414798
0.41282
0.411336
0.413426
0.417401
0.418571
0.416298
0.409735
0.40892
0.406893
0.406049
0.412065
0.412284
0.405391
0.41314
0.414224
0.416217
0.424992
0.429766
0.432377
0.430087
0.437389
0.433796
0.431417
0.430914
0.431176
0.429403
0.429617
0.429065
0.428482
0.416765
0.414341
0.406064
0.399631
0.389866
0.383642
0.381526
0.378885
0.384534
0.37934
0.379611
0.371652
0.374985
0.379228
0.380692
0.381219
0.385752
0.393049
0.39281
0.404689
0.403138
0.403504
0.402258
0.406281
0.395199
0.386637
0.37755
0.366659
0.360503
0.348464
0.341404
0.338873
0.333928
0.335041
0.334633
0.338084
0.348931
0.352615
0.354092
0.353126
0.362356
0.372385
0.394943
0.413325
0.424423
0.428069
0.434543
0.436326
0.437226
0.438007
0.434029
0.42954
0.424069
0.419403
0.412892
0.405069
0.40734
0.405729
0.40553
0.406983
0.411339
0.410873
0.409742
0.410142
0.40987
0.402324
0.397358
0.394171
0.391836
0.394423
0.395204
0.397527
0.398736
0.396005
0.39271
0.391257
0.392437
0.395218
0.398961
0.397222
0.398924
0.400929
0.404784
0.405934
0.415537
0.422415
0.429604
0.432746
0.438029
0.450591
0.456162
0.455862
0.459574
0.462622
0.463794
0.464597
0.46641
0.463779
0.464538
0.462197
0.462707
0.468976
0.468851
0.468552
0.469703
0.470434
0.470206
0.466994
0.470962
0.473691
0.475636
0.481895
0.485221
0.486152
0.499092
0.503504
0.503523
0.497166
0.499179
0.503761
0.500524
0.504056
0.508272
0.509011
0.512629
0.51251
0.510868
0.508219
0.50643
0.507974
0.511451
0.506465
0.512742
0.514344
0.513251
0.515423
0.514172
0.515146
0.515526
0.515724
0.514054
0.515563
0.522848
0.523679
0.523853
0.521504
0.522973
0.516521
0.521799
0.519409
0.51757
0.523073
0.520029
0.516062
0.517844
0.513165
0.507893
0.514534
0.514591
0.514012
0.518452
0.518408
0.521623
0.519502
0.520381
0.519926
0.511849
0.507866
0.508746
0.505426
0.502742
0.505668
0.503672
0.500639
0.509865
0.509603
0.501228
0.493612
0.494633
0.481244
0.470924
0.459286
0.451668
0.439628
0.436303
0.433426
0.436283
0.437834
0.440644
0.442617
0.442285
0.444325
0.4435
0.439635
0.445234
0.453378
0.450015
0.44626
0.454597
0.46098
0.466925
0.473278
0.466026
0.46211
0.458814
0.463769
0.476611
0.479705
0.475731
0.479734
0.482686
0.479326
0.485908
0.485309
0.479526
0.481487
0.480335
0.47833
0.481766
0.483861
0.48271
0.489381
0.487072
0.480113
0.48211
0.481278
0.482348
0.494345
0.496119
0.499268
0.507809
0.504978
0.51403
0.518367
0.520545
0.519591
0.522372
0.529921
0.533614
0.53712
0.531605
0.533192
0.523651
0.526364
0.530292
0.537323
0.544223
0.538727
0.536153
0.534729
0.52682
0.529052
0.524329
0.522591
0.527194
0.526793
0.534972
0.534843
0.53192
0.535002
0.526853
0.521834
0.519771
0.513373
0.514586
0.509454
0.508034
0.507767
0.513727
0.512419
0.512968
0.50927
0.494818
0.491408
0.483646
0.485418
0.478827
0.471846
0.472809
0.473937
0.477308
0.481299
0.489283
0.48465
0.48188
0.472268
0.467757
0.466353
0.466389
0.467052
0.470813
0.472866
0.46746
0.467002
0.446818
0.423195
0.402719
0.382554
0.368686
0.366477
0.36807
0.370875
0.370615
0.368102
0.368769
0.366005
0.370909
0.367701
0.370068
0.3716
0.373814
0.378698
0.380682
0.378987
0.378226
0.36999
0.370127
0.368398
0.37442
0.37429
0.383783
0.383654
0.380836
0.376083
0.377987
0.371996
0.378802
0.382482
0.387114
0.393112
0.395447
0.39869
0.403343
0.41395
0.42268
0.430352
0.430992
0.429063
0.429864
0.428034
0.442522
0.44517
0.445134
0.446552
0.452026
0.449522
0.451046
0.455426
0.457372
0.462976
0.471298
0.472252
0.474732
0.471264
0.476565
0.475001
0.471816
0.475696
0.479972
0.483135
0.486987
0.48833
0.486289
0.481995
0.478794
0.47284
0.472777
0.464708
0.469995
0.468937
0.467194
0.468452
0.469372
0.475576
0.479728
0.48357
0.487251
0.484738
0.478703
0.477069
0.469979
0.46571
0.46536
0.462014
0.461946
0.456497
0.457842
0.458563
0.448406
0.441103
0.439792
0.430643
0.425429
0.425038
0.421107
0.415721
0.414414
0.413062
0.41481
0.411089
0.403613
0.395029
0.394382
0.390227
0.383238
0.378696
0.366246
0.357386
0.348127
0.336462
0.321791
0.307866
0.295593
0.27902
0.252137
0.235102
0.215917
0.20453
0.189865
0.178534
0.167099
0.152312
0.133236
0.114813
0.0947891
0.0775491
0.0576888
0.0445573
0.0384996
0.029406
0.0249619
0.0225767
0.023169
0.0193346
0.0178179
0.0185336
0.0192553
0.0173535
0.016867
0.0202208
0.0265946
0.0286036
0.0259333
0.0268724
0.0267695
0.0254645
0.0249384
0.022731
0.0200709
0.0170125
0.0115891
0.012859
0.0122476
0.0142538
0.0148153
0.0134337
0.0160175
0.0184822
0.017014
0.0174328
0.0202782
0.0176401
0.0186865
0.0157485
0.0108086
0.00713097
0.00781301
-0.00637494
-0.00775266
-0.0153009
-0.0216151
-0.0297714
-0.0318182
-0.0344862
-0.0376505
-0.0367247
-0.0369205
-0.0348747
-0.0355032
-0.0362376
-0.0355355
-0.0366438
-0.0372708
-0.0380391
-0.0396244
-0.0393005
-0.0439672
-0.0423462
-0.0435947
-0.0415174
-0.0407063
-0.0359947
-0.0294094
-0.0221035
-0.0140773
0.0011422
0.00946663
0.0136453
0.0216905
0.0278982
0.0386069
0.0498523
0.057586
0.057633
0.0590763
0.0577373
0.0623776
0.0604962
0.0614516
0.05829
0.0580945
0.0568922
0.056344
0.0545171
0.0495863
0.0476229
0.0428334
0.0391022
0.0315633
0.0247723
0.0184205
0.0146345
0.00541702
0.000877588
-0.00361669
-0.00432094
-0.0119876
-0.0167275
-0.0164833
-0.0147582
-0.01142
-0.016576
-0.0154097
-0.0139008
-0.0100083
-0.0116435
-0.0130037
-0.0121082
-0.00466057
-0.00230967
0.00435276
0.00958863
0.0118154
0.0153664
0.0208263
0.0343834
0.043364
0.0515057
0.0603801
0.0709022
0.0766243
0.0849943
0.093902
0.100613
0.101956
0.10101
0.0964222
0.0960926
0.0903627
0.085837
0.0783461
0.0754392
0.0695864
0.0665008
0.0658334
0.0607343
0.0574992
0.0559516
0.0517203
0.0510148
0.0474201
0.0477978
0.0445896
0.0418341
0.0430465
0.0417298
0.0437299
0.0403792
0.0384041
0.0406085
0.0453244
0.0514131
0.0529739
0.0525271
0.0520333
0.0519246
0.0535295
0.0504181
0.0534971
0.0525991
0.0514469
0.0521509
0.0498744
0.0532238
0.0499611
0.0528754
0.0526315
0.05258
0.0514528
0.051635
0.0559472
0.0569892
0.0582621
0.0595481
0.0587001
0.0604051
0.0609754
0.0625217
0.0641988
0.0657673
0.0641885
0.0628803
0.0647486
0.0672211
0.0662156
0.0650411
0.065729
0.0666007
0.0625172
0.0656688
0.0653248
0.0641253
0.0654689
0.0681016
0.0710565
0.0836796
0.0889286
0.0950804
0.102062
0.110419
0.118801
0.126054
0.127825
0.129837
0.131513
0.131611
0.13482
0.139233
0.141156
0.149624
0.157726
0.156874
0.157411
0.162498
0.167651
0.173623
0.17403
0.177419
0.175587
0.17908
0.180067
0.178784
0.180311
0.186318
0.194743
0.200097
0.199319
0.200255
0.206463
0.2159
0.223091
0.227959
0.225428
0.224376
0.224096
0.220936
0.224025
0.220544
0.226855
0.225237
0.228937
0.231011
0.238224
0.243827
0.252866
0.259309
0.262376
0.264741
0.26272
0.25589
0.255012
0.257534
0.256407
0.259372
0.260754
0.266972
0.267213
0.279291
0.287855
0.294473
0.292096
0.293887
0.296712
0.297715
0.300042
0.306945
0.320699
0.325399
0.331729
0.336561
0.343735
0.340199
0.341071
0.344452
0.349541
0.356538
0.35923
0.36936
0.370739
0.375155
0.377652
0.383016
0.399757
0.402864
0.409512
0.415687
0.420354
0.415218
0.409071
0.413158
0.410993
0.416252
0.417114
0.426667
0.423529
0.421938
0.42257
0.423985
0.417746
0.422587
0.431452
0.426767
0.428324
0.430319
0.429212
0.430411
0.439622
0.440293
0.439067
0.439979
0.437835
0.435153
0.435044
0.440451
0.436436
0.437795
0.446895
0.452996
0.464626
0.464383
0.470535
0.472815
0.479505
0.483087
0.485474
0.485285
0.491312
0.501702
0.507131
0.514344
0.518895
0.52774
0.536521
0.53818
0.550171
0.550767
0.552942
0.557678
0.56333
0.570536
0.57232
0.577677
0.583028
0.583432
0.586143
0.596175
0.600449
0.610249
0.61754
0.616661
0.616685
0.617298
0.61163
0.620181
0.620435
0.626882
0.628772
0.635446
0.634578
0.63621
0.637737
0.642153
0.643926
0.649887
0.657759
0.65512
0.650351
0.652367
0.653042
0.658931
0.660849
0.658608
0.665083
0.666952
0.668462
0.666299
0.661837
0.66491
0.665333
0.66753
0.668162
0.667061
0.670785
0.672908
0.677882
0.682594
0.690026
0.696545
0.694036
0.69693
0.69666
0.702749
0.696012
0.70254
0.70675
0.715455
0.715609
0.721228
0.72385
0.721569
0.729499
0.729742
0.735727
0.737987
0.736722
0.738024
0.737085
0.738584
0.738735
0.7425
0.743295
0.752047
0.751116
0.757175
0.756909
0.759669
0.760061
0.769385
0.76591
0.761148
0.759876
0.758734
0.75991
0.763661
0.762926
0.764373
0.767402
0.769843
0.767928
0.768848
0.767062
0.76713
0.775971
0.776142
0.783177
0.785738
0.781613
0.784555
0.78364
0.776199
0.781044
0.776515
0.784325
0.786225
0.784214
0.796161
0.798174
0.807339
0.810259
0.822779
0.82954
0.838097
0.846623
0.842599
0.853906
0.858391
0.858342
0.85923
0.860146
0.862607
0.861124
0.865162
0.866405
0.872687
0.88573
0.893858
0.901901
0.900501
0.904474
0.913809
0.916093
0.927599
0.922383
0.929562
0.935166
0.934486
0.93677
0.947566
0.945297
0.943838
0.951698
0.95655
0.94584
0.951257
0.950612
0.946596
0.950581
0.936352
0.930699
0.920985
0.912227
0.904247
0.901599
0.896812
0.892996
0.894271
0.903659
0.904811
0.900912
0.907146
0.909933
0.914677
0.918025
0.925264
0.92388
0.932253
0.938138
0.949822
0.95506
0.966055
0.969284
0.975723
0.981817
0.983931
0.983025
0.958463
0.936529
0.893733
0.87654
0.871328
0.867694
0.862656
0.839817
0.812889
0.77139
0.746189
0.72737
0.713511
0.710878
0.708787
0.712892
0.703096
0.664008
0.61194
0.556606
0.510366
0.495638
0.477995
0.478578
0.471439
0.466519
0.458748
0.449002
0.429869
0.407627
0.388277
0.374334
0.359733
0.355908
0.350213
0.343574
0.335337
0.327114
0.319414
0.310648
0.303372
0.292487
0.282828
0.26942
0.2561
0.240222
0.226206
0.219305
0.210569
0.205923
0.194145
0.185995
0.178725
0.175929
0.171132
0.162587
0.163438
0.156555
0.15468
0.148729
0.142733
0.137091
0.133859
0.130295
0.128789
0.129237
0.12937
0.130793
0.128256
0.13069
0.133387
0.131698
0.130587
0.128724
0.12906
0.128176
0.127819
0.126479
0.128182
0.129933
0.128677
0.128394
0.130838
0.127286
0.128901
0.128618
0.12934
0.127575
0.129331
0.128226
0.128096
0.128568
0.128721
0.127436
0.129573
0.127177
0.12759
0.125341
0.12593
0.127218
0.129202
0.127663
0.12792
0.127174
0.128276
0.128356
0.127513
0.126685
0.128739
0.126926
0.127489
0.129261
0.126953
0.125954
0.126287
0.125108
0.126926
0.124519
0.125391
0.121081
0.119908
0.119148
0.119637
0.119134
0.118026
0.119729
0.118359
0.11724
0.117154
0.118574
0.118433
0.119967
0.116332
0.116371
0.118315
0.117787
0.118371
0.116786
0.116919
0.116863
0.115275
0.115623
0.118276
0.118969
0.118079
0.119967
0.119166
0.117381
0.116969
0.118536
0.116374
0.116677
0.117031
0.118262
0.117081
0.118053
0.115705
0.117363
0.117758
0.117119
0.115732
0.11706
0.117045
0.115661
0.118123
0.119178
0.118603
0.116179
0.115296
0.11772
0.117596
0.120306
0.118388
0.11638
0.116109
0.117113
