0.00974686
-0.00671546
0.0108247
0.0107115
-0.00507721
-0.0101017
-0.00084477
-0.0101142
0.00778345
-0.00333557
0.00948422
0.00959009
-0.00789568
-0.0219022
-0.0136733
0.011573
-0.0217841
-0.00706076
-0.00122795
-0.00417566
-0.00292203
-0.0121918
-0.000575739
-0.00636103
-0.00948396
0.00774008
-0.00535225
0.0032006
-0.00223784
-0.0104214
0.0103616
0.00527119
0.00828227
0.00256575
-0.00435822
0.00754546
0.00633055
-0.0162469
-0.0192755
-0.00537277
-0.00360654
-0.00517082
0.0111301
-0.00369246
0.00361834
-0.00410144
-0.00779638
-0.00130781
-0.0102398
0.0100627
-2.65986e-05
0.00939293
0.000605839
0.000314379
-0.0134085
-0.0114248
0.00995461
-0.000964416
-0.0012138
-0.00718181
-0.0025251
0.0218503
0.0173348
-0.00986507
0.00746256
0.00380656
-0.00789473
0.0141397
0.0211709
-0.00776445
0.00348968
0.0037751
0.00035849
0.00545379
-0.00134254
-0.012611
-0.00539825
-0.0126853
-0.0156528
0.00456989
-0.00931575
-0.00914665
0.000659445
-0.00698752
-0.00897244
0.0171541
-0.00693379
-0.00139699
-0.0151844
-0.00238912
-0.00183302
0.00116686
-0.0159111
0.00728191
0.00458848
-0.0101964
0.00544489
-0.0101081
0.0139521
-0.000612203
0.00128768
0.00299159
-0.00265068
-0.0103925
0.00144446
0.0036344
0.00643303
0.000921047
0.0126036
0.0146982
-0.00364591
-0.0034579
-0.00500451
0.00355086
0.0046205
0.00565409
-0.00446972
-0.0127164
-0.00325826
0.0156739
-0.00341088
-0.00130296
0.00250806
-0.00825204
-0.000944102
0.00648428
-0.00262718
0.00215916
0.00351398
0.0202442
0.00812843
0.0222882
0.0108982
0.00106139
-0.0195848
-0.00469873
0.0144951
0.0015704
0.00485967
0.00314976
0.00360805
-0.00452141
-0.00161565
0.00198374
0.00814473
0.00809787
-0.0154761
0.00612154
0.00818849
0.00535611
0.0138291
0.0100954
0.00138508
-0.00618663
-0.00569491
0.00060734
-0.000360186
-0.0142378
-0.00890154
-0.0202057
-0.0113547
0.0080638
-0.00518462
0.00637655
-0.00607515
-0.0207435
-0.0043207
0.00127728
-0.00237383
-0.00932407
0.000133675
0.00104244
0.00019842
0.0145424
0.0166347
0.0147025
0.00673183
0.00160451
-0.00433015
-0.0146506
-0.00547546
-0.0163522
-0.0236288
-0.0241126
0.00188919
-0.00285848
-0.00249374
-0.0108893
-0.014516
-0.00057374
-0.00979233
0.00319423
0.000143676
-0.00256558
-0.00981464
0.00312529
0.0130508
0.00955881
-0.00373241
-0.0043426
0.0201006
-0.0114295
0.00113887
-0.0177375
-0.00985118
0.0032248
0.00790327
-0.0165828
-0.0153526
0.008399
0.00715146
-0.00101993
-0.0022213
0.00581847
0.0148139
-0.000218265
0.00494431
-0.00641759
0.00360545
0.00963961
0.00115708
-0.00493881
-0.0246772
-0.00856017
-0.00756433
-0.00220306
-0.0179807
0.0118175
-0.0166727
-0.00554143
-0.00244528
-0.00348198
0.0102747
-0.00817833
0.00541955
0.0108515
0.0131014
-0.0142052
-0.00337191
-0.00955187
0.0083187
-0.00442474
0.0140897
0.00881152
-0.00249098
0.0197516
0.00569109
0.00501054
-0.00301454
-0.0167614
0.0180198
0.00481772
-0.00482076
-0.00451769
0.0295196
-0.00221076
0.00581469
0.00418177
0.00442419
-0.00433113
0.00205638
-0.00584835
0.010931
-0.00176469
-0.0067386
-0.00718824
-0.0104879
-0.017834
-0.0112472
-0.0157258
-0.00576702
-0.00109836
-0.00365314
-0.00380971
0.00528701
-0.00459534
-0.0147076
0.00835181
0.00659609
0.00433582
-0.000217615
0.00467525
0.00796274
0.00803374
0.0182281
0.00107882
0.0217243
0.00774502
0.00760125
-0.00267664
0.00159651
-0.00582898
-0.00257729
-0.0210197
-0.0156224
-0.00586735
0.0222415
-0.00400027
0.0120041
-0.00947928
0.00207738
-0.00196742
0.0106896
0.0314136
0.00851219
-0.00850998
0.00710586
0.00548218
0.0119392
0.0023816
-0.0111279
0.00541081
-0.0119685
-0.0267647
-0.0253088
0.00796271
-0.016552
0.0160458
0.0110905
0.0309192
0.0063018
-0.000968496
0.0144755
0.000588012
-0.00132568
0.0023492
0.017483
0.00473808
-0.00514335
-0.00632987
-0.00186194
-0.0190268
0.00931847
-0.0224809
-0.00710744
0.000183242
0.00947146
0.00255196
0.00314036
-0.00536328
0.00414166
-0.00616785
0.000874436
-0.0141802
-0.0192241
-0.0166057
-0.0140208
-0.0206015
-0.0177371
0.00916963
-0.0019146
0.00245815
-0.00791473
-0.0137168
0.00328227
0.0054863
0.000506384
0.00915198
-0.000580828
0.0132473
0.000222187
-0.00510854
-0.00326343
-0.000975174
0.0100458
0.00019152
-0.0209046
-0.0104245
0.00525599
-0.0119663
-0.0010076
0.00551024
-0.0103265
-0.0139538
-0.0194246
-0.0247343
-0.0240025
-0.0176892
0.00128633
-0.00361047
0.00110642
-0.00612336
-0.00315317
-0.0247035
-0.0076759
-0.0423221
-0.0296273
-0.0266073
-0.0230108
-0.0520034
-0.024574
-0.00914983
-0.00807031
-0.0180679
-0.0186937
-0.00236488
-0.0408447
-0.00839569
-0.0327816
-0.0308727
-0.0428184
-0.0479455
-0.10108
-0.163481
-0.0629137
-0.0849349
-0.0850451
-0.0651667
-0.0936134
-0.0681413
-0.073222
-0.0772823
-0.0891792
-0.0644346
-0.055962
-0.0339252
-0.0257331
-0.00456061
-0.0182631
-0.0522365
-0.0277721
-0.0345322
-0.034875
-0.0245874
-0.0299711
-0.0441781
-0.0103125
-0.0143423
-0.0226342
-0.0125518
-0.0458757
-0.047877
-0.0571723
-0.0421429
-0.0409278
-0.0522224
-0.0529154
-0.0521524
-0.0513875
-0.0825204
-0.196649
-0.237685
-0.234967
-0.258687
-0.284639
-0.332929
-0.314223
-0.282614
-0.286438
-0.274394
-0.277093
-0.263236
-0.246961
-0.242726
-0.203823
-0.217017
-0.204403
-0.18823
-0.173322
-0.164913
-0.143856
-0.170395
-0.161481
-0.182986
-0.210696
-0.209489
-0.227454
-0.17963
-0.237962
-0.244343
-0.213612
-0.187509
-0.185938
-0.193288
-0.204725
-0.244374
-0.26573
-0.222652
-0.231612
-0.235627
-0.20151
-0.249804
-0.205538
-0.212544
-0.229681
-0.224934
-0.206598
-0.225612
-0.231381
-0.230485
-0.213316
-0.208617
-0.210906
-0.197863
-0.192498
-0.169991
-0.191392
-0.209685
-0.194827
-0.141066
-0.158379
-0.174459
-0.174158
-0.205883
-0.203619
-0.225279
-0.231593
-0.200432
-0.200092
-0.211209
-0.187219
-0.221974
-0.263468
-0.235453
-0.235004
-0.20098
-0.265918
-0.222673
-0.206274
-0.227043
-0.206621
-0.184901
-0.203501
-0.214744
-0.174968
-0.18225
-0.157508
-0.18267
-0.185798
-0.165369
-0.153785
-0.150748
-0.143119
-0.164299
-0.164081
-0.172265
-0.198624
-0.175664
-0.223484
-0.221017
-0.204506
-0.225693
-0.23112
-0.203212
-0.238045
-0.246727
-0.210817
-0.221843
-0.230121
-0.188964
-0.201889
-0.157151
-0.162572
-0.139178
-0.120374
-0.147812
-0.144134
-0.105927
-0.135498
-0.105348
-0.106839
-0.110151
-0.135428
-0.151771
-0.16891
-0.172964
-0.125516
-0.129412
-0.131662
-0.138406
-0.168245
-0.188409
-0.183765
-0.176123
-0.157983
-0.170674
-0.161273
-0.170529
-0.175963
-0.142945
-0.180276
-0.159949
-0.176076
-0.183767
-0.182623
-0.202337
-0.200456
-0.173781
-0.195283
-0.184361
-0.169202
-0.195655
-0.164743
-0.160226
-0.117702
-0.144804
-0.162493
-0.154079
-0.111089
-0.0867239
-0.0648867
-0.0558569
-0.106054
-0.130669
-0.135349
-0.149002
-0.154249
-0.143543
-0.15696
-0.134491
-0.163702
-0.159991
-0.141479
-0.183731
-0.165309
-0.185395
-0.156109
-0.192287
-0.171803
-0.181124
-0.177388
-0.157189
-0.12382
-0.112982
-0.114645
-0.0980556
-0.090471
-0.098
-0.0976985
-0.112678
-0.0934348
-0.119504
-0.116726
-0.100607
-0.144898
-0.149842
-0.137656
-0.121014
-0.168242
-0.151924
-0.138858
-0.128819
-0.171773
-0.161072
-0.184484
-0.18595
-0.168253
-0.189826
-0.145514
-0.138427
-0.168256
-0.175468
-0.170111
-0.156949
-0.177661
-0.185006
-0.163214
-0.183276
-0.176129
-0.173138
-0.189092
-0.158865
-0.184804
-0.141202
-0.138625
-0.148765
-0.174719
-0.155448
-0.173158
-0.146548
-0.145019
-0.138784
-0.15757
-0.148113
-0.141746
-0.111942
-0.108041
-0.129366
-0.157675
-0.152243
-0.168491
-0.121728
-0.104495
-0.129043
-0.179493
-0.193959
-0.197901
-0.226037
-0.21531
-0.200027
-0.206979
-0.215732
-0.221431
-0.191717
-0.224964
-0.197607
-0.193749
-0.204614
-0.238825
-0.201789
-0.206393
-0.183476
-0.186468
-0.192405
-0.200648
-0.179733
-0.21295
-0.193534
-0.193485
-0.209028
-0.229119
-0.166031
-0.172437
-0.152246
-0.191349
-0.177395
-0.197849
-0.202898
-0.218379
-0.216863
-0.195955
-0.233344
-0.23375
-0.20653
-0.194235
-0.198737
-0.221054
-0.237914
-0.206084
-0.21978
-0.214523
-0.209472
-0.229229
-0.242964
-0.218154
-0.227288
-0.1984
-0.19497
-0.211825
-0.197593
-0.20755
-0.215533
-0.199006
-0.202652
-0.187423
-0.158455
-0.203046
-0.225565
-0.202853
-0.224829
-0.234297
-0.197851
-0.195198
-0.199219
-0.196907
-0.225359
-0.237842
-0.216591
-0.223992
-0.22919
-0.248373
-0.225049
-0.220048
-0.198293
-0.20677
-0.206348
-0.20879
-0.201162
-0.181351
-0.203548
-0.180966
-0.14638
-0.152339
-0.181032
-0.177616
-0.162681
-0.188701
-0.150544
-0.148909
-0.142215
-0.147561
-0.154228
-0.184162
-0.154241
-0.182939
-0.189488
-0.180909
-0.215416
-0.20597
-0.192539
-0.174379
-0.17352
-0.183762
-0.204125
-0.172508
-0.170582
-0.180641
-0.207765
-0.193478
-0.162352
-0.190281
-0.162542
-0.180435
-0.16689
-0.181073
-0.201927
-0.165682
-0.203913
-0.192288
-0.176569
-0.168807
-0.1966
-0.18801
-0.213436
-0.215055
-0.220665
-0.20899
-0.219498
-0.205047
-0.197981
-0.220949
-0.190116
-0.20543
-0.200844
-0.241514
-0.249694
-0.235886
-0.240346
-0.231169
-0.220662
-0.233731
-0.236301
-0.217981
-0.201327
-0.250264
-0.209526
-0.135531
-0.196919
-0.191353
-0.2002
-0.213162
-0.236145
-0.221374
-0.261808
-0.248394
-0.239246
-0.220925
-0.191957
-0.242541
-0.234906
-0.212049
-0.237948
-0.245404
-0.256077
-0.25284
-0.241078
-0.239333
-0.20661
-0.187706
-0.195625
-0.198595
-0.184005
-0.179311
-0.157948
-0.184596
-0.217264
-0.215348
-0.206074
-0.216173
-0.192741
-0.201489
-0.206469
-0.198387
-0.209539
-0.194308
-0.207697
-0.172826
-0.21441
-0.242311
-0.213687
-0.204706
-0.215335
-0.213171
-0.158095
-0.203289
-0.194938
-0.174888
-0.202681
-0.190461
-0.186575
-0.149293
-0.155152
-0.110613
-0.0685894
-0.0300566
-0.0131425
-0.0619321
-0.126425
-0.11584
-0.125333
-0.136456
-0.0994316
-0.174067
-0.140325
-0.159974
-0.158717
-0.176785
-0.15309
-0.182912
-0.169591
-0.182208
-0.107027
-0.160891
-0.13864
-0.150013
-0.168642
-0.206395
-0.180373
-0.169418
-0.163321
-0.163181
-0.158661
-0.1494
-0.152185
-0.165409
-0.17268
-0.127059
-0.166149
-0.173469
-0.166687
-0.181419
-0.185977
-0.147459
-0.1218
-0.160583
-0.161743
-0.178977
-0.150762
-0.183149
-0.206222
-0.180122
-0.192176
-0.19878
-0.19824
-0.207383
-0.212449
-0.217616
-0.222558
-0.228156
-0.219233
-0.223692
-0.196124
-0.205252
-0.205439
-0.184045
-0.232793
-0.218896
-0.224201
-0.229891
-0.181898
-0.182323
-0.157803
-0.171589
-0.177193
-0.187057
-0.152387
-0.141408
-0.154505
-0.167919
-0.177627
-0.195355
-0.209758
-0.210987
-0.204888
-0.208551
-0.204147
-0.177636
-0.200486
-0.198099
-0.164253
-0.189027
-0.190306
-0.18473
-0.191391
-0.186526
-0.179229
-0.160463
-0.159646
-0.171721
-0.15386
-0.152582
-0.150796
-0.165004
-0.140988
-0.15094
-0.107308
-0.0721988
-0.0797115
-0.123613
-0.113731
-0.1348
-0.118391
-0.100212
-0.120427
-0.107234
-0.095584
-0.0771255
-0.0818843
-0.0653774
-0.0657853
-0.0584032
-0.0306565
-0.0273331
-0.0168136
0.000510335
-0.00758637
-0.023682
-0.00130141
0.0173372
0.0382888
0.0459424
0.0888091
0.0744038
0.0909509
0.064376
0.107797
0.0789911
0.0426314
0.0220245
0.0281249
-0.00456466
0.0243719
0.0156248
-0.00959075
-0.00407675
-0.0373281
-0.0572973
-0.0324553
-0.0358373
-0.0189276
0.0222714
-0.0173889
-0.0204395
0.017944
0.0114028
0.0240408
0.0158946
0.0126916
0.00886665
0.00511017
0.00927304
-0.00773731
-0.00450765
0.00260143
-0.00626918
-0.0260137
0.00847692
-0.00918125
0.00199577
-0.00945744
-0.00508854
-0.00107701
0.025686
0.0316805
0.102892
0.0533004
0.0307713
0.0556315
0.0237082
0.0211936
0.0272041
0.0283795
0.0294259
0.0135659
0.0216124
0.00671853
-0.000122454
-0.0026422
-0.00628864
0.00149452
0.00292663
-0.0012611
-0.00268596
0.0163705
0.00704987
-0.00714822
-0.00354493
-0.0161314
-0.0139126
-0.0225131
-0.0263088
-0.0308542
-0.128177
-0.0692184
-0.0888726
-0.0600855
-0.0446519
-0.0824832
-0.0750928
-0.0801149
-0.0548605
-0.0382451
-0.0193547
-0.0271241
-0.0344568
-0.0307788
-0.00180322
-0.00527738
0.003215
0.0133122
0.00275159
-0.00263455
0.0244198
0.00340152
0.0214023
0.00828427
0.0318766
0.0357395
0.0330089
0.0277991
0.0148788
0.0105084
0.0618587
0.0470168
0.00915204
0.017819
0.0211407
0.0662367
0.0136405
0.0111565
0.0085668
0.00677906
-0.00263312
-0.0174228
-0.0408051
-0.0449074
-0.0752377
-0.0297376
-0.0149395
-0.0429795
-0.0183937
-0.0270597
-0.0338418
-0.0626642
-0.066276
-0.0356633
-0.0359543
-0.0723413
-0.0455997
-0.0549131
-0.0699693
-0.0440581
-0.0398955
-0.0561307
-0.0280036
-0.0394489
-0.0234175
-0.0142277
0.014771
-0.00251689
-0.0197656
0.000208092
-0.00715931
-0.0122803
-0.0132628
0.00368808
0.0328935
0.00273387
-0.0130553
-0.0114947
-0.0256744
-0.00692914
-0.00065066
-0.024304
-0.0055261
-0.0146023
0.00347096
-0.00610191
-0.0150432
-0.0361533
-0.0169627
-0.0201264
0.00312181
0.00660823
-0.00443895
0.0016061
0.0055703
0.019941
-0.0177727
-0.00657548
0.000614653
-0.0143964
-0.00709984
-0.014532
-0.0195395
-0.0130141
-0.00361005
-0.0130197
-0.013785
0.00396798
0.00474559
-0.00729524
-0.00497118
-0.00746877
-0.00341197
-0.0122009
-0.00578166
0.00603339
0.00940431
0.0110317
-0.00235868
0.00438083
-0.00302808
0.0117585
0.00527836
-0.0230042
0.0126569
-0.00548363
0.000281555
-0.0163032
-0.0157961
-0.0199985
-0.0292272
-0.0620707
-0.0459598
-0.0280238
-0.0366884
-0.0509568
-0.05465
-0.0437876
-0.0292331
-0.0587063
-0.0552952
-0.0564986
-0.0636933
-0.0603209
-0.0517034
-0.08623
-0.104205
-0.0780452
-0.0771848
-0.0936336
-0.0753017
-0.0879505
-0.0820274
-0.0692093
-0.0741891
-0.0623134
-0.0789831
-0.093503
-0.0887015
-0.102266
-0.0819838
-0.0657163
-0.0920019
-0.0775962
-0.091091
-0.0786069
-0.0624012
-0.0322177
-0.0364054
-0.0462093
-0.050271
-0.0516966
-0.125636
-0.0990224
-0.0921613
-0.0989743
-0.0855216
-0.0559114
-0.0448661
-0.0141333
-0.0449619
-0.0382575
-0.0545346
-0.0554485
-0.0829017
-0.104022
-0.112697
-0.10959
-0.10666
-0.116404
-0.135005
-0.153995
-0.136935
-0.1667
-0.163151
-0.156312
-0.136067
-0.166947
-0.170072
-0.145881
-0.158768
-0.179039
-0.179996
-0.156971
-0.186347
-0.187404
-0.15281
-0.154758
-0.172311
-0.197957
-0.154863
-0.175417
-0.153778
-0.179926
-0.192497
-0.181813
-0.15014
-0.130491
-0.177795
-0.176567
-0.188564
-0.156999
-0.120702
-0.117862
-0.14707
-0.182367
-0.176667
-0.163845
-0.20286
-0.192589
-0.166295
-0.198173
-0.177481
-0.192909
-0.157445
-0.185519
-0.200791
-0.149094
-0.190484
-0.193479
-0.186478
-0.211821
-0.241107
-0.195215
-0.190318
-0.203521
-0.177937
-0.177237
-0.19639
-0.190776
-0.2028
-0.202671
-0.216285
-0.218142
-0.199957
-0.211715
-0.197089
-0.190153
-0.150661
-0.20802
-0.206369
-0.179594
-0.229275
-0.231699
-0.255826
-0.255209
-0.211169
-0.270916
-0.24919
-0.263643
-0.259574
-0.230575
-0.251049
-0.217117
-0.271244
-0.262423
-0.253393
-0.255457
-0.233366
-0.277546
-0.237771
-0.292949
-0.257977
-0.231612
-0.242571
-0.229123
-0.232904
-0.24438
-0.240925
-0.262198
-0.271335
-0.278009
-0.286712
-0.290128
-0.270476
-0.252015
-0.238506
-0.267586
-0.259509
-0.279131
-0.287161
-0.254983
-0.226954
-0.258403
-0.273154
-0.257513
-0.250235
-0.239834
-0.249264
-0.233612
-0.264088
-0.259389
-0.260973
-0.244063
-0.251742
-0.27058
-0.266332
-0.276913
-0.277099
-0.307583
-0.27679
-0.303141
-0.27464
-0.301919
-0.280847
-0.278932
-0.285911
-0.28723
-0.257547
-0.271125
-0.218225
-0.272484
-0.261242
-0.294782
-0.305095
-0.311019
-0.315713
-0.335125
-0.30366
-0.332593
-0.276866
-0.316483
-0.313096
-0.337676
-0.294271
-0.334469
-0.299507
-0.338588
-0.313855
-0.31999
-0.321477
-0.312197
-0.277919
-0.333316
-0.279159
-0.307197
-0.301369
-0.331989
-0.299388
-0.320157
-0.318514
-0.311172
-0.283362
-0.315299
-0.320009
-0.318921
-0.3082
-0.303519
-0.332632
-0.325573
-0.310431
-0.33533
-0.312058
-0.330226
-0.335204
-0.329009
-0.330154
-0.359231
-0.349008
-0.386163
-0.328152
-0.364231
-0.370999
-0.351103
-0.376075
-0.312019
-0.357967
-0.361139
-0.360064
-0.347451
-0.301653
-0.37469
-0.358815
-0.357368
-0.380401
-0.358226
-0.379451
-0.367552
-0.375574
-0.393838
-0.38396
-0.409053
-0.381515
-0.376486
-0.35804
-0.368547
-0.378531
-0.399606
-0.395521
-0.392623
-0.415676
-0.43341
-0.389097
-0.407089
-0.459897
-0.408396
-0.393122
-0.402462
-0.367486
-0.374537
-0.401233
-0.343905
-0.356696
-0.364542
-0.361834
-0.347467
-0.333812
-0.344336
-0.319271
-0.360711
-0.331597
-0.348012
-0.368459
-0.353593
-0.372291
-0.365562
-0.359442
-0.385098
-0.394691
-0.377817
-0.380901
-0.414069
-0.417965
-0.44484
-0.409439
-0.40419
-0.413811
-0.371032
-0.391684
-0.370379
-0.354223
-0.255176
-0.223406
-0.256799
-0.239669
-0.316668
-0.291273
-0.306527
-0.234898
-0.183211
-0.180042
-0.182269
-0.187788
-0.235499
-0.241105
-0.267541
-0.28591
-0.184651
-0.0743609
-0.00812031
-0.0487803
-0.103843
-0.101592
-0.0921266
-0.119231
-0.136997
-0.0715975
-0.0606557
-0.0600619
-0.067062
-0.0417364
-0.0605373
-0.0769537
-0.0634248
-0.103476
-0.0806606
-0.0845907
-0.0839445
-0.0684382
-0.0765203
-0.064071
-0.0741413
-0.0330922
-0.0364901
-0.0596488
-0.0151723
0.0137171
-0.0131146
-0.0129619
0.00246467
-0.0260811
0.0213921
0.00521179
0.00216701
-0.0235121
-0.00699591
0.0152575
-0.015485
-0.00797542
-0.00636132
0.0345236
0.0233561
0.0260132
0.0241793
0.0115153
-0.000211693
-0.0177903
-0.017269
0.000449109
0.0186306
0.0173433
-0.0184389
-0.00514196
0.0057602
0.0176944
-0.0127242
0.00720754
0.00309945
-0.00724227
-0.00282821
-0.00687651
0.00880449
-0.00730996
0.00919117
-0.00660616
0.00340834
0.0273376
-0.0105729
-0.018222
-0.00522793
-0.0145494
0.0151326
-0.00680756
-0.00408895
0.000739363
0.00577368
-0.0135882
-0.00677285
0.00262235
-0.00107402
0.00659201
-0.00358737
0.0082361
0.00775216
-0.024644
0.0114522
-0.0208064
-0.0133298
-0.014873
-0.00985535
-0.00330625
0.013228
-0.0111755
0.000604941
0.0181243
-0.0139919
0.00457219
0.00395019
-0.0153184
-0.0239196
0.0110733
-0.0047123
-0.0223181
0.00566726
-0.0135539
-0.000750796
0.00288773
0.00160315
0.00362671
0.0100909
0.00586585
-0.00882406
0.00724867
0.0091003
0.0194115
-0.011031
-0.00278795
0.000226079
0.0115178
0.0107505
0.0228602
0.0124136
0.0152229
0.00722518
-0.00245626
0.00406286
-0.0131386
-8.55094e-05
0.0112845
0.0128931
-0.00259399
-0.00205423
0.00612194
0.0101297
0.00502044
-0.00385389
0.00515898
0.00225094
0.00714297
0.00361437
-0.0200233
0.00793936
-0.00772039
0.0105366
0.00383164
-0.0130644
-0.00303554
-0.0120219
0.0111335
0.0151949
-0.00322104
-0.00778327
-0.00442898
-0.00153
0.0104857
0.0212697
-3.11977e-05
