1.14306
1.14301
1.14304
1.14304
1.14304
1.14304
1.14303
1.14302
1.14306
1.14304
1.143
1.14303
1.14304
1.14306
1.14306
1.14306
1.14308
1.14305
1.14304
1.14298
1.14303
1.14302
1.14306
1.14303
1.14302
1.14302
1.14305
1.14303
1.14302
1.14303
1.14302
1.14304
1.143
1.14299
1.14302
1.14307
1.14303
1.14302
1.14302
1.14308
1.143
1.143
1.14301
1.14303
1.14303
1.14302
1.14303
1.14304
1.14299
1.14301
1.14306
1.14301
1.14307
1.14306
1.14306
1.14303
1.143
1.1431
1.14308
1.14305
1.14304
1.14305
1.14305
1.14302
1.14296
1.143
1.14302
1.14303
1.14305
1.143
1.14302
1.14307
1.14302
1.14307
1.14307
1.14301
1.14302
1.14302
1.14307
1.14301
1.14302
1.14305
1.14302
1.14308
1.14306
1.143
1.14303
1.14302
1.14305
1.14302
1.14302
1.14303
1.14302
1.143
1.143
1.14299
1.14304
1.14303
1.143
1.14305
1.14303
1.14306
1.14305
1.14303
1.14305
1.14309
1.14303
1.14302
1.14304
1.14302
1.14302
1.14301
1.14304
1.14308
1.14302
1.14305
1.14302
1.14304
1.14303
1.143
1.14303
1.14304
1.14304
1.14303
1.14301
1.14304
1.14294
1.14299
1.14299
1.14296
1.14295
1.14297
1.1428
1.14274
1.1428
1.14267
1.14269
1.14251
1.14248
1.14238
1.14232
1.14221
1.14209
1.14189
1.14172
1.14153
1.14118
1.14103
1.1407
1.14031
1.14002
1.13967
1.13913
1.13862
1.13796
1.13764
1.13733
1.13712
1.13675
1.13654
1.13634
1.13628
1.13631
1.13628
1.1363
1.13642
1.1364
1.13651
1.13662
1.13665
1.1367
1.13678
1.13683
1.13687
1.13688
1.13694
1.13702
1.13705
1.13715
1.1372
1.13738
1.13736
1.13751
1.13749
1.13764
1.13773
1.13782
1.13785
1.13781
1.13784
1.13773
1.13765
1.13764
1.13763
1.13762
1.13769
1.13772
1.13769
1.1377
1.1377
1.13772
1.13768
1.13768
1.13772
1.13776
1.13769
1.13773
1.13764
1.13766
1.1377
1.13774
1.13769
1.13767
1.13769
1.13767
1.13764
1.13766
1.13769
1.13764
1.13772
1.13777
1.13782
1.13783
1.1378
1.13792
1.13784
1.13786
1.13784
1.13781
1.13774
1.13767
1.13762
1.13774
1.13774
1.13774
1.13772
1.13763
1.1376
1.13762
1.1376
1.13755
1.13756
1.13753
1.13751
1.13754
1.13759
1.13757
1.13758
1.13754
1.13755
1.1376
1.13756
1.13757
1.13756
1.13758
1.13758
1.13752
1.13749
1.13749
1.13749
1.13754
1.13756
1.1376
1.1376
1.13756
1.13758
1.13755
1.13757
1.13751
1.13748
1.13746
1.13745
1.13739
1.13732
1.13728
1.13726
1.13728
1.13729
1.13726
1.13729
1.1373
1.1373
1.13726
1.13732
1.13722
1.13723
1.13723
1.13715
1.13712
1.13712
1.13707
1.13704
1.13702
1.13697
1.13699
1.13708
1.13706
1.13708
1.13711
1.13714
1.13706
1.13701
1.13699
1.137
1.13693
1.13692
1.13685
1.13669
1.13645
1.13638
1.13646
1.13649
1.13658
1.13666
1.1365
1.13643
1.13636
1.13641
1.13638
1.13633
1.13635
1.13623
1.13623
1.13626
1.13638
1.13644
1.13663
1.13669
1.13663
1.13666
1.13649
1.13636
1.13626
1.13615
1.13612
1.13615
1.13622
1.13632
1.13625
1.13608
1.1358
1.13564
1.13557
1.13552
1.13548
1.13527
1.13516
1.13498
1.13482
1.13475
1.13478
1.13488
1.13494
1.13496
1.13507
1.13498
1.13503
1.13491
1.13484
1.13481
1.13479
1.13483
1.13471
1.13468
1.13465
1.13472
1.13471
1.13471
1.13464
1.13449
1.13412
1.13384
1.13371
1.13364
1.13373
1.13376
1.13372
1.13355
1.13306
1.13232
1.13212
1.13198
1.13157
1.13118
1.13072
1.13011
1.12933
1.12911
1.12867
1.12845
1.12842
1.12828
1.12785
1.12741
1.12674
1.12603
1.12556
1.12514
1.125
1.12473
1.12451
1.12397
1.12337
1.12258
1.1221
1.12131
1.12063
1.12007
1.11958
1.1188
1.11797
1.11726
1.11653
1.11592
1.11528
1.11483
1.11426
1.11351
1.11298
1.11247
1.11202
1.11156
1.11109
1.11054
1.10988
1.1092
1.10793
1.10722
1.10638
1.10566
1.105
1.10429
1.10348
1.10275
1.10194
1.10104
1.10005
1.09902
1.09819
1.09761
1.0973
1.09672
1.09598
1.09511
1.09411
1.09304
1.09224
1.09154
1.09078
1.08986
1.08884
1.08772
1.0865
1.0854
1.08416
1.08294
1.08192
1.08103
1.08027
1.07947
1.07873
1.078
1.07623
1.07533
1.07464
1.07404
1.07339
1.07267
1.07185
1.0707
1.06945
1.06808
1.06701
1.0661
1.06527
1.06405
1.06273
1.0613
1.05983
1.05824
1.05704
1.0558
1.055
1.05405
1.05314
1.05225
1.05111
1.04992
1.04877
1.04764
1.04678
1.04592
1.04496
1.04388
1.04282
1.04168
1.0407
1.03992
1.03921
1.03846
1.0375
1.03661
1.03539
1.03415
1.0329
1.03069
1.02955
1.02826
1.027
1.02557
1.02394
1.02275
1.02176
1.02075
1.01972
1.01856
1.01714
1.01581
1.01452
1.01341
1.01222
1.01108
1.00991
1.00861
1.00723
1.00578
1.00444
1.00296
1.00172
1.00027
0.998948
0.997273
0.996028
0.994648
0.993382
0.992022
0.99074
0.989199
0.987716
0.986263
0.984903
0.983667
0.982351
0.979735
0.978464
0.977129
0.97614
0.974878
0.973606
0.972181
0.970491
0.968529
0.966867
0.965499
0.963924
0.962404
0.960922
0.959179
0.957838
0.956338
0.954888
0.953749
0.952216
0.950739
0.949442
0.947999
0.94693
0.945903
0.944621
0.943527
0.942046
0.940367
0.939028
0.93748
0.935664
0.933965
0.932365
0.930467
0.928862
0.927312
0.926143
0.92315
0.921591
0.920217
0.918617
0.917062
0.915477
0.913806
0.912263
0.910722
0.909187
0.907754
0.906393
0.90502
0.903631
0.902125
0.900483
0.898892
0.897334
0.896025
0.894548
0.892963
0.891461
0.889985
0.888949
0.887357
0.88603
0.884464
0.883147
0.881607
0.880028
0.878475
0.876695
0.875426
0.874171
0.872768
0.871725
0.870335
0.869014
0.867714
0.86611
0.864773
0.86337
0.861965
0.859323
0.85796
0.856472
0.855328
0.853992
0.852716
0.851297
0.850015
0.848546
0.847158
0.845772
0.844335
0.842986
0.841841
0.84076
0.839562
0.838369
0.837289
0.836223
0.835185
0.834386
0.833685
0.832985
0.832297
0.831433
0.830426
0.829439
0.828104
0.82657
0.824985
0.823338
0.821828
0.820361
0.819063
0.817722
0.816478
0.815423
0.814427
0.813424
0.812287
0.810874
0.809678
0.80839
0.80558
0.803816
0.802039
0.801223
0.799333
0.798136
0.796445
0.794836
0.79324
0.791647
0.790193
0.788527
0.787004
0.78574
0.784822
0.783866
0.783031
0.782267
0.781439
0.780667
0.779758
0.77888
0.777573
0.776143
0.77472
0.773262
0.771713
0.770125
0.768577
0.767113
0.76575
0.7644
0.762901
0.761596
0.760206
0.758874
0.757486
0.756096
0.754764
0.753379
0.751904
0.750688
0.748719
0.74728
0.746061
0.744738
0.743409
0.74207
0.740618
0.739098
0.737572
0.736224
0.734864
0.733691
0.732635
0.731452
0.7304
0.729125
0.727761
0.726283
0.72483
0.723307
0.721575
0.719913
0.718224
0.716238
0.714416
0.712779
0.711294
0.71007
0.708518
0.70718
0.705615
0.704257
0.70244
0.700692
0.698917
0.696921
0.695181
0.693143
0.689112
0.686751
0.684051
0.681073
0.677479
0.67379
0.669869
0.665568
0.661447
0.65713
0.652524
0.647777
0.643298
0.638808
0.634348
0.629847
0.625452
0.620981
0.616727
0.612608
0.608551
0.604336
0.600512
0.59708
0.593719
0.590571
0.587331
0.584314
0.581231
0.578282
0.57513
0.572147
0.569143
0.566364
0.563
0.560002
0.556819
0.550903
0.548057
0.5451
0.542335
0.539401
0.536713
0.53402
0.531543
0.529072
0.526425
0.524021
0.521519
0.519245
0.516917
0.514585
0.512386
0.510173
0.507852
0.50556
0.503134
0.500826
0.49827
0.495711
0.492945
0.489943
0.486884
0.483627
0.480522
0.477516
0.474577
0.471386
0.468327
0.465178
0.462092
0.458886
0.455969
0.452987
0.447339
0.444429
0.44159
0.438831
0.435959
0.433181
0.430344
0.427811
0.425224
0.422879
0.420682
0.418346
0.416076
0.413865
0.411547
0.409475
0.407096
0.40465
0.402098
0.399621
0.397423
0.395223
0.39321
0.391569
0.390093
0.389082
0.388396
0.388054
0.387999
0.388038
0.388186
0.388545
0.389133
0.38967
0.390205
0.390595
0.390879
0.390927
0.390812
0.390446
0.3892
0.388332
0.387487
0.386691
0.385966
0.385334
0.384683
0.384098
0.383679
0.383434
0.383238
0.383136
0.383059
0.382851
0.38261
0.382484
0.382283
0.382099
0.381752
0.381481
0.381113
0.38065
0.38015
0.37968
0.379179
0.378659
0.378246
0.377868
0.377563
0.377275
0.377151
0.376999
0.376773
0.376429
0.376059
0.375663
0.375258
0.374864
0.37454
0.374168
0.37389
0.373567
0.3732
0.373052
0.372907
0.372684
0.372512
0.372287
0.372161
0.371903
0.37166
0.371302
0.371131
0.370713
0.370443
0.370017
0.37
0.369759
0.369517
0.369358
0.369343
0.369287
0.369185
0.369162
0.369168
0.369157
0.369311
0.369298
0.369397
0.369442
0.369438
0.369507
0.369409
0.36929
0.369056
0.368863
0.368635
0.368312
0.367863
0.367121
0.366084
0.364801
0.363235
0.361718
0.358178
0.356252
0.353949
0.351265
0.34833
0.345204
0.341904
0.338349
0.334718
0.33088
0.327135
0.323299
0.319535
0.315947
0.312348
0.308741
0.305145
0.301556
0.298177
0.294656
0.291361
0.28768
0.284262
0.280592
0.277028
0.273456
0.269446
0.265746
0.261984
0.258236
0.254483
0.250501
0.246388
0.242331
0.238262
0.234102
0.229942
0.225631
0.220928
0.212875
0.208555
0.204268
0.19996
0.195659
0.191528
0.187447
0.183416
0.179699
0.17607
0.17262
0.169196
0.166094
0.163074
0.160226
0.157355
0.154703
0.151979
0.149385
0.146558
0.143674
0.140687
0.137457
0.134443
0.131396
0.128214
0.125062
0.121724
0.118332
0.114914
0.111397
0.107778
0.104134
0.100564
0.0969973
0.0935024
0.0900127
0.0865176
0.0830768
0.0761992
0.0728202
0.0693862
0.0658548
0.0623286
0.0588013
0.0553304
0.051602
0.0478914
0.0441848
0.0405754
0.0371313
0.0334965
0.0300336
0.0265877
0.0233061
0.0202385
0.017053
0.0141166
0.0111445
0.00830245
0.00549625
0.00270297
-0.000114743
-0.00295986
-0.00573852
-0.00859373
-0.011269
-0.0139878
-0.0168534
-0.0196906
-0.0226496
-0.0257565
-0.0287363
-0.0317417
-0.03477
-0.0378826
-0.0441319
-0.0469784
-0.0498369
-0.0528134
-0.0556737
-0.0585571
-0.0613434
-0.0638774
-0.0663465
-0.0688529
-0.0713417
-0.0737864
-0.0761554
-0.0785366
-0.0809061
-0.0834704
-0.085952
-0.0885383
-0.0910438
-0.093657
-0.0960784
-0.0985599
-0.100989
-0.103474
-0.106184
-0.108737
-0.111443
-0.114227
-0.116909
-0.11977
-0.122702
-0.125826
-0.128785
-0.131778
-0.134525
-0.137309
-0.140064
-0.143038
-0.145847
-0.148826
-0.151545
-0.154086
-0.1596
-0.162386
-0.165206
-0.168214
-0.170887
-0.173885
-0.176835
-0.179957
-0.182967
-0.186186
-0.188996
-0.192121
-0.195201
-0.198305
-0.201409
-0.204507
-0.207505
-0.210565
-0.213639
-0.216975
-0.220093
-0.223341
-0.226391
-0.229549
-0.232785
-0.235816
-0.238695
-0.241717
-0.244464
-0.247301
-0.250118
-0.252941
-0.255568
-0.258374
-0.260924
-0.263591
-0.266214
-0.269011
-0.271745
-0.277178
-0.279715
-0.282473
-0.284905
-0.287774
-0.290415
-0.293005
-0.295781
-0.298184
-0.300509
-0.302761
-0.304978
-0.306997
-0.308721
-0.310314
-0.311984
-0.313324
-0.314333
-0.315126
-0.315828
-0.316107
-0.316121
-0.316069
-0.315752
-0.315349
-0.314834
-0.314305
-0.313989
-0.314307
-0.314447
-0.314669
-0.314617
-0.314698
-0.314819
-0.314862
-0.315043
-0.315264
-0.315238
-0.315278
-0.315332
-0.315264
-0.315323
-0.315273
-0.315248
-0.315192
-0.315232
-0.315163
-0.315144
-0.315176
-0.315169
-0.31521
-0.315195
-0.3152
-0.315327
-0.315277
-0.315327
-0.315395
-0.315519
-0.315818
-0.316269
-0.316559
-0.316896
-0.317295
-0.31767
-0.31811
-0.318587
-0.318969
-0.319389
-0.319711
-0.320127
-0.320704
-0.321559
-0.322729
-0.323963
-0.32534
-0.326637
-0.328162
-0.329708
-0.331463
-0.333039
-0.334802
-0.336422
-0.34044
-0.342482
-0.344535
-0.346372
-0.348251
-0.350236
-0.352168
-0.354169
-0.35625
-0.358329
-0.3606
-0.362949
-0.36545
-0.367981
-0.370413
-0.372858
-0.375184
-0.377609
-0.379948
-0.382248
-0.384715
-0.38709
-0.389465
-0.391737
-0.393914
-0.396043
-0.398206
-0.400411
-0.402787
-0.405318
-0.407747
-0.41017
-0.412588
-0.415051
-0.417305
-0.419524
-0.421845
-0.424263
-0.426595
-0.431457
-0.433853
-0.436267
-0.438792
-0.44145
-0.443978
-0.446651
-0.44944
-0.452111
-0.454979
-0.457751
-0.460665
-0.463422
-0.46638
-0.469038
-0.471962
-0.474711
-0.477395
-0.480043
-0.482711
-0.485395
-0.487887
-0.490447
-0.492911
-0.49541
-0.497964
-0.500324
-0.502877
-0.505275
-0.507724
-0.510329
-0.513084
-0.515944
-0.518812
-0.521714
-0.524678
-0.527628
-0.53068
-0.533683
-0.536808
-0.539757
-0.542741
-0.545534
-0.551349
-0.554245
-0.557146
-0.560091
-0.562929
-0.565797
-0.568597
-0.571512
-0.574507
-0.577491
-0.580394
-0.583425
-0.586459
-0.589632
-0.592739
-0.595925
-0.599011
-0.602145
-0.605305
-0.608458
-0.611611
-0.614587
-0.617586
-0.620624
-0.623772
-0.626929
-0.630102
-0.633059
-0.635936
-0.638793
-0.641894
-0.644857
-0.648016
-0.650931
-0.653837
-0.656772
-0.659666
-0.662488
-0.665456
-0.668318
-0.671214
-0.674002
-0.679734
-0.682602
-0.685564
-0.688334
-0.691237
-0.694166
-0.697115
-0.700132
-0.703067
-0.706045
-0.709038
-0.712034
-0.715084
-0.718137
-0.721044
-0.723963
-0.726825
-0.729915
-0.73285
-0.735923
-0.738934
-0.740939
-0.742624
-0.744056
-0.74572
-0.747687
-0.749999
-0.752413
-0.75443
-0.755881
-0.75733
-0.758643
-0.759874
-0.761238
-0.762868
-0.764598
-0.766626
-0.768484
-0.770647
-0.77269
-0.773436
-0.774586
-0.775662
-0.776704
-0.779085
-0.779835
-0.780562
-0.781171
-0.781675
-0.782083
-0.782477
-0.782853
-0.78314
-0.783502
-0.783773
-0.783991
-0.784456
-0.784805
-0.785049
-0.785271
-0.785456
-0.785648
-0.785802
-0.786056
-0.78631
-0.786573
-0.78675
-0.786831
-0.786891
-0.78693
-0.787014
-0.786935
-0.786946
-0.786928
-0.786849
-0.786921
-0.786838
-0.786892
-0.786714
-0.786638
-0.78652
-0.786432
-0.78627
-0.786192
-0.786147
-0.786122
-0.786013
-0.785974
-0.785943
-0.785897
-0.785821
-0.785745
-0.785691
-0.785675
-0.785599
-0.78555
-0.785525
-0.785567
-0.785546
-0.785583
-0.78558
-0.785587
-0.785569
-0.785585
-0.785644
-0.785676
-0.78573
-0.785728
-0.785745
-0.785697
-0.785666
-0.785698
-0.785718
-0.785862
-0.786029
-0.786154
-0.786262
-0.786264
-0.786308
-0.786312
-0.786338
-0.786316
-0.78628
-0.786382
-0.786373
-0.786422
-0.786468
-0.786528
-0.786577
-0.786606
-0.786555
-0.786554
-0.786501
-0.786557
-0.786605
-0.786585
-0.786564
-0.786604
-0.786643
-0.786604
-0.78663
-0.786622
-0.786564
-0.786561
-0.786606
-0.786615
-0.786628
-0.78666
-0.786665
-0.786667
-0.78667
-0.786618
-0.786648
-0.786627
-0.786634
-0.786616
-0.786584
-0.786572
-0.786563
-0.786602
-0.786566
-0.786569
-0.786566
-0.786595
-0.786581
-0.786597
-0.786605
-0.786586
-0.786584
-0.786601
-0.786565
-0.786541
-0.786431
-0.786454
-0.786373
-0.786252
-0.786259
-0.786249
-0.786268
-0.786249
-0.786236
-0.786209
-0.786221
-0.786207
-0.786176
-0.78617
-0.786068
-0.786074
-0.78602
-0.786086
-0.786104
-0.786075
-0.786057
-0.786079
-0.786096
-0.78608
-0.786058
-0.786022
-0.786041
-0.786002
-0.786069
-0.786031
-0.785985
-0.786036
-0.786064
-0.78605
-0.785967
-0.78604
-0.786011
-0.785983
-0.786024
-0.785997
-0.78605
-0.785988
-0.785986
-0.786031
-0.785995
-0.785998
-0.785976
-0.786018
-0.785971
-0.785982
-0.785997
-0.785938
-0.785957
-0.786009
