0.0903551
0.0933814
0.090312
0.0927648
0.0927117
0.093146
0.0928311
0.0885193
0.0898116
0.0918764
0.0914455
0.0924167
0.0923869
0.0902093
0.0895863
0.0925029
0.0918631
0.0914919
0.0937427
0.0926288
0.0908191
0.093335
0.0896525
0.0934278
0.0912897
0.0934875
0.0920554
0.0920388
0.091356
0.0921316
0.0928808
0.0925493
0.0932156
0.0935604
0.0933515
0.0905904
0.0920819
0.092115
0.0901264
0.091008
0.0917339
0.0925791
0.0921747
0.0920222
0.0915217
0.0926819
0.0910212
0.0920487
0.091714
0.0920421
0.0903882
0.0916742
0.0903319
0.0928675
0.0927946
0.0911008
0.0921846
0.0882973
0.0912035
0.0894471
0.093577
0.0913361
0.0913494
0.0919559
0.0940146
0.0936466
0.0911306
0.0920123
0.0906931
0.0932289
0.0903584
0.0923073
0.0895829
0.0934941
0.0901132
0.092125
0.0888208
0.0931128
0.0899673
0.0913295
0.0932554
0.0895167
0.0902557
0.0887247
0.0924896
0.0914654
0.0921416
0.0931924
0.091071
0.0916941
0.0902457
0.0926752
0.0930532
0.0937991
0.0932852
0.0937825
0.0923769
0.0896161
0.0946114
0.0923835
0.0928543
0.0921714
0.0912864
0.0926885
0.0923338
0.0896525
0.0931493
0.0927349
0.0891588
0.0940444
0.0892383
0.0899309
0.0927714
0.0920487
0.0911373
0.0923007
0.0943064
0.0924797
0.0904545
0.0912997
0.0930333
0.0910942
0.0912765
0.0924962
0.0920322
0.0927449
0.0944721
0.0916874
0.0901662
0.0955233
0.0938588
0.096359
0.0964286
0.0992647
0.0969194
0.101345
0.100635
0.105235
0.105989
0.106281
0.110197
0.112546
0.113238
0.120164
0.120238
0.122823
0.131223
0.134383
0.137608
0.144585
0.148865
0.151724
0.160075
0.167902
0.174878
0.175328
0.179943
0.174458
0.17766
0.172221
0.164508
0.161696
0.153704
0.153878
0.149226
0.143743
0.145373
0.141206
0.140662
0.138689
0.138432
0.13484
0.132489
0.131886
0.132949
0.131943
0.128447
0.129973
0.126229
0.124098
0.11905
0.120707
0.11478
0.118009
0.113484
0.110539
0.11039
0.106859
0.109131
0.106381
0.111008
0.112134
0.113121
0.11495
0.115222
0.111609
0.113204
0.110387
0.111616
0.111476
0.113919
0.112649
0.11129
0.110652
0.10947
0.111822
0.111393
0.110463
0.112074
0.111217
0.112008
0.112879
0.112314
0.112733
0.113377
0.113012
0.115033
0.11151
0.113261
0.109792
0.108652
0.108204
0.107145
0.11047
0.105136
0.109114
0.107125
0.10834
0.107433
0.108094
0.112144
0.115422
0.110523
0.109539
0.111732
0.11034
0.11237
0.115568
0.11357
0.115997
0.114827
0.11492
0.115109
0.116709
0.117537
0.115039
0.116566
0.114837
0.117972
0.115329
0.112756
0.11476
0.115884
0.114488
0.115265
0.116319
0.117723
0.116695
0.116988
0.115518
0.115887
0.115315
0.113826
0.115186
0.116529
0.112875
0.1147
0.115212
0.118029
0.11745
0.117314
0.116815
0.118415
0.121502
0.122677
0.123386
0.122504
0.120134
0.12271
0.122853
0.121222
0.122504
0.125839
0.121525
0.123246
0.121778
0.123825
0.127038
0.124534
0.126562
0.127988
0.130313
0.13033
0.128794
0.1301
0.127488
0.126715
0.127451
0.125976
0.125636
0.127521
0.128587
0.130326
0.131903
0.130969
0.128387
0.131823
0.138035
0.144147
0.147214
0.145367
0.143132
0.139797
0.136784
0.140912
0.145567
0.144311
0.14398
0.145614
0.14811
0.144137
0.148996
0.149714
0.150186
0.145747
0.145971
0.139997
0.136901
0.138392
0.137958
0.144234
0.144845
0.148541
0.152864
0.153145
0.150854
0.148925
0.147953
0.150009
0.154544
0.160815
0.163998
0.166584
0.166594
0.166527
0.174532
0.177085
0.180602
0.189244
0.187708
0.185108
0.185963
0.182072
0.181093
0.179321
0.182082
0.179812
0.182886
0.18564
0.185879
0.186984
0.182291
0.188681
0.187081
0.188082
0.185256
0.186125
0.185364
0.183701
0.185347
0.192999
0.196339
0.200452
0.196593
0.189069
0.185105
0.187209
0.191637
0.201118
0.213248
0.210335
0.202409
0.207359
0.208446
0.208926
0.214281
0.223406
0.216611
0.217262
0.208713
0.204248
0.200658
0.206399
0.207657
0.214875
0.21924
0.22221
0.220078
0.210887
0.205939
0.206043
0.211761
0.219433
0.229964
0.228205
0.23104
0.240026
0.241783
0.242196
0.249708
0.259961
0.262199
0.263115
0.260143
0.257139
0.251336
0.254332
0.263589
0.26061
0.254346
0.246883
0.24768
0.245629
0.249509
0.251514
0.255357
0.25449
0.258366
0.261111
0.26496
0.265348
0.264297
0.264376
0.265654
0.266066
0.276824
0.282128
0.283862
0.283499
0.275828
0.262082
0.259666
0.264008
0.272562
0.280595
0.291216
0.295514
0.293382
0.291254
0.292841
0.295326
0.303511
0.31559
0.322304
0.327045
0.331114
0.331984
0.332279
0.317601
0.312641
0.308202
0.30589
0.306638
0.313733
0.312973
0.306343
0.304238
0.298161
0.298376
0.308104
0.322409
0.33143
0.33084
0.325444
0.323098
0.321898
0.332321
0.342484
0.354534
0.367965
0.366592
0.372035
0.366443
0.362766
0.359359
0.354792
0.357789
0.366553
0.371979
0.371531
0.366838
0.357656
0.353483
0.35998
0.360734
0.364364
0.36554
0.359304
0.350398
0.349486
0.35291
0.355754
0.363739
0.372603
0.377481
0.385086
0.381233
0.381904
0.388342
0.393872
0.406349
0.404101
0.399705
0.389613
0.387476
0.39253
0.40313
0.405502
0.409087
0.407012
0.405536
0.39766
0.396127
0.395852
0.398493
0.407659
0.407717
0.40976
0.405901
0.41383
0.41828
0.426728
0.424834
0.421102
0.419953
0.419354
0.417079
0.417858
0.421556
0.421927
0.420669
0.417433
0.416134
0.420318
0.416341
0.414874
0.407043
0.40526
0.407109
0.410062
0.416761
0.433547
0.441916
0.433863
0.444368
0.450697
0.453337
0.459942
0.457512
0.457384
0.460621
0.456199
0.451331
0.450327
0.448937
0.44865
0.446133
0.434684
0.43735
0.436663
0.440863
0.44234
0.443889
0.451778
0.454366
0.455542
0.45727
0.463624
0.465798
0.467736
0.459343
0.465104
0.467211
0.465901
0.469777
0.469155
0.464574
0.461911
0.468449
0.468521
0.470197
0.466326
0.46317
0.465006
0.467146
0.457471
0.464328
0.466517
0.467167
0.464122
0.468304
0.469498
0.470351
0.469368
0.460438
0.471494
0.462562
0.45858
0.458317
0.45933
0.463198
0.465499
0.470137
0.464081
0.462833
0.463564
0.457577
0.461833
0.459689
0.459254
0.457427
0.458517
0.457408
0.458545
0.455883
0.458766
0.463802
0.459521
0.456144
0.457305
0.46239
0.458596
0.461272
0.460521
0.460129
0.455658
0.456762
0.445067
0.442099
0.440651
0.432921
0.433008
0.431447
0.428794
0.416518
0.406649
0.395882
0.384665
0.376144
0.381707
0.376512
0.387605
0.396913
0.409215
0.422138
0.426666
0.430421
0.433089
0.429282
0.427767
0.419359
0.403462
0.393199
0.393659
0.395278
0.394352
0.401479
0.415294
0.432902
0.448928
0.430877
0.446751
0.443371
0.447852
0.453861
0.454158
0.458759
0.457915
0.460214
0.459123
0.452401
0.443149
0.432288
0.425415
0.408367
0.40039
0.39216
0.388326
0.38374
0.392597
0.4038
0.414034
0.42606
0.429359
0.439388
0.443353
0.447508
0.454472
0.45059
0.452757
0.44696
0.446745
0.441342
0.438144
0.432343
0.428165
0.426963
0.422305
0.416865
0.41154
0.417095
0.416466
0.419929
0.419419
0.424534
0.429375
0.429613
0.429547
0.43064
0.429074
0.420271
0.414174
0.412618
0.410929
0.412879
0.418787
0.424973
0.42999
0.440601
0.445189
0.448851
0.455272
0.467352
0.477096
0.479532
0.478636
0.476863
0.478676
0.47923
0.483932
0.482879
0.491025
0.496091
0.50014
0.511774
0.514848
0.522369
0.554532
0.56858
0.596586
0.622335
0.665951
0.706813
0.757707
0.809062
0.858886
0.910387
0.960571
1.01241
1.04974
1.08663
1.12217
1.15231
1.17665
1.20082
1.21996
1.23933
1.24404
1.25119
1.25967
1.24325
1.24201
1.22105
1.19262
1.17576
1.15813
1.1457
1.1338
1.12481
1.10529
1.09967
1.09609
1.09132
1.08664
1.07366
1.05747
1.04983
1.0281
1.02853
1.00897
0.995903
0.982104
0.970913
0.964395
0.95271
0.948275
0.926343
0.925373
0.915563
0.903036
0.900774
0.896804
0.889249
0.884919
0.880738
0.888124
0.893754
0.906745
0.916839
0.922611
0.944498
0.950396
0.963257
0.970429
0.982986
0.985286
0.990224
0.989009
0.994106
0.991502
0.993884
0.992931
0.99065
0.998876
0.993261
0.997882
0.9935
0.990391
0.975076
0.966806
0.955847
0.933348
0.927592
0.909895
0.896715
0.884556
0.870277
0.870588
0.872113
0.88632
0.881015
0.866974
0.861544
0.847767
0.825113
0.799188
0.762931
0.717254
0.660762
0.606525
0.555903
0.511637
0.466328
0.417103
0.382634
0.350588
0.328831
0.310957
0.300056
0.294114
0.298616
0.31895
0.334691
0.349445
0.358405
0.364017
0.361116
0.358071
0.351166
0.340443
0.330131
0.324387
0.314402
0.303835
0.294428
0.290127
0.28385
0.284278
0.284863
0.286434
0.288931
0.294002
0.298122
0.302596
0.304343
0.303288
0.300227
0.300511
0.298769
0.293415
0.288418
0.286622
0.281603
0.279647
0.279086
0.279377
0.281374
0.280369
0.284228
0.284799
0.288522
0.285995
0.289974
0.289007
0.28591
0.283873
0.283752
0.282727
0.282925
0.276489
0.270853
0.271574
0.26736
0.266421
0.266616
0.26615
0.276245
0.268716
0.26762
0.271963
0.266058
0.25727
0.253238
0.25003
0.244493
0.238313
0.233204
0.225783
0.220513
0.215468
0.213206
0.210727
0.210218
0.214075
0.214788
0.218721
0.220906
0.225083
0.23108
0.23931
0.253059
0.274441
0.296391
0.329107
0.354053
0.403293
0.420402
0.452784
0.492943
0.532558
0.58488
0.634385
0.686033
0.730204
0.781557
0.821253
0.867955
0.903481
0.933832
0.958426
0.971907
0.97519
0.979226
0.97165
0.984641
0.979334
0.98149
0.983851
0.994323
1.00262
1.01209
1.03653
1.05206
1.06552
1.09145
1.11142
1.13972
1.15951
1.17262
1.19491
1.21247
1.22388
1.23331
1.2436
1.2734
1.27693
1.27742
1.28114
1.28779
1.29282
1.28357
1.28213
1.28491
1.26812
1.25287
1.2391
1.20938
1.1914
1.16488
1.14011
1.10808
1.08176
1.06751
1.05989
1.05323
1.04898
1.05689
1.05606
1.06201
1.06384
1.06137
1.06504
1.07281
1.07608
1.08607
1.10082
1.1124
1.12302
1.13689
1.142
1.154
1.15461
1.14653
1.141
1.13779
1.12557
1.12906
1.11464
1.12174
1.11874
1.11623
1.12207
1.11783
1.12894
1.12142
1.1283
1.12637
1.11197
1.11553
1.09601
1.0982
1.08291
1.07652
1.06196
1.05855
1.05913
1.04799
1.03332
1.03009
1.02263
1.01806
1.00717
1.00831
1.00285
1.00899
1.01039
1.02429
1.0271
1.02687
1.03051
1.03466
1.03106
1.03357
1.03616
1.03526
1.02208
1.01817
1.00966
0.99807
0.990651
0.98226
0.96971
0.960182
0.95874
0.948895
0.953288
0.945931
0.939499
0.935351
0.931319
0.933203
0.931291
0.926551
0.92319
0.924073
0.926866
0.93154
0.940724
0.942812
0.946618
0.954642
0.9608
0.957014
0.947893
0.956488
0.950725
0.949966
0.954882
0.954123
0.957985
0.960914
0.954026
0.9589
0.953525
0.954667
0.966422
0.97104
0.983093
0.988198
1.00049
0.994152
1.01145
1.00458
1.01531
1.01363
1.01824
1.01449
1.01499
1.01252
1.02036
1.01561
1.02121
1.0161
1.02984
1.0253
1.03307
1.04112
1.04451
1.04059
1.04807
1.04183
1.04686
1.0426
1.04023
1.0188
1.01784
1.00541
0.998022
0.996811
0.990828
0.981743
0.969457
0.95611
0.961569
0.944926
0.947856
0.937605
0.936896
0.940848
0.925946
0.917979
0.895146
0.880465
0.859597
0.833016
0.812489
0.795455
0.773967
0.73796
0.699641
0.667475
0.61993
0.571781
0.526186
0.484892
0.44751
0.404444
0.374278
0.348552
0.348187
0.338551
0.331131
0.317402
0.305389
0.299118
0.285637
0.27962
0.279496
0.272444
0.269447
0.265109
0.253597
0.253266
0.245487
0.242217
0.232429
0.229456
0.223988
0.218006
0.216851
0.21159
0.210226
0.203947
0.199934
0.200353
0.19947
0.201038
0.199984
0.206496
0.211324
0.222073
0.221728
0.224847
0.231819
0.23444
0.239173
0.246288
0.250672
0.249327
0.249641
0.253176
0.258606
0.269146
0.281353
0.293378
0.311964
0.325463
0.346882
0.362151
0.390405
0.401811
0.420882
0.426958
0.462109
0.476928
0.487992
0.493573
0.495695
0.502012
0.504787
0.515335
0.524741
0.529984
0.541591
0.547577
0.563758
0.576879
0.588369
0.596403
0.612718
0.626816
0.630017
0.639398
0.648279
0.647372
0.656516
0.665608
0.668104
0.673007
0.681113
0.684136
0.691359
0.69832
0.71082
0.715402
0.71917
0.729632
0.730461
0.730173
0.724566
0.72366
0.726156
0.721038
0.726266
0.729335
0.73637
0.742705
0.74368
0.745459
0.75296
0.76295
0.779644
0.791465
0.794741
0.800064
0.807101
0.806566
0.82371
0.833337
0.839422
0.840765
0.84472
0.84314
0.839181
0.841927
0.837408
0.833565
0.830934
0.820154
0.817208
0.813249
0.816719
0.813114
0.823236
0.82774
0.831795
0.834603
0.84459
0.851811
0.860458
0.866463
0.869479
0.874968
0.873211
0.881176
0.874813
0.868515
0.864889
0.86765
0.873948
0.880145
0.883015
0.886261
0.896328
0.890489
0.896908
0.905891
0.907683
0.913108
0.913554
0.913436
0.927218
0.936662
0.941449
0.940878
0.942743
0.940379
0.942848
0.938591
0.946683
0.942401
0.946274
0.94507
0.945515
0.940239
0.948614
0.939793
0.952581
0.946402
0.956771
0.961929
0.96504
0.957993
0.962459
0.95967
0.964149
0.964098
0.961483
0.951954
0.952253
0.946056
0.954994
0.950179
0.951871
0.952251
0.947673
0.944256
0.956501
0.950184
0.948965
0.947598
0.942828
0.948679
0.946327
0.950611
0.945185
0.955082
0.95668
0.923199
0.887802
0.839575
0.811221
0.800424
0.798967
0.807049
0.803197
0.776992
0.749541
0.720693
0.689831
0.669761
0.657479
0.647268
0.656124
0.660251
0.669587
0.670143
0.630428
0.608084
0.586845
0.56459
0.531324
0.507639
0.494028
0.47237
0.450732
0.429084
0.409975
0.390762
0.372277
0.359673
0.350474
0.33612
0.326485
0.315045
0.303775
0.297293
0.289772
0.283086
0.275704
0.269328
0.26536
0.261555
0.257504
0.25162
0.245412
0.24079
0.241753
0.239601
0.238629
0.236046
0.230167
0.227265
0.223785
0.223312
0.218407
0.218524
0.212397
0.209458
0.205703
0.203996
0.201826
0.200141
0.197806
0.196486
0.197524
0.194797
0.191322
0.188675
0.190194
0.186946
0.185674
0.185596
0.184051
0.183474
0.184948
0.18646
0.184855
0.184877
0.181966
0.185419
0.188095
0.185367
0.187942
0.185202
0.186233
0.182696
0.178625
0.178183
0.17782
0.180858
0.186404
0.182794
0.188383
0.188036
0.184635
0.18322
0.177855
0.174495
0.16118
0.161522
0.156661
0.15678
0.158082
0.154889
0.157278
0.156249
0.153654
0.155675
0.153535
0.154313
0.153756
0.15607
0.154964
0.153667
0.157968
0.154711
0.155302
0.154127
0.15557
0.152776
0.15438
0.154984
0.154139
0.157811
0.15517
0.156437
0.157232
0.155141
0.15574
0.155682
0.156267
0.153676
0.154156
0.154288
0.153023
0.153975
0.153045
0.153442
0.154477
0.152779
0.153626
0.15406
0.154723
0.153718
0.153436
0.155867
0.152294
0.152782
0.149785
0.150062
0.149002
0.14392
0.145699
0.146666
0.144668
0.145161
0.145594
0.145597
0.142812
0.143344
0.142221
0.143643
0.141204
0.139767
0.137763
0.139901
0.141144
0.139629
0.138766
0.13978
0.139118
0.138804
0.138609
0.138222
0.138275
0.138961
0.141122
0.138541
0.135885
0.138392
0.138466
0.139395
0.136893
0.138621
0.13732
0.13542
0.139946
0.13554
0.137897
0.136781
0.136749
0.139647
0.13488
0.137476
0.137278
0.137607
0.13776
0.138167
0.139006
0.137268
0.136859
0.138561
