0.00503458
-0.0190556
0.000436798
0.00411333
-0.013577
-0.00809004
0.00331318
0.00580257
0.00668064
0.00084084
-0.00404165
-4.36204e-05
-0.00767038
0.0165809
0.0165829
0.00150217
0.0157771
0.0131955
-0.00595301
-0.0158078
-0.00736389
0.00535899
0.00885572
-0.00269321
-0.00247792
-0.00501519
0.00609119
-0.00367471
-0.00413927
-0.00185448
-0.00103502
-0.00517743
-0.00739778
-0.0122162
-0.00977764
-0.00233526
-0.00895029
0.00250334
-0.019175
0.00717166
-0.00199526
-0.00591111
-0.00831922
-0.000536192
0.00190513
-0.00723519
0.00443534
0.00409413
-0.00806984
-0.0117409
0.00445474
-0.00919244
0.0159938
0.00350508
0.00760364
0.00238112
-0.0127355
0.00632567
0.0202019
0.00539124
0.00848067
0.00918496
-0.000296197
-0.00049102
-0.028301
-0.0208792
-0.0196953
0.00431795
0.00614562
0.00166416
-0.00202647
0.0133382
-0.00218039
0.0180373
0.0178519
-0.025018
-0.00608855
-0.00402556
0.0181601
-0.0101469
-0.000835208
0.0010687
0.00320886
0.013925
0.00615057
-0.0148804
-0.00234459
-0.0150376
0.00277353
0.00478691
-0.00609848
0.00636302
-0.00302714
-0.00109241
-0.0206931
-0.0197279
0.00125878
0.000514173
-0.00823354
-0.000427071
-0.0115255
0.00186866
0.0140976
0.000359368
0.0116926
0.000220787
-0.00494306
-0.00228765
0.0128812
0.00033681
-0.00253586
-0.00585565
0.00918678
0.0184432
0.00316168
0.0120425
0.00930828
0.00219961
0.000222326
-0.018923
-0.000611257
0.00186486
0.0041168
0.000395898
-0.00974672
0.0100763
-0.0191001
0.00173515
0.00593602
0.0039242
-0.000721999
0.00346383
-0.0301049
-0.0308613
0.00789457
-0.00950693
0.00730537
-0.0239851
-0.00530322
-0.0227605
-0.0294578
-0.0149516
-0.00137087
-0.0238635
-0.0329393
-0.0164904
-0.048939
-0.00773873
-0.0292569
-0.0431097
-0.0436637
-0.0363183
-0.0602296
-0.0711774
-0.0543158
-0.0130398
-0.0657579
-0.0110458
-0.0130111
-0.00613558
-0.0129452
-0.00744447
0.00711675
-0.00480584
-0.000943821
0.00824674
0.00141656
-0.00323356
0.00114063
0.00539493
0.00282727
-0.00636461
0.00907887
0.00497184
-0.000367792
-0.00539297
0.0107233
-0.00735912
0.0140462
-0.00272932
0.0151668
0.00152495
0.0399175
0.00395351
0.0163113
0.0203345
0.0115681
0.00546368
-0.0173336
-0.00150917
-0.0140208
0.00139209
-0.0127689
0.00508283
-0.0187202
0.00211281
0.0132086
0.00718872
0.00487371
9.75743e-05
0.0111969
0.00204582
0.00719955
0.0145673
0.0204969
0.000430739
0.010332
-0.00912874
-0.0146573
0.00535398
0.0139897
-0.0175135
-0.0152526
-0.00327709
-0.00493806
-0.00395422
-0.00563847
-0.00169359
-0.00660956
0.0018804
0.0108166
0.016034
0.0070548
0.00247486
0.00704088
-0.0140142
-0.00288275
-0.0103369
-0.00905482
-0.0217308
-0.0167316
-0.0217852
0.00570448
0.00483163
0.00751201
0.00327546
-0.0237655
-0.00843893
0.00676519
0.00117807
-0.00451845
-0.000705594
-0.00127324
-0.0221959
-0.0100415
0.0202097
-0.00184862
0.0101946
-0.00333077
-0.00644519
0.00790394
0.000344053
-0.000471557
-0.00311455
0.00915235
-0.00163569
0.000984071
-0.00752987
0.00727634
-0.00493636
-0.00246592
-0.00190096
0.00744955
-0.00610477
0.00249399
0.00114515
0.000839178
0.00853092
-0.0130171
-0.00667813
-0.0128549
-0.00456007
-0.0065979
0.00513456
-0.00890961
0.00946593
-0.00313078
0.00198812
-0.000679233
-0.00751341
0.00713641
0.00417977
-0.017397
-0.00203634
-0.00782274
0.00412289
0.00120115
-0.0143668
0.00190085
-0.00223553
-0.00733595
0.0108129
0.0152219
-0.0072404
0.00488242
0.0288961
-0.00555331
0.00342216
0.0069731
0.0236106
0.00578494
-0.00279136
-8.11527e-05
0.0146728
0.00921523
-0.00455134
-0.00492624
-0.0104684
-0.0211945
0.00351159
0.0199921
0.00494255
0.00314294
0.013916
-0.0107712
-0.00507747
-0.0159239
0.0115536
0.00483675
-0.00259225
-0.0121707
-0.0230368
0.00138094
0.00845877
0.0307526
-0.00624709
0.00672147
0.000310009
-0.013981
0.00975927
-0.0158487
-0.034522
-0.00600891
-0.00587954
-0.00632976
0.00220927
-0.00822472
0.0150453
-0.0053756
-0.0129278
-0.0273409
-0.0207135
-0.00333876
0.0153396
0.0148322
-0.0122318
-0.029222
-0.010599
-0.0225818
0.0053261
-0.0121508
0.0111726
0.00337111
0.000230797
0.0344828
-0.0148586
0.00462213
-0.00711899
2.35899e-05
-0.00181304
-0.01821
0.0177119
-0.00353733
-0.00442041
-0.0121797
0.0158653
0.00156455
-0.00689747
-0.0157761
-0.0163301
-0.0530494
-0.0314876
-0.012058
-0.00564033
0.00589983
0.016017
-0.00309853
-0.035027
-0.0467716
-0.0695312
-0.0209165
-0.0199259
-0.0524939
-0.0413354
-0.0523257
-0.0616744
-0.0802092
-0.00844351
-0.0485543
-0.00439241
0.00140196
-0.010297
-0.0538159
-0.0642832
-0.0624873
-0.0651913
-0.0428709
-0.0306456
-0.0229041
-0.0325585
-0.00179775
-0.0594615
-0.0739053
-0.0827711
0.0189869
-0.0668283
-0.0485342
-0.0511914
-0.0658299
-0.0871443
-0.0832374
-0.104516
-0.0721903
-0.0567706
-0.0758254
-0.0433392
-0.0519782
-0.0651029
-0.0491896
-0.0206281
-0.0260104
-0.0694637
-0.0526565
-0.044947
-0.0692566
-0.064125
-0.0562466
-0.066215
-0.0882152
-0.0827536
-0.0734351
-0.08909
-0.0884673
-0.0734094
-0.0676248
-0.0876328
-0.0954069
-0.104754
-0.0657715
-0.0752406
-0.0357693
-0.0682208
-0.0865592
-0.100991
-0.0967308
-0.111275
-0.0777058
-0.0440539
-0.0696125
-0.100214
-0.103646
-0.114135
-0.136443
-0.111815
-0.0998423
-0.105944
-0.0946726
-0.0984356
-0.0602845
-0.0634834
-0.0641793
-0.0731841
-0.0874924
-0.0978784
-0.0752032
-0.0540749
-0.0619309
-0.0692575
-0.0605896
-0.119574
-0.126579
-0.155906
-0.12003
-0.0825764
-0.0868222
-0.135496
-0.132906
-0.143526
-0.152453
-0.168792
-0.12444
-0.117314
-0.0943937
-0.119181
-0.0941472
-0.0896485
-0.134564
-0.133545
-0.0931348
-0.104854
-0.081961
-0.0873262
-0.0846101
-0.127128
-0.127742
-0.103758
-0.0761192
-0.0613635
-0.0805981
-0.0802075
-0.0883072
-0.0887344
-0.127613
-0.10968
-0.136267
-0.107051
-0.102788
-0.120325
-0.141254
-0.12892
-0.167536
-0.120642
-0.0813677
-0.0811229
-0.105751
-0.10841
-0.174542
-0.138059
-0.132245
-0.130021
-0.119591
-0.133765
-0.121746
-0.122173
-0.149387
-0.149534
-0.116167
-0.152652
-0.147628
-0.160403
-0.152148
-0.158908
-0.120673
-0.11695
-0.123007
-0.145724
-0.13642
-0.152443
-0.144103
-0.148072
-0.136063
-0.11204
-0.137527
-0.144879
-0.115607
-0.122553
-0.1013
-0.113169
-0.143481
-0.14623
-0.177065
-0.201759
-0.152376
-0.160618
-0.134246
-0.154824
-0.16511
-0.15745
-0.14354
-0.135798
-0.159151
-0.125155
-0.131989
-0.141903
-0.122792
-0.149584
-0.105174
-0.108313
-0.140357
-0.14321
-0.152231
-0.14985
-0.153016
-0.170012
-0.175157
-0.177076
-0.145695
-0.165004
-0.148237
-0.149446
-0.0932362
-0.183968
-0.152252
-0.173322
-0.17827
-0.14747
-0.149644
-0.154707
-0.146357
-0.18048
-0.140359
-0.0994626
-0.171677
-0.1442
-0.126045
-0.149163
-0.166129
-0.158578
-0.143398
-0.12278
-0.177841
-0.217207
-0.146244
-0.14706
-0.0956948
-0.155849
-0.150595
-0.144914
-0.153542
-0.159824
-0.136446
-0.168844
-0.152555
-0.0881531
-0.16545
-0.130721
-0.093493
-0.143308
-0.125927
-0.102655
-0.142668
-0.14303
-0.137683
-0.141395
-0.13886
-0.116834
-0.128283
-0.126167
-0.13952
-0.139423
-0.133604
-0.140764
-0.141158
-0.149679
-0.141924
-0.134338
-0.149914
-0.115581
-0.0996663
-0.133064
-0.0981445
-0.112948
-0.1037
-0.107611
-0.0877669
-0.0558962
-0.0418807
-0.0766103
-0.0772144
-0.105897
-0.101301
-0.144873
-0.159528
-0.158708
-0.170526
-0.143306
-0.13406
-0.125998
-0.122819
-0.119354
-0.111261
-0.107991
-0.11214
-0.0991113
-0.138568
-0.13052
-0.140214
-0.157378
-0.14856
-0.194825
-0.061936
-0.187881
-0.141762
-0.150357
-0.161773
-0.170767
-0.150929
-0.147538
-0.156923
-0.126157
-0.109656
-0.112882
-0.0785732
-0.0752432
-0.075253
-0.0905093
-0.0834198
-0.0920714
-0.0910865
-0.151765
-0.144554
-0.132821
-0.125593
-0.179678
-0.160527
-0.171927
-0.118691
-0.151474
-0.142709
-0.146528
-0.121544
-0.144107
-0.132143
-0.146917
-0.153359
-0.126606
-0.136575
-0.139129
-0.113947
-0.0978417
-0.167499
-0.15102
-0.131322
-0.123688
-0.147404
-0.168709
-0.157059
-0.147501
-0.134291
-0.120149
-0.106928
-0.0754893
-0.126082
-0.109917
-0.116133
-0.132072
-0.142337
-0.141686
-0.153103
-0.176813
-0.170685
-0.168795
-0.189132
-0.180973
-0.172224
-0.0638666
-0.207025
-0.137496
-0.152644
-0.159125
-0.14951
-0.182414
-0.143587
-0.199163
-0.191664
-0.197988
-0.214131
-0.203616
-0.282071
-0.28661
-0.30995
-0.378222
-0.384751
-0.378466
-0.41139
-0.420989
-0.427377
-0.443999
-0.501145
-0.473097
-0.410147
-0.459458
-0.448995
-0.459231
-0.419758
-0.41342
-0.442211
-0.399621
-0.404435
-0.394614
-0.30806
-0.327517
-0.319237
-0.324435
-0.284953
-0.301794
-0.284479
-0.321337
-0.324373
-0.315431
-0.272433
-0.296119
-0.296571
-0.315747
-0.309951
-0.269192
-0.290806
-0.270097
-0.302162
-0.244876
-0.276851
-0.243338
-0.259747
-0.251145
-0.219442
-0.25677
-0.203986
-0.212284
-0.237599
-0.211351
-0.214753
-0.246537
-0.247168
-0.249358
-0.224653
-0.277959
-0.253793
-0.290325
-0.313223
-0.316957
-0.323352
-0.33305
-0.314256
-0.306065
-0.318428
-0.316898
-0.284541
-0.31934
-0.285247
-0.311192
-0.283719
-0.290498
-0.304168
-0.267636
-0.305751
-0.272684
-0.278543
-0.281199
-0.251856
-0.24186
-0.250364
-0.233533
-0.220194
-0.229787
-0.22247
-0.205531
-0.210736
-0.235924
-0.219896
-0.272708
-0.24896
-0.20242
-0.210033
-0.196447
-0.151287
-0.148063
-0.0815406
-0.062635
-0.0273971
-0.00222521
0.00304432
0.0306754
0.0367833
0.0431099
0.0590498
0.0586173
0.0474354
0.0178989
-0.00233073
-0.0204811
-0.0446253
-0.0796383
-0.0937741
-0.0763901
-0.0888979
-0.0674279
-0.0847275
-0.0566003
-0.0369569
-0.0222769
-0.0278546
-0.0235995
-0.00860409
-0.0024058
-0.0245136
-0.0300269
-0.0161074
-0.0393803
-0.0230624
-0.0241613
-0.0212905
-0.0287385
-0.0273039
-0.0429717
-0.044136
-0.0536601
-0.0574063
-0.0273472
-0.0328443
-0.0155836
-0.0302071
-0.0297051
0.00296688
-0.018069
-0.0360834
-0.0546017
-0.0453863
-0.0490973
-0.0374031
-0.023643
-0.0352508
-0.00535563
-0.0147897
-0.0142865
-0.0169577
-0.0144547
-0.026464
-0.0264225
-0.0300745
0.00501097
-0.0235515
-0.0251767
-0.0503535
0.0138703
-0.0503091
-0.0302361
-0.0996339
-0.00521138
0.00280048
-0.0247651
-0.024597
0.0024063
0.000981285
-0.00990199
-0.0024606
0.0118068
-0.0044157
0.0220249
0.00398382
0.017873
-0.00103054
0.00806175
0.0174878
-0.016231
-0.0240534
-0.0220042
-0.0172614
-0.0379346
-0.046923
-0.0405898
-0.0960623
-0.0873947
-0.121236
-0.148314
-0.165885
-0.207369
-0.23389
-0.260973
-0.277623
-0.291306
-0.308057
-0.338758
-0.358796
-0.371836
-0.381784
-0.377559
-0.376124
-0.371734
-0.365518
-0.350099
-0.366527
-0.340598
-0.36861
-0.323586
-0.387895
-0.325031
-0.363401
-0.35268
-0.368826
-0.362427
-0.342793
-0.407584
-0.402433
-0.359169
-0.392201
-0.395324
-0.379216
-0.427414
-0.427245
-0.399105
-0.447939
-0.434556
-0.428494
-0.407037
-0.459677
-0.450101
-0.432458
-0.410236
-0.419462
-0.409825
-0.376418
-0.390952
-0.350698
-0.373063
-0.341586
-0.333995
-0.317433
-0.287827
-0.28934
-0.282049
-0.278292
-0.279497
-0.273772
-0.301306
-0.280295
-0.302819
-0.316739
-0.284523
-0.312065
-0.315648
-0.314214
-0.329747
-0.340458
-0.325204
-0.344086
-0.367343
-0.371767
-0.365854
-0.343565
-0.334994
-0.335642
-0.355544
-0.333786
-0.314621
-0.346303
-0.327005
-0.377781
-0.357362
-0.372311
-0.37134
-0.36522
-0.389841
-0.367143
-0.358788
-0.353426
-0.361907
-0.344386
-0.3336
-0.347176
-0.281607
-0.313703
-0.294035
-0.288713
-0.284068
-0.281607
-0.270922
-0.292731
-0.288016
-0.293315
-0.282997
-0.272832
-0.265423
-0.287324
-0.291243
-0.295076
-0.31874
-0.301536
-0.304912
-0.296845
-0.301237
-0.320267
-0.291147
-0.283373
-0.30571
-0.302296
-0.297229
-0.282169
-0.269077
-0.234115
-0.237784
-0.257454
-0.25587
-0.228586
-0.234374
-0.215968
-0.234953
-0.241417
-0.267432
-0.24329
-0.263787
-0.22374
-0.22656
-0.232733
-0.266111
-0.286749
-0.240029
-0.256493
-0.267488
-0.268335
-0.281954
-0.30042
-0.320053
-0.304493
-0.287687
-0.273312
-0.292485
-0.277263
-0.30967
-0.275275
-0.312706
-0.267942
-0.261883
-0.272703
-0.277848
-0.287328
-0.293954
-0.269608
-0.306438
-0.290631
-0.312256
-0.295456
-0.336287
-0.276015
-0.316903
-0.324555
-0.323257
-0.304547
-0.30948
-0.299393
-0.30888
-0.326619
-0.311882
-0.303381
-0.318483
-0.306468
-0.301554
-0.349929
-0.301335
-0.295629
-0.283109
-0.272264
-0.29472
-0.301273
-0.287583
-0.244665
-0.278079
-0.256985
-0.273765
-0.267514
-0.30726
-0.263555
-0.267618
-0.275178
-0.300446
-0.227287
-0.271137
-0.228277
-0.26198
-0.234309
-0.257346
-0.21993
-0.211411
-0.220484
-0.210529
-0.159326
-0.157817
-0.138549
-0.128448
-0.0913331
-0.0908654
-0.0554264
-0.0124995
-0.00814275
0.00808847
0.0411325
0.0469743
0.0615315
0.0271686
-0.000453793
-0.038865
-0.00873427
-0.0121806
0.0321006
0.00448598
-0.0220133
-0.00422093
-0.0273635
-0.0143112
0.00139701
0.000886808
-0.000967558
0.00856583
-0.00909462
0.00964045
-0.00453948
0.00886527
-0.00309496
-0.00260983
0.021242
0.0104717
0.00590569
0.010416
-0.00281001
0.0109457
-0.0349721
-0.0192367
-0.0118659
-0.0156068
-0.019956
-0.0383052
-0.0277775
-0.0180905
-0.0222568
-0.0623569
-0.0417832
-0.0578929
-0.0307231
-0.0410448
-0.0479308
-0.0418056
-0.0337483
-0.0756348
-0.0940644
-0.133133
-0.128007
-0.140664
-0.138926
-0.169724
-0.151997
-0.175772
-0.137296
-0.175316
-0.1619
-0.234819
-0.200668
-0.207147
-0.190577
-0.193965
-0.177274
-0.223471
-0.19663
-0.208652
-0.221425
-0.255
-0.20904
-0.273631
-0.253529
-0.254686
-0.230283
-0.223582
-0.243515
-0.21948
-0.219088
-0.257336
-0.231837
-0.250335
-0.215718
-0.216939
-0.224362
-0.221133
-0.221514
-0.242241
-0.267796
-0.246241
-0.221224
-0.22321
-0.246478
-0.245968
-0.210047
-0.203438
-0.23597
-0.251697
-0.222394
-0.240581
-0.243736
-0.259612
-0.288656
-0.253369
-0.281737
-0.290908
-0.265372
-0.289587
-0.297564
-0.309618
-0.267124
-0.318764
-0.257979
-0.282617
-0.265022
-0.265188
-0.26502
-0.270329
-0.265668
-0.230467
-0.244673
-0.239981
-0.247663
-0.262844
-0.221507
-0.258783
-0.250668
-0.244641
-0.242251
-0.261213
-0.275267
-0.274994
-0.283456
-0.292712
-0.29703
-0.305653
-0.294432
-0.290368
-0.314444
-0.280277
-0.267354
-0.284228
-0.285207
-0.288706
-0.276759
-0.276789
-0.291067
-0.264386
-0.282511
-0.315204
-0.306639
-0.308946
-0.321788
-0.295605
-0.326925
-0.319064
-0.316168
-0.336424
-0.319482
-0.323991
-0.309462
-0.323952
-0.295078
-0.302177
-0.300167
-0.321128
-0.300923
-0.316622
-0.293
-0.291002
-0.279365
-0.319836
-0.297238
-0.312738
-0.274773
-0.275548
-0.297263
-0.298172
-0.264086
-0.298849
-0.256422
-0.290421
-0.266825
-0.279592
-0.303305
-0.293637
-0.283825
-0.281634
-0.299614
-0.290699
-0.307753
-0.285528
-0.280974
-0.284883
-0.287095
-0.288131
-0.298388
-0.285667
-0.275019
-0.255521
-0.302047
-0.289847
-0.299047
-0.298834
-0.108414
-0.165819
-0.18334
-0.136342
-0.204627
-0.24936
-0.233982
-0.196882
-0.135027
-0.126362
-0.134653
-0.11908
-0.137637
-0.17938
-0.162745
-0.213967
-0.204781
-0.203565
-0.18315
-0.0568301
-0.0931921
-0.103043
-0.112025
-0.109676
-0.0853335
-0.0639638
-0.0568821
-0.0482115
-0.033428
-0.0352116
-0.0358266
-0.0186398
-0.0287632
-0.0245152
-0.0282078
-0.0465569
-0.0294327
-0.0156698
-0.0119496
-0.0201802
-0.0173389
-0.024294
-0.0282203
-0.0105596
-0.0235653
-0.0293203
0.00962685
0.018251
0.0170196
-0.0162876
0.00568392
0.00958068
0.00190377
0.00385216
0.00404426
0.0038939
-0.00771098
0.0187804
0.0105633
0.0160479
0.00258971
0.00987427
0.00902951
0.0102478
0.00612032
0.0300297
0.00550785
0.000993788
-0.00905492
0.00881209
0.00994332
-0.00153568
-0.00591724
-0.00332269
0.00819458
0.00498971
-0.00364281
-0.0013649
-0.00357194
-0.00154365
-0.00595831
0.000551486
0.000345352
-0.00780193
-0.00500653
-0.0170213
-0.00276766
-0.00777686
-0.00131463
0.0129399
-0.0136494
0.000180138
-0.00990166
-0.0140539
-0.00599218
0.00291869
0.0134371
-0.012868
-0.00527033
0.000695159
-0.011265
0.0268267
-0.00956245
0.0121809
0.000656351
0.000461246
0.00642069
-0.00366978
-0.0100897
-0.00661289
-0.00859623
0.0260248
-0.0084595
-0.0152994
0.00218103
6.60438e-05
-0.00279105
-0.00886223
0.00470545
-0.0125191
-0.0208305
0.00135056
0.011534
-0.0014954
0.00433923
0.0060961
-0.000769397
-0.00315003
0.0075692
-0.00752812
0.00386191
-0.00378157
-0.00565921
-0.000691303
-0.00915009
-0.0110612
0.0068107
0.00437023
0.000704785
0.0240789
-0.00191185
0.00649153
-0.0033266
0.00153406
0.0122873
-0.0196856
-0.00917512
0.0124225
-0.00891252
0.0127037
0.000673444
0.0397013
-0.00203748
0.00411924
0.021005
0.0190986
0.00950717
-0.00627024
-0.00215746
-0.00584723
0.0257474
0.00474565
0.0192268
0.00262526
0.00562134
0.0184546
0.00440939
0.018662
0.000883535
0.00551818
0.00474312
0.00547258
0.000711365
-0.017438
-0.0160163
0.0121531
0.00282325
0.00753002
0.0174788
-0.0187201
0.00174301
0.0150487
-0.00258282
-0.0129758
-0.00827141
0.028637
-0.00770947
-0.00227073
-0.00182695
-0.00888477
0.00105901
-0.00733212
0.0120657
0.000350872
-0.00899964
-0.00869421
-0.0137248
0.0103948
-0.00733618
0.0107738
0.000247094
-0.00784003
0.0104693
0.000739186
-0.00499116
