1.00429
1.00427
1.0043
1.00431
1.00429
1.00429
1.00426
1.00431
1.00433
1.0043
1.0043
1.00426
1.00433
1.00428
1.00434
1.00426
1.0043
1.0043
1.0043
1.0043
1.00429
1.00426
1.00432
1.0043
1.00431
1.0043
1.00424
1.0043
1.00424
1.00425
1.00433
1.00427
1.00435
1.00432
1.0043
1.00431
1.00428
1.00428
1.00429
1.00426
1.00429
1.00436
1.00431
1.00428
1.00432
1.00428
1.00428
1.00427
1.00431
1.00428
1.0043
1.00429
1.00431
1.00432
1.00433
1.00432
1.00427
1.00425
1.00427
1.00427
1.00432
1.00431
1.0043
1.00431
1.0043
1.00432
1.00432
1.00427
1.00428
1.00432
1.00426
1.00431
1.00434
1.00429
1.0043
1.00436
1.00428
1.00431
1.00429
1.00431
1.0043
1.00432
1.00431
1.00427
1.00429
1.00425
1.00429
1.00429
1.0043
1.00431
1.00432
1.00424
1.00428
1.0043
1.00432
1.0043
1.00427
1.0043
1.00424
1.00432
1.00425
1.00433
1.00429
1.00427
1.00431
1.00431
1.0043
1.00427
1.00428
1.00425
1.00428
1.00429
1.0043
1.00428
1.00428
1.00427
1.00429
1.0043
1.0043
1.00431
1.00431
1.00427
1.00429
1.00427
1.00427
1.00415
1.00411
1.00398
1.00398
1.00392
1.00385
1.00377
1.00367
1.00366
1.0036
1.00352
1.00339
1.00321
1.00309
1.00298
1.00276
1.00256
1.00239
1.00205
1.00181
1.00156
1.00151
1.00151
1.00153
1.00147
1.00151
1.0016
1.00157
1.00173
1.00276
1.00347
1.00437
1.00517
1.00586
1.00619
1.00657
1.00699
1.00752
1.00798
1.00863
1.00911
1.00982
1.01051
1.01126
1.01185
1.01257
1.01322
1.01386
1.01467
1.01572
1.01655
1.01754
1.01833
1.01937
1.02033
1.02129
1.02221
1.02308
1.02435
1.02536
1.02696
1.02844
1.02953
1.03034
1.03082
1.0308
1.03083
1.03083
1.03114
1.03156
1.03218
1.03274
1.03323
1.03356
1.03361
1.03373
1.0338
1.034
1.03413
1.03426
1.03433
1.03437
1.03437
1.03442
1.0344
1.03441
1.03441
1.03451
1.03453
1.03465
1.03485
1.03505
1.03539
1.03563
1.03596
1.03625
1.03686
1.03727
1.03776
1.03821
1.03834
1.03846
1.0384
1.03838
1.03811
1.03788
1.03783
1.0381
1.03816
1.03808
1.03811
1.03789
1.0376
1.03733
1.03706
1.03679
1.03638
1.03608
1.03563
1.0353
1.03501
1.03502
1.03495
1.03497
1.03498
1.03492
1.03497
1.03493
1.03496
1.03495
1.03497
1.0349
1.03494
1.03489
1.03486
1.03488
1.03497
1.03509
1.03522
1.03531
1.03554
1.03554
1.03554
1.03558
1.03558
1.03561
1.03554
1.03549
1.03551
1.0355
1.03552
1.03546
1.03546
1.03525
1.03486
1.03417
1.03364
1.03313
1.03253
1.03175
1.03088
1.03011
1.02942
1.02878
1.02817
1.02744
1.02653
1.02545
1.02426
1.02338
1.02256
1.02167
1.0206
1.01954
1.01835
1.01702
1.01591
1.015
1.01415
1.01337
1.01224
1.0108
1.00928
1.00773
1.00618
1.005
1.00399
1.00294
1.00142
0.997684
0.99577
0.993889
0.992105
0.990364
0.988332
0.986046
0.983884
0.98162
0.979593
0.977771
0.975929
0.974004
0.972201
0.970307
0.968324
0.966654
0.965256
0.963837
0.962605
0.961383
0.960208
0.959078
0.957808
0.956201
0.954599
0.952969
0.951388
0.949695
0.947737
0.945557
0.942972
0.940181
0.936736
0.933676
0.930457
0.924729
0.921768
0.918567
0.91532
0.912046
0.908597
0.905221
0.901998
0.898711
0.895878
0.893132
0.890148
0.886935
0.883931
0.880829
0.878065
0.875061
0.872023
0.868583
0.865457
0.862173
0.859228
0.856206
0.853672
0.850844
0.848153
0.845321
0.842303
0.839255
0.836094
0.833419
0.830455
0.827509
0.824654
0.821678
0.818352
0.814506
0.811042
0.807787
0.802121
0.798947
0.795774
0.79269
0.789748
0.78677
0.784095
0.781546
0.779226
0.776957
0.774516
0.77226
0.770231
0.767871
0.765214
0.762515
0.759882
0.757412
0.754989
0.752345
0.749331
0.746236
0.743141
0.740277
0.737319
0.734474
0.731347
0.728132
0.724746
0.72166
0.718585
0.715566
0.712579
0.70953
0.70612
0.702991
0.700113
0.694268
0.691259
0.688167
0.685027
0.682029
0.678795
0.675577
0.672111
0.668783
0.66557
0.662405
0.659307
0.656521
0.653838
0.651321
0.648555
0.645976
0.643342
0.640584
0.637763
0.635304
0.63281
0.630401
0.627603
0.624639
0.621438
0.618166
0.614776
0.611449
0.60809
0.604933
0.601768
0.598978
0.596014
0.592911
0.589395
0.583556
0.58072
0.578135
0.575753
0.573004
0.570233
0.567164
0.564127
0.561093
0.558309
0.555594
0.552995
0.550464
0.547649
0.544964
0.54193
0.538906
0.535544
0.532393
0.529243
0.52646
0.523549
0.520955
0.518099
0.515159
0.511568
0.508121
0.504594
0.501413
0.498152
0.494771
0.491195
0.487489
0.483944
0.480545
0.477448
0.47429
0.471301
0.468136
0.4652
0.461854
0.45937
0.45607
0.450855
0.44821
0.445253
0.442276
0.438936
0.435941
0.432886
0.43007
0.427025
0.424081
0.420863
0.417688
0.414421
0.41144
0.408367
0.405582
0.402686
0.399753
0.39671
0.393881
0.391079
0.388224
0.385187
0.382002
0.378788
0.37565
0.372435
0.369149
0.365927
0.362656
0.359485
0.356252
0.353164
0.350058
0.347068
0.344074
0.340823
0.337961
0.332906
0.330256
0.327519
0.325084
0.322605
0.319907
0.31701
0.313994
0.310944
0.30786
0.305032
0.302107
0.299343
0.296423
0.293216
0.290087
0.286975
0.283869
0.281016
0.278021
0.275247
0.272367
0.269873
0.267623
0.265419
0.263001
0.260359
0.257708
0.254936
0.252409
0.249693
0.247159
0.244434
0.241642
0.238768
0.235812
0.232983
0.230145
0.224249
0.221337
0.21836
0.215334
0.212227
0.209403
0.206441
0.203405
0.200294
0.197092
0.193752
0.190358
0.187105
0.184042
0.181044
0.177974
0.174876
0.171957
0.168978
0.166211
0.163334
0.160385
0.157476
0.15454
0.151453
0.148578
0.145995
0.143618
0.14133
0.138796
0.136132
0.133573
0.130814
0.128272
0.125577
0.12315
0.120366
0.117384
0.114239
0.111109
0.108268
0.105679
0.102906
0.0980733
0.0954299
0.0929109
0.0905137
0.08852
0.0865238
0.0842862
0.0818905
0.0797442
0.0776442
0.0756843
0.0737532
0.0718839
0.0701502
0.0687296
0.0670797
0.0654829
0.0638697
0.0625791
0.0617437
0.0612221
0.0609453
0.0608323
0.0607509
0.060768
0.0608044
0.060894
0.0610946
0.0613306
0.0618247
0.062389
0.0629119
0.0634181
0.0639204
0.064248
0.0645509
0.0647691
0.0649918
0.0650918
0.0651728
0.065253
0.0653478
0.0654896
0.0655504
0.0654945
0.0652189
0.0649804
0.064266
0.0638095
0.0633777
0.0630033
0.0626087
0.0620314
0.0613626
0.0606478
0.0595071
0.0586869
0.0581961
0.0578513
0.057514
0.0571598
0.0570608
0.0569093
0.0569265
0.0568883
0.0568988
0.0568916
0.0568868
0.0569487
0.0570226
0.0571269
0.0571382
0.0571439
0.0571769
0.0571213
0.0570347
0.0568242
0.0564576
0.0559646
0.0553124
0.0544376
0.0536867
0.0528886
0.0520484
0.0513816
0.0502636
0.0495866
0.048764
0.0480333
0.0472106
0.0461884
0.0450612
0.0439444
0.0427619
0.0419535
0.0416415
0.0416026
0.0415993
0.0415744
0.0415916
0.0415927
0.0416529
0.0417532
0.042002
0.0421614
0.0424734
0.042625
0.0427487
0.0427564
0.042763
0.0428913
0.0428305
0.0426676
0.0425697
0.0423181
0.0420765
0.0418604
0.0415462
0.040935
0.0398335
0.0388697
0.0381619
0.0370367
0.0341278
0.0325535
0.0310121
0.0292609
0.0274225
0.0255362
0.0236858
0.0220637
0.0205066
0.0191279
0.0174244
0.0157817
0.0143465
0.0131857
0.011953
0.0107989
0.00972885
0.00881886
0.00794268
0.007025
0.00614923
0.00532407
0.00448412
0.00373459
0.00305426
0.00226402
0.00133449
0.000249684
-0.000825703
-0.00193089
-0.00311691
-0.00426406
-0.00531834
-0.00646216
-0.0076226
-0.00869632
-0.00982237
-0.0121166
-0.013142
-0.014091
-0.0150464
-0.0159153
-0.0163406
-0.016506
-0.0167456
-0.0169423
-0.0171671
-0.0172128
-0.0173218
-0.0174575
-0.0175774
-0.0176743
-0.0178231
-0.0178031
-0.0178345
-0.0177364
-0.0177798
-0.0177744
-0.0176591
-0.0177451
-0.0177764
-0.017662
-0.0176297
-0.0174648
-0.0172178
-0.0169582
-0.0167689
-0.0167402
-0.0167073
-0.0167394
-0.016828
-0.0169564
-0.0171415
-0.0173559
-0.0177651
-0.0178785
-0.0180315
-0.0182279
-0.0185465
-0.0188255
-0.0190544
-0.0193098
-0.0194349
-0.0196697
-0.0199076
-0.0201948
-0.0207342
-0.0212408
-0.0216823
-0.0223905
-0.0234153
-0.0247227
-0.0258971
-0.0269959
-0.0278469
-0.0287222
-0.0295363
-0.0306464
-0.0316386
-0.0327289
-0.0337377
-0.0349257
-0.0362526
-0.0377966
-0.0393694
-0.0408996
-0.0423617
-0.0437601
-0.0451263
-0.0464044
-0.0475293
-0.0484656
-0.0492541
-0.0499138
-0.0509722
-0.0513346
-0.0516471
-0.0517109
-0.0519722
-0.0522479
-0.0526644
-0.0533817
-0.0539491
-0.0546435
-0.0554543
-0.0563237
-0.0572053
-0.058118
-0.0589945
-0.0596302
-0.0600962
-0.0605624
-0.061132
-0.061461
-0.0616715
-0.0619639
-0.0621904
-0.0626805
-0.0632778
-0.0636951
-0.0640804
-0.06419
-0.0642793
-0.0642282
-0.0642105
-0.0641627
-0.0640351
-0.063946
-0.0637808
-0.0637133
-0.0635495
-0.0634403
-0.0633365
-0.0632139
-0.0630892
-0.0629192
-0.0625293
-0.0623242
-0.0622604
-0.0622569
-0.0621625
-0.062246
-0.0622335
-0.0622575
-0.062212
-0.0621834
-0.0622074
-0.0621994
-0.0622146
-0.062293
-0.0622774
-0.0624021
-0.0626522
-0.0629614
-0.0633348
-0.0638288
-0.0644056
-0.0649227
-0.065263
-0.0654492
-0.0655146
-0.0655357
-0.0655044
-0.0655087
-0.0655501
-0.0655118
-0.065763
-0.0661277
-0.0663753
-0.0663525
-0.0663933
-0.0664459
-0.0664196
-0.0665414
-0.0666903
-0.0669676
-0.0671698
-0.0673383
-0.0675969
-0.067495
-0.0674549
-0.0674616
-0.0673278
-0.0670426
-0.0668168
-0.0666519
-0.0665737
-0.0663393
-0.0661658
-0.0658456
-0.0656049
-0.0653371
-0.0652623
-0.0651968
-0.0649989
-0.0646192
-0.0642402
-0.0640454
-0.0638384
-0.0637394
-0.063585
-0.0635477
-0.0635192
-0.0635155
-0.0635337
-0.063545
-0.0635519
-0.0635561
-0.0634878
-0.0634614
-0.0633805
-0.0630872
-0.0627813
-0.0622005
-0.0617151
-0.0611847
-0.0602163
-0.0590861
-0.0583885
-0.0579787
-0.0577092
-0.0576109
-0.0574397
-0.0573465
-0.0573249
-0.0572563
-0.0571387
-0.056931
-0.0566556
-0.0564505
-0.0562755
-0.0561422
-0.0561126
-0.0560536
-0.0560517
-0.0560494
-0.0560495
-0.0560359
-0.0560837
-0.0560769
-0.0560846
-0.056083
-0.0560943
-0.0560907
-0.0561174
-0.0561004
-0.056142
-0.0560769
-0.0561519
-0.0561017
-0.0561514
-0.0562184
-0.0562861
-0.0564184
-0.056525
-0.0566558
-0.0568977
-0.057058
-0.0572501
-0.0574614
-0.0578781
-0.0583946
-0.0585971
-0.0587111
-0.0588576
-0.0591381
-0.0592608
-0.0593545
-0.0595392
-0.0598672
-0.0600579
-0.0600931
-0.0601587
-0.0602619
-0.0604359
-0.0605335
-0.0606923
-0.0608621
-0.0610398
-0.0611709
-0.0613296
-0.0614681
-0.0616809
-0.0618704
-0.0620328
-0.0622002
-0.0623769
-0.0625914
-0.0626795
-0.0627234
-0.062799
-0.0628938
-0.0629913
-0.0633977
-0.06361
-0.0637456
-0.0640789
-0.0643448
-0.0645571
-0.0648775
-0.0652288
-0.0655693
-0.0658648
-0.0662065
-0.0666618
-0.0672151
-0.067682
-0.0681846
-0.0687944
-0.0691774
-0.0696269
-0.070015
-0.0703979
-0.0707182
-0.0710238
-0.0714051
-0.0718395
-0.0725069
-0.0732611
-0.0740139
-0.074862
-0.0761604
-0.0776028
-0.0790913
-0.0803776
-0.0818725
-0.0830177
-0.0839471
-0.0849754
-0.0864253
-0.0880473
-0.0901912
-0.0917605
-0.093595
-0.0957711
-0.0999949
-0.102148
-0.104554
-0.107282
-0.109814
-0.112394
-0.114787
-0.117509
-0.120271
-0.122999
-0.125946
-0.128632
-0.131642
-0.134427
-0.137329
-0.139812
-0.142794
-0.14546
-0.147947
-0.150781
-0.153355
-0.155904
-0.158306
-0.160957
-0.163613
-0.166325
-0.16902
-0.171544
-0.17399
-0.176684
-0.179187
-0.18189
-0.18459
-0.187415
-0.190433
-0.193215
-0.195847
-0.198789
-0.20157
-0.207246
-0.21015
-0.212582
-0.214879
-0.217881
-0.22012
-0.222364
-0.22499
-0.22723
-0.228907
-0.230928
-0.232817
-0.234667
-0.236105
-0.23786
-0.239398
-0.241198
-0.24268
-0.244057
-0.245562
-0.247137
-0.248381
-0.249948
-0.251925
-0.253753
-0.255824
-0.258441
-0.260628
-0.263796
-0.266618
-0.269366
-0.272054
-0.274167
-0.27634
-0.278153
-0.280554
-0.282975
-0.284308
-0.286187
-0.288137
-0.290951
-0.292345
-0.293438
-0.294268
-0.295303
-0.295986
-0.296735
-0.297449
-0.298233
-0.299553
-0.301093
-0.30288
-0.304981
-0.307275
-0.30968
-0.312107
-0.314846
-0.317446
-0.320605
-0.324098
-0.327392
-0.330476
-0.33401
-0.336735
-0.339867
-0.343046
-0.345925
-0.348273
-0.350529
-0.352829
-0.355189
-0.357656
-0.360269
-0.362996
-0.365476
-0.367759
-0.369971
-0.372602
-0.374926
-0.377547
-0.380282
-0.383435
-0.389936
-0.39349
-0.396967
-0.40025
-0.40341
-0.406645
-0.40984
-0.413424
-0.41693
-0.420405
-0.424038
-0.427431
-0.431391
-0.434928
-0.43837
-0.441828
-0.445156
-0.448393
-0.451476
-0.454693
-0.457765
-0.461308
-0.464589
-0.467758
-0.470782
-0.473682
-0.476436
-0.47943
-0.482274
-0.48552
-0.488573
-0.491789
-0.495019
-0.49828
-0.501492
-0.504892
-0.507802
-0.51081
-0.513734
-0.519412
-0.522235
-0.524902
-0.527588
-0.530063
-0.532426
-0.535088
-0.537692
-0.540419
-0.543244
-0.546026
-0.548913
-0.551868
-0.554944
-0.558006
-0.561564
-0.564568
-0.567674
-0.570748
-0.573904
-0.577106
-0.580426
-0.583788
-0.587211
-0.590644
-0.594043
-0.597526
-0.600766
-0.604292
-0.607916
-0.611555
-0.615383
-0.619064
-0.622962
-0.626759
-0.630607
-0.634477
-0.638207
-0.641978
-0.645505
-0.649432
-0.652877
-0.65624
-0.662045
-0.665222
-0.668379
-0.671537
-0.674746
-0.677921
-0.68088
-0.683685
-0.686418
-0.689255
-0.692256
-0.695259
-0.698283
-0.701075
-0.703885
-0.706624
-0.709651
-0.712366
-0.715223
-0.717991
-0.720791
-0.723498
-0.726739
-0.729819
-0.733097
-0.736307
-0.739653
-0.742785
-0.746186
-0.749316
-0.752546
-0.755775
-0.759154
-0.762471
-0.765822
-0.769181
-0.772207
-0.775405
-0.778435
-0.781964
-0.785246
-0.788609
-0.79494
-0.798418
-0.801972
-0.805624
-0.809142
-0.812831
-0.816375
-0.820007
-0.823469
-0.827055
-0.830631
-0.834239
-0.837775
-0.841265
-0.844917
-0.848317
-0.851865
-0.855447
-0.859028
-0.863022
-0.866686
-0.870063
-0.87206
-0.873614
-0.875099
-0.877108
-0.879792
-0.883036
-0.886441
-0.889142
-0.891415
-0.893272
-0.894807
-0.896162
-0.897627
-0.899267
-0.900918
-0.902912
-0.904971
-0.906803
-0.90738
-0.908458
-0.910074
-0.911157
-0.913663
-0.915004
-0.916305
-0.917188
-0.917922
-0.91852
-0.919018
-0.919604
-0.920219
-0.92089
-0.921444
-0.922147
-0.922825
-0.92341
-0.923881
-0.924366
-0.924726
-0.925079
-0.925519
-0.925917
-0.926362
-0.926789
-0.927024
-0.927173
-0.927274
-0.92722
-0.927235
-0.927149
-0.927055
-0.927031
-0.9268
-0.926691
-0.926648
-0.926483
-0.926236
-0.926065
-0.925893
-0.925663
-0.925507
-0.925455
-0.925377
-0.925372
-0.925198
-0.925147
-0.92498
-0.924856
-0.924712
-0.924655
-0.924431
-0.924414
-0.924345
-0.924339
-0.924355
-0.92436
-0.924462
-0.924507
-0.924491
-0.924576
-0.924608
-0.924779
-0.924923
-0.925061
-0.925152
-0.925157
-0.925181
-0.925166
-0.925034
-0.925091
-0.925133
-0.925424
-0.925762
-0.926114
-0.926237
-0.926259
-0.926286
-0.926182
-0.926124
-0.926012
-0.925915
-0.925869
-0.925824
-0.92583
-0.925829
-0.925925
-0.925896
-0.925833
-0.92574
-0.92563
-0.925547
-0.925484
-0.925546
-0.925662
-0.925797
-0.925809
-0.925754
-0.925768
-0.925749
-0.925743
-0.925757
-0.92578
-0.925853
-0.925842
-0.92588
-0.925834
-0.925873
-0.925839
-0.925842
-0.925821
-0.925733
-0.925695
-0.925675
-0.925641
-0.925608
-0.925595
-0.925597
-0.92561
-0.925715
-0.925637
-0.925597
-0.925647
-0.925612
-0.925657
-0.925641
-0.925641
-0.92561
-0.925582
-0.925486
-0.925299
-0.925145
-0.924946
-0.924749
-0.924663
-0.924605
-0.924477
-0.924502
-0.924552
-0.924551
-0.924543
-0.924541
-0.924518
-0.924501
-0.924367
-0.924351
-0.924353
-0.924332
-0.924363
-0.924303
-0.924405
-0.924321
-0.924339
-0.924275
-0.924328
-0.924295
-0.924313
-0.924343
-0.924293
-0.924282
-0.924318
-0.924264
-0.924303
-0.924285
-0.924279
-0.924287
-0.9243
-0.924283
-0.924278
-0.924254
-0.924273
-0.924272
-0.924258
-0.924297
-0.924272
-0.924221
-0.924237
-0.924238
-0.924197
-0.924261
-0.924228
-0.92423
-0.924208
-0.924161
-0.924282
