-0.134838
-0.136163
-0.134782
-0.136439
-0.135196
-0.134818
-0.134331
-0.13679
-0.13635
-0.134825
-0.138137
-0.135749
-0.137596
-0.134446
-0.13757
-0.134452
-0.136081
-0.136283
-0.137325
-0.13734
-0.136052
-0.135418
-0.136213
-0.136196
-0.137082
-0.134562
-0.134812
-0.136608
-0.13401
-0.137216
-0.136964
-0.135901
-0.136844
-0.136085
-0.137057
-0.137472
-0.134589
-0.133106
-0.13527
-0.134896
-0.135959
-0.137647
-0.135193
-0.134367
-0.137877
-0.135923
-0.133526
-0.136064
-0.135634
-0.136784
-0.134603
-0.136181
-0.136541
-0.137001
-0.136769
-0.137038
-0.134668
-0.133708
-0.133915
-0.134185
-0.13499
-0.134255
-0.135689
-0.136029
-0.136372
-0.137768
-0.137812
-0.134358
-0.13476
-0.136724
-0.13393
-0.136991
-0.139208
-0.136987
-0.134634
-0.138261
-0.135465
-0.136888
-0.135454
-0.135503
-0.13653
-0.137617
-0.136091
-0.133775
-0.135086
-0.136462
-0.135738
-0.134744
-0.136642
-0.137031
-0.135841
-0.134999
-0.136382
-0.135415
-0.136681
-0.135096
-0.136229
-0.133886
-0.135908
-0.136186
-0.134116
-0.136699
-0.136681
-0.134764
-0.136184
-0.13609
-0.13537
-0.136287
-0.135029
-0.135228
-0.134902
-0.135459
-0.136571
-0.135064
-0.135913
-0.134986
-0.137594
-0.13333
-0.13825
-0.137035
-0.137925
-0.134708
-0.13692
-0.135367
-0.135434
-0.131917
-0.130486
-0.130922
-0.128859
-0.127324
-0.124735
-0.124824
-0.12018
-0.120738
-0.119954
-0.116899
-0.113389
-0.110615
-0.105931
-0.105001
-0.0979978
-0.0940652
-0.089541
-0.0884977
-0.0887723
-0.0845693
-0.0828679
-0.0823342
-0.0831191
-0.0809458
-0.0841273
-0.0847962
-0.0831612
-0.0863122
-0.0980403
-0.114305
-0.135791
-0.154172
-0.173389
-0.180772
-0.188816
-0.201997
-0.213427
-0.225551
-0.240018
-0.25271
-0.261812
-0.273083
-0.279972
-0.286955
-0.289395
-0.290128
-0.28862
-0.282226
-0.27983
-0.275631
-0.274573
-0.272972
-0.273999
-0.271545
-0.271368
-0.269175
-0.265644
-0.270073
-0.278807
-0.291563
-0.301589
-0.299555
-0.288469
-0.269558
-0.240456
-0.219449
-0.204342
-0.190495
-0.189214
-0.192255
-0.191053
-0.192072
-0.190274
-0.181384
-0.179914
-0.172873
-0.171231
-0.168165
-0.165188
-0.158252
-0.152391
-0.145966
-0.140264
-0.138156
-0.136023
-0.134679
-0.134664
-0.133832
-0.136844
-0.141847
-0.145165
-0.150279
-0.154088
-0.156357
-0.161571
-0.173784
-0.177238
-0.184017
-0.187649
-0.185598
-0.179016
-0.173969
-0.166834
-0.154631
-0.145618
-0.137825
-0.143668
-0.140204
-0.13675
-0.133296
-0.124865
-0.114895
-0.109431
-0.103525
-0.0973257
-0.0894259
-0.0847921
-0.0820026
-0.0794916
-0.0807013
-0.0792762
-0.0764383
-0.0778734
-0.0761344
-0.0767989
-0.0772059
-0.0748985
-0.0764936
-0.0755725
-0.0782481
-0.0740513
-0.0758358
-0.0742157
-0.0734814
-0.075074
-0.074566
-0.0762487
-0.076293
-0.073039
-0.0770481
-0.075633
-0.0745431
-0.0743359
-0.0735632
-0.0749848
-0.0737431
-0.0735868
-0.0743743
-0.0737814
-0.0740675
-0.0719176
-0.0707675
-0.069939
-0.0668381
-0.0648703
-0.0515706
-0.0426495
-0.0303202
-0.018349
-0.00791661
0.00394557
0.0154825
0.0266997
0.0341439
0.0442325
0.0573912
0.0699245
0.080426
0.0820318
0.0840075
0.0921257
0.107844
0.116106
0.131365
0.144349
0.153426
0.156752
0.157216
0.155455
0.163585
0.173247
0.187336
0.201479
0.210794
0.212489
0.214
0.210371
0.217063
0.252265
0.269211
0.277969
0.290592
0.299609
0.313767
0.331719
0.346628
0.360282
0.373633
0.371159
0.371926
0.37916
0.388601
0.400775
0.407051
0.409112
0.402393
0.405049
0.41048
0.413008
0.403508
0.389092
0.381769
0.388646
0.388097
0.388948
0.387282
0.394305
0.401065
0.414959
0.432916
0.45536
0.484431
0.509005
0.529674
0.565516
0.577364
0.597666
0.612582
0.629026
0.650778
0.666202
0.693385
0.705186
0.707918
0.7105
0.725232
0.729622
0.739333
0.743678
0.738468
0.735252
0.73484
0.744678
0.74882
0.750975
0.752503
0.743472
0.732792
0.722596
0.721382
0.719568
0.727467
0.732304
0.749309
0.748182
0.750782
0.764086
0.769312
0.771761
0.780088
0.794512
0.800586
0.800595
0.77343
0.770333
0.765604
0.768775
0.756353
0.759405
0.747727
0.7431
0.731184
0.726828
0.723051
0.722581
0.725935
0.723445
0.729127
0.737379
0.740383
0.736146
0.730557
0.730499
0.735795
0.748578
0.749431
0.751142
0.752882
0.749174
0.756664
0.769197
0.78184
0.783039
0.789327
0.787384
0.794395
0.799513
0.803404
0.816671
0.82097
0.826855
0.815854
0.819913
0.821553
0.820193
0.82174
0.822686
0.827671
0.836449
0.828906
0.832668
0.824185
0.818977
0.807656
0.797362
0.792207
0.80185
0.798716
0.799995
0.794388
0.784569
0.769929
0.757804
0.755024
0.753377
0.766634
0.777601
0.79282
0.800924
0.813284
0.807103
0.812839
0.806922
0.811
0.807703
0.816685
0.830247
0.828286
0.828686
0.818912
0.811723
0.807172
0.807061
0.810056
0.804792
0.803836
0.790892
0.781153
0.763402
0.76783
0.762676
0.774362
0.78576
0.802175
0.814198
0.822812
0.82251
0.821042
0.830885
0.843062
0.847475
0.872369
0.877013
0.895524
0.890061
0.891331
0.891568
0.90062
0.903581
0.91378
0.90577
0.898363
0.890097
0.87719
0.880686
0.870041
0.870125
0.868164
0.866025
0.853686
0.8451
0.839402
0.83969
0.847308
0.847651
0.842718
0.839754
0.834206
0.833915
0.832158
0.838349
0.841339
0.847326
0.845662
0.839319
0.834995
0.834546
0.841832
0.844415
0.854066
0.849266
0.853866
0.854229
0.859385
0.856072
0.857524
0.854221
0.852973
0.848797
0.846248
0.847166
0.847659
0.838241
0.842902
0.836101
0.844323
0.83775
0.830855
0.828632
0.822857
0.813298
0.810851
0.805027
0.808939
0.808198
0.810988
0.809788
0.807385
0.802541
0.795328
0.791147
0.80449
0.804412
0.812299
0.814357
0.81549
0.810569
0.814303
0.810955
0.811495
0.810227
0.796995
0.792578
0.787477
0.784172
0.783645
0.774846
0.77064
0.769016
0.76258
0.762601
0.760982
0.760208
0.762098
0.761091
0.769809
0.77638
0.779329
0.784802
0.791798
0.80226
0.80405
0.812406
0.817087
0.823954
0.827193
0.832185
0.823974
0.820527
0.808514
0.809371
0.803547
0.804749
0.792649
0.785798
0.781514
0.782533
0.785254
0.785993
0.793645
0.794518
0.784363
0.785355
0.773585
0.772291
0.762752
0.758476
0.751548
0.742494
0.737421
0.729837
0.724926
0.732068
0.741427
0.748667
0.75155
0.744925
0.740696
0.734769
0.731104
0.730524
0.73036
0.727542
0.722295
0.716432
0.720756
0.713516
0.701951
0.688427
0.671434
0.663341
0.643307
0.618891
0.602959
0.588905
0.57601
0.559201
0.528275
0.494969
0.464236
0.42645
0.393759
0.3599
0.33328
0.307085
0.283133
0.259577
0.230496
0.204905
0.185256
0.16878
0.156023
0.14989
0.140459
0.133461
0.130935
0.12834
0.124545
0.1236
0.119689
0.116461
0.115574
0.116583
0.124541
0.130188
0.145549
0.15626
0.161149
0.16466
0.169492
0.177905
0.18336
0.193019
0.206187
0.209319
0.202653
0.199455
0.192967
0.19292
0.184686
0.177262
0.167043
0.161971
0.157005
0.156142
0.154953
0.153057
0.150389
0.148313
0.147886
0.148665
0.145059
0.148389
0.150261
0.155465
0.163878
0.175159
0.1898
0.205804
0.220521
0.238771
0.25554
0.270244
0.289454
0.298134
0.308565
0.312164
0.307428
0.305887
0.304348
0.307052
0.310104
0.309708
0.307964
0.303809
0.298044
0.299603
0.29803
0.297283
0.298478
0.294732
0.289928
0.283623
0.275139
0.271759
0.271022
0.269141
0.268746
0.266839
0.269271
0.270939
0.274429
0.279465
0.287483
0.291753
0.299747
0.315852
0.343814
0.367156
0.382796
0.401131
0.436193
0.442511
0.441153
0.446245
0.450679
0.458596
0.461557
0.45599
0.4513
0.438768
0.435351
0.430164
0.428077
0.414146
0.401718
0.393113
0.381203
0.367839
0.353664
0.34465
0.334545
0.324052
0.315558
0.306006
0.298776
0.297042
0.29401
0.297747
0.29739
0.300855
0.303031
0.309437
0.311336
0.311951
0.318153
0.323444
0.330849
0.331494
0.326623
0.32073
0.323964
0.333016
0.344746
0.348485
0.354691
0.359696
0.364686
0.367973
0.367895
0.37364
0.377105
0.378223
0.382667
0.380773
0.382317
0.38053
0.379345
0.380833
0.379824
0.379861
0.379675
0.377291
0.377277
0.373173
0.366638
0.359987
0.352592
0.353951
0.352553
0.352515
0.355606
0.361011
0.363291
0.369209
0.380627
0.38381
0.386001
0.3944
0.399511
0.408607
0.413152
0.418183
0.421863
0.427461
0.432905
0.436382
0.441383
0.447353
0.444665
0.439789
0.429887
0.424436
0.419763
0.410827
0.400636
0.391504
0.373542
0.373311
0.360266
0.354028
0.346567
0.346453
0.347755
0.354022
0.362289
0.363697
0.369323
0.36719
0.361661
0.359745
0.353035
0.341252
0.330134
0.317287
0.291744
0.280944
0.269189
0.254788
0.246199
0.236543
0.231441
0.236008
0.235548
0.239078
0.24525
0.245792
0.245546
0.251582
0.254733
0.253403
0.248129
0.238789
0.239907
0.232043
0.224906
0.221671
0.212821
0.210823
0.209491
0.205586
0.204445
0.195252
0.191619
0.185085
0.178934
0.174883
0.170082
0.163268
0.156905
0.15336
0.148931
0.142646
0.136786
0.128614
0.124316
0.121188
0.111574
0.106349
0.105276
0.103741
0.102745
0.104493
0.103376
0.104719
0.103865
0.102155
0.102536
0.102021
0.104143
0.106401
0.106682
0.108413
0.113657
0.122644
0.131583
0.13982
0.151286
0.160882
0.163962
0.163073
0.1641
0.163138
0.16526
0.164023
0.164818
0.165047
0.170635
0.178297
0.185347
0.17977
0.176358
0.180221
0.178547
0.18138
0.186117
0.190963
0.196892
0.200747
0.204795
0.203927
0.204043
0.202442
0.199581
0.192832
0.188425
0.185043
0.181423
0.176076
0.171899
0.164596
0.157819
0.151992
0.149728
0.147477
0.144047
0.132454
0.124812
0.120193
0.114365
0.111396
0.107783
0.108646
0.106817
0.106354
0.107081
0.108155
0.108937
0.108205
0.106366
0.104392
0.105769
0.0970313
0.0907099
0.0763758
0.0652351
0.0533502
0.0456506
0.0270664
0.0199372
0.0110614
0.00682523
0.00391764
0.00186107
0.000291019
-0.000962999
-0.00132907
-0.00506195
-0.00889222
-0.0167378
-0.0196441
-0.023804
-0.0292255
-0.0304144
-0.031209
-0.0293918
-0.0313135
-0.0298052
-0.0312267
-0.0300304
-0.030641
-0.0298612
-0.0292932
-0.0291843
-0.029945
-0.0287385
-0.0290445
-0.0281912
-0.0306248
-0.0286988
-0.0293462
-0.0292461
-0.0258798
-0.0246014
-0.0220756
-0.0197618
-0.0161995
-0.0111641
-0.00580592
-0.00275955
0.000687946
0.000868767
0.00572424
0.0103397
0.012565
0.0169023
0.0191935
0.0204398
0.022271
0.0238215
0.0243285
0.0275969
0.0278482
0.0295661
0.0294618
0.0354415
0.0365628
0.0420737
0.0444647
0.0473716
0.0508282
0.0555136
0.0589382
0.0618764
0.0699774
0.0739881
0.0770536
0.0794298
0.0867886
0.0887183
0.0882373
0.0910968
0.0938829
0.095407
0.106551
0.111509
0.113261
0.122434
0.129966
0.134813
0.14151
0.150358
0.158173
0.166316
0.17427
0.185638
0.197717
0.207418
0.215575
0.226202
0.234487
0.246793
0.256461
0.264879
0.273266
0.280636
0.288732
0.296486
0.30448
0.314657
0.319163
0.323543
0.323599
0.329862
0.33297
0.336746
0.343708
0.352592
0.363421
0.364371
0.369409
0.373078
0.382901
0.390869
0.394257
0.401333
0.422273
0.428641
0.440147
0.458672
0.472051
0.484377
0.497322
0.511071
0.526297
0.537459
0.553824
0.563638
0.582142
0.595433
0.612874
0.621738
0.638831
0.651214
0.656087
0.671122
0.679268
0.687301
0.685411
0.69109
0.698071
0.696043
0.693285
0.689847
0.691282
0.691592
0.692607
0.690214
0.690653
0.687692
0.68951
0.687619
0.69256
0.693174
0.700915
0.707305
0.7159
0.712761
0.715734
0.7172
0.7134
0.71848
0.709272
0.699994
0.6814
0.661448
0.64855
0.633694
0.61597
0.597243
0.584524
0.576607
0.560918
0.547573
0.541667
0.530004
0.519425
0.511636
0.516682
0.523742
0.530894
0.545026
0.560512
0.588474
0.607709
0.637
0.644068
0.644924
0.657773
0.650882
0.647264
0.658879
0.641039
0.617126
0.614805
0.571579
0.556182
0.531768
0.503136
0.485368
0.46228
0.439004
0.418578
0.410662
0.418127
0.428223
0.435923
0.455969
0.481766
0.50573
0.528891
0.549268
0.576933
0.608328
0.644778
0.681083
0.695865
0.716968
0.743172
0.762274
0.779563
0.789096
0.78447
0.770014
0.75214
0.746125
0.737088
0.736814
0.741086
0.733069
0.724081
0.707359
0.704799
0.70787
0.709731
0.721968
0.728156
0.775176
0.796277
0.825568
0.833964
0.839993
0.85435
0.871336
0.885134
0.902635
0.90012
0.906973
0.899534
0.921944
0.919964
0.912726
0.910781
0.893271
0.889051
0.870023
0.867739
0.861612
0.87215
0.874828
0.889997
0.87893
0.881564
0.878408
0.874906
0.865635
0.86816
0.866564
0.868993
0.866589
0.869401
0.862246
0.858573
0.856593
0.850535
0.849497
0.841175
0.835969
0.831415
0.824475
0.819622
0.815019
0.802599
0.801369
0.792396
0.793733
0.784597
0.78328
0.778724
0.785869
0.782699
0.80411
0.801261
0.804809
0.802797
0.811743
0.816496
0.837172
0.843776
0.858326
0.869503
0.883658
0.893404
0.903806
0.906527
0.913991
0.913094
0.923104
0.929317
0.929956
0.938976
0.939011
0.942936
0.949465
0.946096
0.939797
0.945479
0.932967
0.933272
0.919938
0.910654
0.900283
0.893
0.881251
0.873507
0.857196
0.844337
0.828083
0.817897
0.812138
0.811892
0.813136
0.807323
0.813644
0.803205
0.808617
0.815924
0.818553
0.820731
0.826086
0.825865
0.827161
0.834247
0.834036
0.842763
0.849408
0.851679
0.8582
0.851228
0.857884
0.857536
0.870853
0.873888
0.87728
0.878827
0.873613
0.874163
0.879721
0.879696
0.884448
0.883935
0.884572
0.886567
0.89659
0.896578
0.902371
0.909992
0.912337
0.925832
0.925123
0.937857
0.951471
0.957313
0.964669
0.979081
0.989025
0.990831
0.995493
0.99002
0.989579
0.997926
1.00003
0.983541
0.914402
0.853655
0.796794
0.768938
0.770529
0.793182
0.809853
0.809693
0.797115
0.770071
0.743012
0.725512
0.71066
0.695606
0.674723
0.674432
0.669646
0.6528
0.614422
0.587885
0.5771
0.557784
0.533147
0.521306
0.509431
0.488645
0.469275
0.448602
0.432795
0.415753
0.399245
0.388011
0.374669
0.368377
0.359586
0.35304
0.339007
0.328698
0.311035
0.303151
0.296453
0.292427
0.285909
0.280696
0.27203
0.272162
0.271889
0.267227
0.26933
0.268065
0.263792
0.265534
0.25948
0.256938
0.252571
0.249822
0.243915
0.241865
0.234946
0.229272
0.225203
0.224668
0.223983
0.224067
0.217504
0.217997
0.213771
0.210156
0.207303
0.205273
0.199695
0.199538
0.197462
0.198346
0.199755
0.197789
0.201781
0.20219
0.201463
0.203199
0.205264
0.208054
0.212922
0.214885
0.218779
0.217025
0.21817
0.218392
0.213519
0.216582
0.215804
0.224882
0.232571
0.241564
0.239005
0.234847
0.237416
0.234895
0.232005
0.229522
0.226325
0.224879
0.224498
0.225167
0.223656
0.22834
0.226548
0.223766
0.222142
0.219332
0.218172
0.216906
0.216505
0.222216
0.225248
0.225179
0.222202
0.222683
0.222698
0.221874
0.222948
0.221806
0.222984
0.22578
0.225242
0.225054
0.227263
0.223638
0.225551
0.224849
0.221946
0.224201
0.219834
0.219267
0.219177
0.219858
0.2199
0.219629
0.224218
0.218514
0.217542
0.221345
0.219374
0.22152
0.22205
0.220709
0.220233
0.218063
0.214487
0.209361
0.20893
0.203332
0.197712
0.196552
0.194258
0.192613
0.192281
0.191013
0.192225
0.19266
0.191843
0.192026
0.192382
0.189209
0.18885
0.189055
0.187325
0.187695
0.185815
0.189514
0.185406
0.186534
0.184769
0.186516
0.18694
0.185877
0.188705
0.186685
0.186448
0.188074
0.186821
0.185844
0.186084
0.187067
0.186967
0.185379
0.186508
0.187787
0.186345
0.18612
0.187529
0.18683
0.186072
0.186291
0.18519
0.185039
0.185308
0.185966
0.187929
0.184737
0.186362
0.184447
0.182729
0.186635
