-0.00702656
-0.0100626
0.000116997
0.00190294
0.00152861
0.00456894
-0.0123609
0.000200077
0.00523484
0.012227
0.00245757
-0.0105366
0.00242651
-0.0144724
0.0214707
-0.00550847
-0.00869628
-0.00399074
0.00124861
-0.00225167
0.0131787
-0.0161043
0.000236907
-2.44245e-05
-0.00244123
0.00875064
-0.0128019
-0.00415574
-0.0261387
-0.0158716
0.0130175
-0.00306983
0.0169817
0.00567397
-0.00266988
0.00960881
-0.0041698
-0.0130526
-0.00624451
-0.0141004
-0.00512903
0.0277559
0.0147172
0.00369274
0.00724857
0.0075046
-0.011471
-0.00271688
0.00248876
-0.0177474
0.0161906
-6.58892e-05
0.0073109
0.0104183
0.0112741
0.0125877
-0.0120064
-0.00437456
-0.011854
-0.00145098
-0.00273684
0.0107047
-0.00098072
0.00879807
0.00682696
0.00717738
0.00149446
-0.00148979
-0.00225476
0.00907164
-0.00704105
0.00204744
0.0151224
-0.00246964
0.000237381
0.0252386
-0.0107387
0.0110858
0.00708878
0.00578385
0.00345801
0.0159965
0.00654593
-0.00385712
0.00790063
-0.0111454
-0.0018075
-0.0090485
0.000206159
0.00297326
-0.00176382
-0.0102689
-0.00432763
0.00710902
0.0240239
-0.0105595
-0.00487022
0.00234596
-0.015259
0.00143159
-0.0119878
0.00694071
9.05432e-05
-0.0165832
-0.00572406
0.0123109
-0.00320221
-0.00437322
-0.00835842
-0.00345089
-0.000198021
-0.00974862
-0.00403099
0.00148747
-0.00965704
0.0026819
0.00120384
0.000294675
-0.00311936
0.0020035
0.00666527
0.00287902
-0.0160962
-0.000124156
-0.00201224
-0.0136181
-0.00492224
-0.0248076
-0.00659927
-0.0146917
-0.00274927
-0.00776964
-0.0170828
0.00744583
0.0053002
0.0117894
-0.00968094
-0.0340408
-0.0254824
-0.00808387
-0.0146718
-0.0455933
-0.0146503
-0.0273462
-0.00319928
-0.0125726
-0.00497917
-0.0125552
0.0108232
-0.00653761
-0.00681023
0.0193841
0.0115464
0.0243549
0.0603013
0.0792276
0.101775
0.0836577
0.0636307
0.0296247
0.049392
0.0413032
0.0453061
0.049838
0.0655614
0.0477994
0.0588162
0.0677615
0.094768
0.065357
0.0754012
0.0735331
0.0655226
0.0946837
0.115903
0.0731496
0.0966921
0.0985248
0.0954948
0.0990172
0.109517
0.0948405
0.101377
0.11096
0.112343
0.165619
0.140075
0.0828764
0.061309
0.0420384
-0.0251984
-0.00387558
-0.0162441
0.0543294
0.054368
0.0733183
0.0336377
0.0367415
0.0373396
0.00924278
0.0105641
0.00554254
0.0206458
0.0202866
0.0100103
-0.00529682
-0.0094671
-0.0113385
0.0143168
0.00482183
0.00420923
0.00536265
0.0119667
0.00556503
0.000385477
0.0246551
0.0140678
0.04437
0.0365122
0.0297835
0.0422904
0.06654
0.0470265
0.0367289
0.0397742
0.00362069
0.00458841
-0.0118483
-0.0106022
-0.0143276
0.0104437
0.0194245
0.0205692
0.013042
-0.0175907
0.00447139
-0.0236226
-0.0377833
-0.0219473
-0.0161485
-0.032442
-0.0534263
-0.0315764
-0.0335362
-0.0266368
-0.00457767
0.00691718
-0.0116098
-0.00665821
0.00500624
-0.0132347
0.00851782
-0.0108645
-0.00748887
-0.0075143
0.000929271
-0.00493623
-0.00670375
0.00173106
0.00258982
0.00946516
0.0110482
0.0255118
0.0230945
-0.0101532
0.0114712
-0.0114996
-0.0111107
0.00464462
0.00418488
0.0156393
0.00303333
0.00109112
0.000298724
0.0104535
-0.00345345
-0.00702359
-0.00428788
0.0100194
-0.0457651
-0.045406
-0.0432878
-0.0576832
-0.0604852
-0.0927653
-0.073124
-0.0929098
-0.0701809
-0.0607321
-0.0895321
-0.108122
-0.0959315
-0.102074
-0.120912
-0.0712605
-0.0792797
-0.10271
-0.118129
-0.1054
-0.129512
-0.121658
-0.0950235
-0.0661792
-0.0736325
-0.0792369
-0.141942
-0.156869
-0.145656
-0.132141
-0.141466
-0.113862
-0.112626
-0.119621
-0.15006
-0.189554
-0.181389
-0.177068
-0.181389
-0.190179
-0.240862
-0.234219
-0.202842
-0.215797
-0.195087
-0.195903
-0.178617
-0.202821
-0.164938
-0.188212
-0.182773
-0.159534
-0.149768
-0.111528
-0.123237
-0.127752
-0.112687
-0.105597
-0.133441
-0.175186
-0.148782
-0.153344
-0.144632
-0.171636
-0.205906
-0.247352
-0.267614
-0.271766
-0.31361
-0.297262
-0.289374
-0.289529
-0.281009
-0.305247
-0.331559
-0.310421
-0.36118
-0.357296
-0.322588
-0.346961
-0.291914
-0.257966
-0.290486
-0.342771
-0.286365
-0.296075
-0.261569
-0.306301
-0.282954
-0.338722
-0.312329
-0.307364
-0.286915
-0.285326
-0.246894
-0.297873
-0.241953
-0.307995
-0.306584
-0.30581
-0.314304
-0.270963
-0.276482
-0.280462
-0.298802
-0.311812
-0.345731
-0.384397
-0.34587
-0.316895
-0.304471
-0.339325
-0.305824
-0.312134
-0.288774
-0.308618
-0.290426
-0.255738
-0.224995
-0.239588
-0.240116
-0.228304
-0.230221
-0.229295
-0.26557
-0.259044
-0.270744
-0.259076
-0.231837
-0.302673
-0.306632
-0.322313
-0.31733
-0.298463
-0.290598
-0.312417
-0.321662
-0.342733
-0.318714
-0.308735
-0.276449
-0.321939
-0.28743
-0.321457
-0.29868
-0.312566
-0.28104
-0.307714
-0.321433
-0.301372
-0.314957
-0.28695
-0.340031
-0.320144
-0.348401
-0.335315
-0.29813
-0.309074
-0.284767
-0.273536
-0.249866
-0.252898
-0.289043
-0.263211
-0.284458
-0.281591
-0.274053
-0.216206
-0.254576
-0.251404
-0.302406
-0.291603
-0.324678
-0.323889
-0.340573
-0.31732
-0.307799
-0.316886
-0.321084
-0.293024
-0.286415
-0.305093
-0.305619
-0.296944
-0.291306
-0.25054
-0.234514
-0.287191
-0.281384
-0.324851
-0.297558
-0.305042
-0.259207
-0.273118
-0.246501
-0.280561
-0.290656
-0.285003
-0.313833
-0.322185
-0.331052
-0.336672
-0.305224
-0.321237
-0.314052
-0.275282
-0.309712
-0.290417
-0.359079
-0.355323
-0.333368
-0.359292
-0.328215
-0.360965
-0.348206
-0.382849
-0.365394
-0.332553
-0.327164
-0.318731
-0.328223
-0.298532
-0.287013
-0.291888
-0.287571
-0.278003
-0.278659
-0.282531
-0.287501
-0.29791
-0.323677
-0.300579
-0.295182
-0.26483
-0.306233
-0.301225
-0.320576
-0.311426
-0.312019
-0.28523
-0.31331
-0.294899
-0.267103
-0.274424
-0.320839
-0.279145
-0.275331
-0.283204
-0.306307
-0.33085
-0.32016
-0.29778
-0.302764
-0.310887
-0.302396
-0.325946
-0.323041
-0.351679
-0.330029
-0.325429
-0.302658
-0.283654
-0.305657
-0.290008
-0.264998
-0.271225
-0.269924
-0.259734
-0.266172
-0.296178
-0.310889
-0.305261
-0.305993
-0.278889
-0.310421
-0.2778
-0.286625
-0.286658
-0.337313
-0.282773
-0.321698
-0.303014
-0.301219
-0.295346
-0.310963
-0.291174
-0.22263
-0.225462
-0.199544
-0.253283
-0.274727
-0.283325
-0.278295
-0.256291
-0.278312
-0.237089
-0.288829
-0.271318
-0.319363
-0.273085
-0.307557
-0.269296
-0.291666
-0.296486
-0.294006
-0.305743
-0.310313
-0.288963
-0.283737
-0.296632
-0.300803
-0.317799
-0.305431
-0.368289
-0.312637
-0.298482
-0.295032
-0.317886
-0.329461
-0.285074
-0.304704
-0.259364
-0.289093
-0.273766
-0.308765
-0.292017
-0.307305
-0.269711
-0.242637
-0.229682
-0.229083
-0.26941
-0.254296
-0.265589
-0.28265
-0.267404
-0.251821
-0.228709
-0.278502
-0.27402
-0.33758
-0.292254
-0.28712
-0.238308
-0.262521
-0.24706
-0.249757
-0.214614
-0.219526
-0.194829
-0.221607
-0.229769
-0.237997
-0.248939
-0.196462
-0.157645
-0.188418
-0.18015
-0.172969
-0.137589
-0.171084
-0.172734
-0.138376
-0.115308
-0.0798591
-0.0444268
-0.0363645
-0.0112281
-0.00157437
-0.00181924
0.0150737
0.0122971
0.0302473
0.0245017
0.0707283
0.067056
0.0404994
0.0558752
0.055544
0.038673
0.0386509
0.0278154
0.029323
0.000682397
0.0213562
0.00592597
0.0250839
0.0135061
-0.0031637
-0.00106454
-0.0431967
-0.0229922
-0.0607517
-0.0434541
-0.0257417
-0.0299509
-0.0164222
-0.0586277
-0.0813644
-0.0934664
-0.114317
-0.0727257
-0.045848
-0.0542748
-0.027236
-0.0100301
-0.00703575
-0.0220177
0.012685
-0.00332445
-0.0102917
0.00962363
0.00284355
0.0153388
-0.0140506
-0.00173588
0.00278206
-0.00708681
-0.00143763
-0.012885
-0.0121043
-0.0204291
-0.040143
-0.057143
-0.080128
-0.10905
-0.0690037
-0.0805287
-0.077607
-0.0876544
-0.0414829
-0.0633966
-0.0929162
-0.0612399
-0.111911
-0.11105
-0.134959
-0.113717
-0.10591
-0.0679931
-0.0140556
0.00611342
0.005849
-0.00323194
0.0160305
0.00195439
0.00966114
0.0221822
0.0396985
0.00944126
0.0309445
0.00428192
0.01957
-0.0139849
0.00987032
0.0200051
-0.00538256
-0.0216229
-0.00457361
-0.0403175
-0.022213
-0.0212919
-0.0438324
-0.0728382
-0.0998572
-0.0860419
-0.0754195
-0.132239
-0.134759
-0.179979
-0.169609
-0.176769
-0.186527
-0.175272
-0.176203
-0.153088
-0.164426
-0.149717
-0.177192
-0.137816
-0.122681
-0.11009
-0.128114
-0.137557
-0.117896
-0.0986406
-0.0948494
-0.103088
-0.0803765
-0.0779298
-0.0863129
-0.0889343
-0.0717978
-0.075227
-0.0869507
-0.117295
-0.108509
-0.0968987
-0.111038
-0.0980115
-0.120168
-0.114011
-0.0991668
-0.106842
-0.102287
-0.123252
-0.078075
-0.0758827
-0.0931685
-0.0930943
-0.0382237
0.000234789
-0.0218523
-0.0196902
-0.0243347
-0.00424555
-0.0206307
-0.00336998
-0.0123862
-0.00636223
-0.00633882
-0.00510856
-0.0100953
0.0153983
-0.00642866
-0.005372
0.0244249
0.00393968
-0.0134217
0.0036546
0.00290075
0.0180408
0.0369296
0.0225377
0.0167065
0.0041685
-0.00428103
0.00377078
-0.0125937
-0.0245567
-0.0180651
-0.0457004
-0.0353201
-0.0196701
-0.0336372
-0.030167
-0.0383819
-0.0218556
-0.0114281
-0.0276476
-0.0237777
-0.039346
-0.0325018
-0.0339008
-0.0555053
-0.061845
-0.0468391
-0.086418
-0.114196
-0.131459
-0.0961577
-0.109534
-0.0718892
-0.0985357
-0.10232
-0.101882
-0.0939694
-0.107469
-0.103065
-0.120195
-0.128394
-0.154532
-0.184689
-0.163654
-0.155152
-0.131315
-0.119505
-0.126173
-0.0926806
-0.0924424
-0.0752331
-0.0792494
-0.0482247
-0.0224049
-0.0425141
-0.00999321
-0.0255632
-0.0410447
-0.0497504
-0.0494311
-0.0552321
-0.0883085
-0.0767696
-0.0777359
-0.0734385
-0.0983113
-0.0926603
-0.0756275
-0.0607263
-0.0413269
-0.0495452
-0.0372787
-0.0219435
-0.0342021
-0.0103168
-0.0445478
-0.0500569
-0.0288669
-0.0418812
-0.00298314
-0.0161688
-0.0115066
0.00629961
0.00994891
0.0164416
0.0111078
0.0243871
0.0140325
0.0262905
0.0159075
0.00925608
0.0111356
0.012352
0.00886047
0.0276622
0.0265335
-0.00695067
-0.00441725
0.0367445
-0.00355853
0.00855471
-0.0043039
0.00752301
0.00680577
-0.010356
-0.0094032
-0.000258136
-0.0364041
-0.0207615
-0.0135068
-0.0222775
-0.0248288
-0.0318379
-0.060447
-0.0747595
-0.0454129
-0.0140647
-0.0215092
0.00725164
-0.00881245
-0.00223893
-0.00397634
-0.0153201
0.0214836
-0.0418373
-0.0342921
-0.0244664
-0.00947544
-0.00775853
-0.0230833
0.0120436
-0.0202814
-0.0162372
-0.0217685
-0.025465
-0.00997616
0.00146636
0.0105763
-0.00503747
-0.00739374
0.0118923
0.0377022
0.0258649
0.0127878
0.0206899
0.0280156
0.0177498
0.0305742
0.0217251
0.0194361
-0.00615902
0.0118711
0.0232479
0.0438386
0.027112
0.0218866
0.0392995
-0.00230628
0.0265269
0.0108851
0.00232906
0.0128618
-0.00746065
-0.00865712
-0.00555895
-0.00354132
0.00892695
-0.000341828
0.0186707
0.0291571
0.0215119
0.0774521
0.0474383
0.0334297
0.103133
0.0596071
0.0303738
0.0329013
0.0282991
0.0103746
0.0214699
0.0289414
0.0051287
0.0115005
0.0157861
0.0166586
0.0118704
0.00731841
0.0155173
0.0191881
-0.0118484
0.00578123
0.0109921
0.00259187
0.00516822
0.0158544
-0.00358459
-0.00606814
-0.00883452
-0.00376882
-0.00257296
0.00490712
-0.00312545
0.00213559
-0.0050078
0.0316145
-0.00593743
0.00580208
0.00661233
-0.0257195
-0.00389856
-0.0190004
-0.0220813
-0.0133377
0.000926039
0.0106672
-0.0175754
-0.0394242
-0.0392516
-0.0361715
-0.00964867
-0.0100046
-0.0154743
-0.0320466
-0.0136605
-0.0131236
-0.0329552
-0.0389174
-0.0297925
0.00159822
-0.012284
-0.00203396
-0.017939
-0.0128482
-0.0160221
-0.0263078
-0.00850914
-0.00680481
-0.0146067
-0.0177182
-0.0212712
-0.0234276
-0.0171664
-0.0153787
-0.0376212
-0.0256909
0.00478431
0.00895346
0.00891606
-0.010376
-0.0267726
-0.0234753
-0.0150258
-0.00359659
-0.038416
-0.0197335
-0.0237227
-0.0493463
-0.0431944
-0.024841
-0.0462744
-0.0464487
-0.0641116
-0.0479116
-0.0598098
-0.053934
-0.0622164
-0.0471821
-0.0357926
-0.050394
-0.042908
-0.0296987
-0.0250818
-0.0413128
-0.0562048
-0.067195
-0.0718078
-0.082226
-0.0946279
-0.125647
-0.137493
-0.152577
-0.138739
-0.109123
-0.113637
-0.0794525
-0.127391
-0.167525
-0.15396
-0.187808
-0.175173
-0.187651
-0.205165
-0.219619
-0.216381
-0.25799
-0.268423
-0.240705
-0.261173
-0.238462
-0.296612
-0.293198
-0.277172
-0.298859
-0.285192
-0.300998
-0.292575
-0.270752
-0.267295
-0.286962
-0.268181
-0.284029
-0.260173
-0.24207
-0.259267
-0.246812
-0.259048
-0.249446
-0.271627
-0.250528
-0.268913
-0.259416
-0.247453
-0.283303
-0.237525
-0.274004
-0.279113
-0.271709
-0.273211
-0.284836
-0.277955
-0.307225
-0.302532
-0.293689
-0.226019
-0.257164
-0.237757
-0.210054
-0.25246
-0.22016
-0.196861
-0.193887
-0.204679
-0.174487
-0.187977
-0.149176
-0.167762
-0.175622
-0.171193
-0.14737
-0.159623
-0.158041
-0.146549
-0.136929
-0.158139
-0.180264
-0.192671
-0.231363
-0.22342
-0.24414
-0.281166
-0.274574
-0.299668
-0.235787
-0.203594
-0.207236
-0.195154
-0.248236
-0.216524
-0.14542
-0.195047
-0.190004
-0.146503
-0.142814
-0.102386
-0.0849341
-0.0940719
-0.0624403
-0.0786511
-0.0802777
-0.0984104
-0.141992
-0.167997
-0.213123
-0.232078
-0.226409
-0.232898
-0.246672
-0.268487
-0.284207
-0.342273
-0.348776
-0.348454
-0.316493
-0.313608
-0.321544
-0.335003
-0.327107
-0.265164
-0.245034
-0.22972
-0.209029
-0.236468
-0.250484
-0.270368
-0.29377
-0.227959
-0.218861
-0.247636
-0.235657
-0.273531
-0.255034
-0.279981
-0.312835
-0.364589
-0.386874
-0.338681
-0.296561
-0.326627
-0.307922
-0.346564
-0.347065
-0.366003
-0.334989
-0.385075
-0.333422
-0.399948
-0.350861
-0.316188
-0.36508
-0.30392
-0.335615
-0.303243
-0.318298
-0.299816
-0.353353
-0.347181
-0.299911
-0.3044
-0.254424
-0.292704
-0.309335
-0.288244
-0.31725
-0.320508
-0.326218
-0.336249
-0.310848
-0.311472
-0.301601
-0.305796
-0.303484
-0.290225
-0.287619
-0.252864
-0.262487
-0.276574
-0.235665
-0.242989
-0.286842
-0.260358
-0.275028
-0.271756
-0.291739
-0.290397
-0.304638
-0.309292
-0.336892
-0.34542
-0.309853
-0.29325
-0.328117
-0.302361
-0.335812
-0.300321
-0.373693
-0.329551
-0.328376
-0.354714
-0.342042
-0.348934
-0.345807
-0.380746
-0.358958
-0.380247
-0.386751
-0.390059
-0.383074
-0.380524
-0.3863
-0.379451
-0.393943
-0.350498
-0.349216
-0.338499
-0.342167
-0.303008
-0.325425
-0.315382
-0.31997
-0.320003
-0.317242
-0.295408
-0.276231
-0.264206
-0.291947
-0.282625
-0.301221
-0.271689
-0.278689
-0.262111
-0.285839
-0.309857
-0.301674
-0.297808
-0.280909
-0.287449
-0.271764
-0.322186
-0.333626
-0.328419
-0.334249
-0.32909
-0.32199
-0.324554
-0.329513
-0.309436
-0.346678
-0.333908
-0.329562
-0.335703
-0.356509
-0.303151
-0.31708
-0.292455
-0.316108
-0.333145
-0.323863
-0.329154
-0.342802
-0.356048
-0.366222
-0.341131
-0.360228
-0.363229
-0.385094
-0.338724
-0.348002
-0.365802
-0.375845
-0.365731
-0.348743
-0.364414
-0.348971
-0.346281
-0.372334
-0.332578
-0.423547
-0.391288
-0.233989
-0.208192
-0.129896
-0.177778
-0.215842
-0.291533
-0.311954
-0.345853
-0.22656
-0.187046
-0.17675
-0.131119
-0.128328
-0.152849
-0.163021
-0.147025
-0.200814
-0.188157
-0.138561
-0.0169299
-0.15167
-0.154818
-0.104701
-0.137456
-0.135168
-0.141383
-0.0703986
-0.0723431
-0.0370846
-0.0586908
-0.0709692
-0.0659368
-0.0844506
-0.072156
-0.0835338
-0.0765979
-0.060181
-0.0428981
-0.0428864
-0.0437587
-0.0336293
-0.0561275
-0.0522917
-0.0463414
-0.0422375
-0.020881
0.00889274
-0.00379584
0.0123871
-0.00128205
0.00411385
0.0269715
-0.011124
0.0267602
0.0258956
0.00588695
0.0128547
0.0358026
0.0199396
0.0213879
0.0202827
-0.00368492
0.00232251
0.0108573
-0.00789747
0.0182253
-0.00784909
0.0150434
0.0109857
0.0162255
0.000379443
0.0302759
0.00980938
0.0027277
-0.00379008
0.000448273
0.000557734
-0.0232563
-0.0150221
0.000991403
-0.0154776
-0.00790746
-0.0168621
-0.0300237
-0.0109515
-0.0135877
0.0131079
0.00523745
-0.0173746
0.0109566
-0.00767956
-0.00768402
-0.0334034
-0.0167636
-0.0437493
-0.0209236
0.0129635
0.00125238
0.00503754
-0.0101578
0.00603683
0.000991976
0.00887375
0.0139809
0.00801708
0.00995791
-0.0117484
-0.00836187
0.019364
0.0282616
0.00708834
0.0129103
0.012484
-0.0174616
-0.037856
-0.0205062
-0.0114479
0.020907
-0.00117946
-0.020054
-0.00554003
-0.0117618
-0.00587675
-0.0246633
-0.005481
-0.0116503
0.00841954
-0.0042937
0.00863815
-0.00115312
-0.00472851
0.00504818
0.0183652
0.00138008
-0.00495217
-0.000464719
0.0190961
0.0198779
0.0195191
-0.0176689
0.00743062
0.00741272
0.00847866
-0.00247183
-0.00658189
-0.00783638
-0.00397246
0.0114823
-0.00522097
0.00861447
0.0132244
0.0225336
0.0123195
0.025822
0.0091515
-0.0129246
0.00829139
0.0143948
0.00586736
-0.00764942
-0.0058281
-0.0056526
0.0108339
0.00114569
0.0107894
0.00414018
-0.0102615
0.0116006
-0.00788125
0.0075961
-0.0214373
0.00461704
-0.00644134
0.00467891
-0.00885468
1.47566e-05
0.001847
-0.0131376
-0.00625684
0.0158121
-0.00781497
0.0129029
-0.000457539
0.00733141
0.0054382
0.00623481
-0.0156493
-0.00501111
0.00556442
-5.25869e-05
0.00358337
-0.00469407
0.00871483
-0.0165882
-0.0252282
-0.00808255
0.0158384
0.0119918
0.0202913
0.0057321
0.00340082
0.00395278
0.00117714
0.0220389
0.00252678
