-0.844091
-0.844088
-0.844088
-0.844063
-0.844098
-0.844073
-0.844093
-0.844063
-0.84408
-0.844104
-0.844079
-0.844083
-0.844102
-0.844089
-0.844109
-0.844123
-0.844112
-0.844081
-0.844094
-0.844031
-0.844111
-0.844101
-0.844011
-0.84404
-0.844036
-0.84408
-0.844047
-0.844094
-0.844092
-0.844101
-0.844116
-0.844088
-0.844116
-0.844101
-0.844135
-0.844112
-0.844028
-0.844051
-0.844057
-0.844104
-0.844081
-0.844062
-0.844025
-0.844081
-0.844063
-0.844086
-0.844097
-0.844096
-0.84409
-0.844073
-0.844067
-0.844164
-0.844095
-0.844065
-0.844071
-0.844082
-0.844085
-0.844096
-0.84409
-0.844108
-0.844016
-0.844071
-0.844079
-0.84411
-0.844119
-0.844059
-0.844045
-0.84406
-0.844099
-0.844073
-0.844107
-0.844115
-0.844076
-0.844109
-0.844046
-0.844097
-0.844109
-0.844096
-0.844113
-0.844086
-0.844058
-0.844085
-0.844077
-0.844049
-0.844051
-0.844101
-0.844029
-0.844057
-0.844048
-0.844077
-0.844078
-0.844063
-0.84412
-0.844092
-0.844089
-0.844109
-0.844099
-0.844141
-0.84404
-0.844093
-0.844094
-0.844113
-0.844076
-0.844113
-0.844067
-0.844088
-0.844097
-0.844046
-0.844075
-0.844051
-0.844079
-0.84406
-0.844129
-0.844088
-0.84415
-0.844153
-0.844091
-0.844086
-0.844059
-0.844096
-0.84409
-0.84404
-0.844041
-0.844104
-0.844088
-0.844105
-0.844094
-0.844125
-0.844102
-0.844087
-0.844104
-0.844092
-0.844125
-0.84414
-0.844125
-0.844116
-0.844111
-0.84412
-0.844099
-0.844089
-0.844111
-0.844101
-0.844079
-0.844094
-0.84411
-0.844119
-0.844141
-0.844108
-0.844093
-0.844178
-0.844116
-0.844175
-0.844105
-0.844091
-0.844098
-0.844038
-0.843995
-0.844068
-0.844042
-0.84398
-0.843858
-0.843513
-0.843114
-0.842594
-0.842003
-0.841002
-0.839918
-0.839266
-0.838765
-0.838308
-0.837822
-0.837088
-0.836403
-0.835718
-0.835112
-0.834045
-0.833413
-0.832446
-0.831166
-0.829413
-0.827454
-0.825064
-0.822267
-0.820269
-0.81704
-0.814006
-0.810677
-0.807159
-0.803015
-0.798299
-0.792579
-0.779325
-0.771961
-0.764302
-0.756344
-0.748495
-0.741084
-0.733675
-0.726538
-0.719294
-0.71186
-0.704406
-0.696483
-0.688447
-0.680136
-0.671952
-0.66354
-0.655461
-0.647353
-0.638981
-0.630463
-0.62151
-0.612427
-0.603518
-0.594686
-0.586256
-0.577927
-0.569404
-0.560939
-0.552388
-0.543555
-0.534622
-0.525731
-0.517113
-0.508888
-0.500436
-0.49235
-0.48417
-0.476196
-0.468033
-0.460188
-0.444517
-0.437074
-0.430137
-0.423547
-0.417136
-0.411004
-0.404934
-0.398807
-0.392877
-0.386887
-0.381073
-0.375621
-0.370567
-0.365778
-0.360957
-0.355962
-0.35072
-0.345251
-0.339624
-0.333991
-0.328476
-0.323297
-0.31848
-0.313602
-0.308484
-0.30304
-0.297247
-0.290927
-0.284531
-0.278188
-0.272055
-0.265878
-0.259971
-0.253912
-0.247796
-0.241356
-0.227727
-0.220709
-0.213567
-0.206293
-0.199126
-0.191867
-0.184726
-0.177597
-0.170232
-0.162751
-0.155396
-0.147604
-0.139679
-0.131782
-0.123964
-0.116094
-0.108402
-0.100907
-0.0933339
-0.0857681
-0.0779572
-0.0699104
-0.0620297
-0.0542938
-0.0465869
-0.0392598
-0.0320892
-0.0250079
-0.0178188
-0.0105726
-0.00310906
0.00430615
0.011864
0.0191772
0.0264096
0.0335528
0.0481029
0.0555801
0.0631468
0.0706266
0.0779963
0.0855995
0.0930333
0.100591
0.108192
0.115777
0.123618
0.131573
0.139651
0.147772
0.155926
0.163984
0.17224
0.180445
0.188617
0.196941
0.205278
0.213666
0.222093
0.230586
0.238984
0.247346
0.255735
0.264001
0.272238
0.280721
0.289104
0.297863
0.306444
0.315235
0.324082
0.332167
0.339948
0.347909
0.362971
0.370361
0.378093
0.385997
0.393674
0.40101
0.408464
0.415856
0.423169
0.430498
0.437963
0.445476
0.452853
0.460166
0.467447
0.474554
0.481524
0.488172
0.49468
0.501067
0.507504
0.513704
0.51968
0.525572
0.531001
0.536065
0.540752
0.545265
0.549813
0.554523
0.558918
0.563048
0.567145
0.570829
0.574226
0.57746
0.580668
0.584179
0.587879
0.591917
0.596216
0.600746
0.605374
0.615129
0.620207
0.625899
0.632016
0.63857
0.645559
0.652776
0.660302
0.66818
0.676102
0.68414
0.692278
0.700656
0.709128
0.717896
0.726811
0.735864
0.744674
0.753523
0.761815
0.769938
0.777806
0.78551
0.793333
0.801043
0.808736
0.816195
0.823365
0.830037
0.836433
0.842532
0.848282
0.85369
0.858901
0.863799
0.868706
0.873595
0.882666
0.886597
0.89026
0.893713
0.897032
0.90009
0.903022
0.906088
0.908849
0.91148
0.913846
0.916094
0.918325
0.920484
0.922543
0.924759
0.926853
0.928882
0.930757
0.932503
0.934035
0.935842
0.937649
0.939478
0.941394
0.943385
0.945204
0.947
0.948655
0.950093
0.951428
0.95277
0.953983
0.955451
0.956935
0.958704
0.960873
0.963034
0.965458
0.968035
0.970671
0.973295
0.978835
0.981773
0.984842
0.988258
0.991702
0.995399
0.999002
1.00284
1.00647
1.01011
1.01364
1.01683
1.02021
1.02342
1.02553
1.02723
1.02804
1.02843
1.02935
1.02983
1.02966
1.02961
1.02961
1.0295
1.02933
1.02917
1.02903
1.02887
1.02878
1.02855
1.02841
1.0283
1.02811
1.02796
1.02786
1.02755
1.02726
1.02709
1.02687
1.02664
1.02628
1.02602
1.02531
1.02497
1.02458
1.02399
1.02345
1.02294
1.02255
1.02203
1.02159
1.02108
1.02069
1.02026
1.01978
1.0193
1.01874
1.01826
1.01771
1.01718
1.01648
1.01585
1.01515
1.01456
1.01399
1.01337
1.01241
1.01168
1.01068
1.00959
1.00861
1.00768
1.00666
1.00554
1.00446
1.00335
1.00246
1.00145
0.999158
0.9981
0.997338
0.996608
0.995945
0.995428
0.995008
0.994726
0.994361
0.994119
0.993792
0.993538
0.993219
0.993029
0.992989
0.99281
0.992686
0.992596
0.992433
0.992246
0.992032
0.991815
0.991645
0.991435
0.991127
0.990776
0.99033
0.989758
0.989264
0.988751
0.988316
0.987731
0.987291
0.986817
0.986253
0.985753
0.985267
0.984648
0.984432
0.984278
0.984079
0.984041
0.983862
0.983714
0.983687
0.983482
0.983331
0.98311
0.982943
0.982721
0.982661
0.982534
0.982421
0.982363
0.982388
0.982364
0.982315
0.98231
0.982325
0.982393
0.982382
0.982359
0.98235
0.982317
0.982298
0.982319
0.982349
0.982349
0.982261
0.982331
0.982305
0.982275
0.982314
0.982331
0.982298
0.982307
0.982319
0.982367
0.982287
0.982308
0.982286
0.982333
0.982321
0.982255
0.982272
0.982276
0.982273
0.982339
0.982231
0.982295
0.982312
0.982309
0.982281
0.982277
0.982133
0.982115
0.982075
0.98203
0.982042
0.982083
0.982064
0.982063
0.982101
0.982162
0.982148
0.982286
0.98234
0.982381
0.982381
0.982389
0.98246
0.982453
0.982444
0.982343
0.982318
0.982225
0.981953
0.980859
0.980266
0.979859
0.979652
0.979445
0.979221
0.978998
0.978826
0.978585
0.978409
0.978272
0.978175
0.978147
0.978134
0.978045
0.978048
0.978015
0.977976
0.977665
0.977352
0.976974
0.976547
0.975918
0.975462
0.97492
0.974476
0.974073
0.97372
0.973417
0.973165
0.973049
0.972961
0.972897
0.972875
0.97284
0.972882
0.972919
0.972907
0.972932
0.97284
0.972802
0.972661
0.972534
0.972426
0.972377
0.972308
0.972261
0.972204
0.972284
0.972236
0.972308
0.972274
0.972213
0.972244
0.972224
0.972169
0.972143
0.972117
0.97211
0.972079
0.972082
0.971909
0.971841
0.971714
0.971552
0.971457
0.971452
0.971392
0.971387
0.971431
0.971431
0.971443
0.971482
0.97156
0.971562
0.971573
0.971607
0.971648
0.971705
0.971827
0.972075
0.972411
0.972685
0.973015
0.973044
0.973128
0.973475
0.97456
0.975778
0.977442
0.979372
0.981026
0.983176
0.985523
0.988571
0.992253
0.996369
1.00068
1.00473
1.00851
1.01157
1.01422
1.01646
1.01863
1.02042
1.02245
1.02434
1.02624
1.0299
1.03182
1.03339
1.03484
1.03616
1.03728
1.03818
1.03927
1.04022
1.04129
1.0426
1.04369
1.04469
1.04565
1.04654
1.04759
1.0488
1.05009
1.05158
1.05302
1.0546
1.05598
1.05716
1.05836
1.05929
1.05996
1.06041
1.06074
1.06119
1.06164
1.06215
1.06264
1.06321
1.06365
1.06397
1.06411
1.06429
1.06453
1.06478
1.06508
1.06579
1.06623
1.06661
1.06679
1.06701
1.06714
1.06731
1.0674
1.06743
1.06746
1.06747
1.06752
1.06761
1.06764
1.06771
1.06783
1.06796
1.06834
1.06857
1.06875
1.06886
1.06884
1.06894
1.0689
1.0689
1.06886
1.06884
1.06885
1.06893
1.06887
1.06884
1.06891
1.0689
1.06895
1.06887
1.06895
1.06893
1.06888
1.0689
1.06886
1.06889
1.06889
1.06889
1.0689
1.06891
1.06891
1.06894
1.06892
1.06889
1.06887
1.06892
1.06895
1.06894
1.0689
1.06896
1.06891
1.06896
1.06896
1.06905
1.06905
1.0691
1.06904
1.06907
1.0691
1.06906
1.06904
1.06897
1.06896
1.06895
1.0689
1.06886
1.06883
1.06875
1.0687
1.06865
1.06863
1.06864
1.06864
1.06875
1.06883
1.06884
1.06892
1.06895
1.06899
1.06899
1.06901
1.06897
1.06897
1.06906
1.06901
1.06903
1.06905
1.069
1.069
1.06898
1.06903
1.06898
1.06894
1.06894
1.06888
1.06889
1.06886
1.06887
1.06886
1.06878
1.06874
1.06874
1.06872
1.06874
1.0687
1.06877
1.0688
1.06881
1.0689
1.06914
1.06971
1.0702
1.07083
1.07137
1.07184
1.07231
1.07295
1.07366
1.07453
1.07517
1.07578
1.07611
1.07633
1.07656
1.07663
1.07658
1.07654
1.07646
1.07629
1.07619
1.07572
1.07504
1.07384
1.0728
1.07206
1.07146
1.07081
1.07011
1.06916
1.06843
1.06748
1.06665
1.0653
1.06491
1.06464
1.06446
1.06446
1.0645
1.06449
1.06452
1.06458
1.0648
1.0651
1.06538
1.06573
1.0662
1.06719
1.06869
1.06995
1.07171
1.07308
1.07411
1.07468
1.07504
1.07515
1.0753
1.07536
1.07554
1.07586
1.07624
1.07662
1.07686
1.07698
1.07689
1.0769
1.07691
1.07686
1.07689
1.07693
1.07704
1.07755
1.07849
1.07918
1.07992
1.08089
1.08165
1.08257
1.08356
1.08414
1.08444
1.08456
1.08461
1.08474
1.08475
1.08485
1.08481
1.08489
1.0849
1.08495
1.0849
1.08489
1.08489
1.08491
1.08491
1.08482
1.08476
1.08471
1.08464
1.08458
1.08443
1.08435
1.08404
1.0839
1.08359
1.08312
1.08277
1.08257
1.08227
1.08213
1.08186
1.08173
1.08126
1.08093
1.08061
1.08026
1.07981
1.07939
1.0789
1.07842
1.07786
1.07735
1.07679
1.07623
1.07551
1.07466
1.07412
1.07352
1.07302
1.07262
1.07223
1.07187
1.07154
1.07107
1.07063
1.07007
1.06954
1.06879
1.06802
1.0672
1.06654
1.06573
1.065
1.06413
1.06323
1.06231
1.06131
1.06042
1.0595
1.05864
1.05687
1.056
1.05509
1.0542
1.05333
1.05245
1.05139
1.05041
1.04963
1.04879
1.04784
1.04711
1.04646
1.04565
1.04483
1.04411
1.04326
1.0425
1.04166
1.04087
1.04021
1.03936
1.03845
1.03767
1.03681
1.03598
1.0351
1.03427
1.03351
1.03261
1.03173
1.03062
1.02949
1.02838
1.02721
1.02594
1.02456
1.02321
1.02041
1.01916
1.01761
1.01629
1.01478
1.01336
1.01185
1.01035
1.00876
1.0072
1.00552
1.00387
1.00245
1.00087
0.999429
0.997911
0.996629
0.995219
0.993809
0.992384
0.990955
0.9895
0.987888
0.986303
0.984574
0.982718
0.98079
0.979077
0.977707
0.976366
0.974914
0.973413
0.971496
0.96956
0.967336
0.965276
0.963345
0.961584
0.957995
0.956118
0.95435
0.952751
0.950943
0.949193
0.94747
0.945724
0.94418
0.942652
0.940988
0.939309
0.937565
0.935637
0.933931
0.932202
0.930305
0.9283
0.926374
0.924459
0.922548
0.920842
0.918912
0.917323
0.9152
0.913136
0.911012
0.909222
0.907204
0.905172
0.903471
0.901591
0.899838
0.897953
0.896263
0.894399
0.892675
0.891158
0.888085
0.886406
0.884981
0.883531
0.881864
0.880305
0.878778
0.877205
0.875603
0.874056
0.872602
0.871291
0.870014
0.86871
0.867511
0.866449
0.865323
0.864217
0.863037
0.861921
0.860727
0.859614
0.858652
0.857553
0.856424
0.855357
0.854168
0.852736
0.851147
0.849606
0.847904
0.845953
0.843798
0.841599
0.839722
0.838044
0.835943
0.834092
0.832226
0.830457
0.826508
0.824232
0.822111
0.819874
0.817683
0.815518
0.813391
0.811385
0.809252
0.806932
0.804531
0.802224
0.799856
0.797548
0.795399
0.793485
0.791092
0.7887
0.786412
0.783929
0.781496
0.778846
0.776437
0.77365
0.771402
0.768336
0.76579
0.762583
0.759855
0.756586
0.75394
0.750997
0.74799
0.744825
0.741763
0.738486
0.735456
0.732289
0.729203
0.723078
0.720063
0.717348
0.714567
0.711832
0.708813
0.70581
0.702489
0.699254
0.695904
0.693509
0.689774
0.68669
0.683099
0.679673
0.676223
0.672431
0.668043
0.663183
0.658122
0.653043
0.648187
0.643582
0.639396
0.635213
0.631016
0.626888
0.622979
0.61973
0.616596
0.613912
0.611001
0.608413
0.605541
0.603052
0.600193
0.597447
0.594608
0.588915
0.586149
0.583343
0.580401
0.577303
0.573868
0.570259
0.566371
0.562047
0.55757
0.552781
0.547716
0.542261
0.5364
0.530437
0.524351
0.518274
0.512252
0.506442
0.500531
0.494703
0.488711
0.48274
0.477137
0.472168
0.467696
0.463636
0.459613
0.455454
0.45078
0.44595
0.441212
0.436973
0.433182
0.429512
0.426059
0.422866
0.419294
0.415582
0.411477
0.403987
0.400478
0.397129
0.393386
0.38952
0.3855
0.38121
0.377174
0.373309
0.369546
0.365771
0.361536
0.356779
0.35194
0.347132
0.342328
0.33772
0.333276
0.329056
0.324566
0.320041
0.315548
0.311068
0.30641
0.301774
0.297159
0.292444
0.287484
0.282339
0.277429
0.272365
0.267303
0.262219
0.257425
0.25213
0.246786
0.241315
0.235658
0.229715
0.223865
0.218273
0.207168
0.20199
0.196596
0.191018
0.185209
0.179159
0.173053
0.167182
0.161458
0.156015
0.150696
0.145347
0.139753
0.134117
0.128243
0.122466
0.116841
0.111361
0.106235
0.101318
0.0964887
0.0916933
0.0868746
0.0821867
0.0778219
0.0737406
0.0695119
0.0652768
0.0611263
0.0567506
0.052488
0.048572
0.0447044
0.0407439
0.036506
0.0318894
0.027071
0.0222261
0.0174347
0.00783699
0.00289222
-0.00240999
-0.00782149
-0.0133228
-0.0189411
-0.0245202
-0.0300694
-0.0357544
-0.0416501
-0.0473869
-0.0531683
-0.0589573
-0.0646003
-0.0703698
-0.0761628
-0.0819564
-0.0875365
-0.0927005
-0.0972325
-0.101101
-0.104253
-0.107156
-0.10959
-0.111967
-0.114069
-0.115977
-0.11779
-0.119569
-0.120812
-0.12193
-0.122563
-0.122903
-0.122894
-0.122826
-0.122725
-0.122663
-0.122725
-0.122745
-0.122825
-0.122842
-0.122872
-0.122833
-0.122821
-0.122723
-0.12271
-0.122649
-0.122678
-0.122623
-0.122675
-0.122668
-0.122722
-0.122675
-0.12273
-0.122663
-0.122699
-0.122671
-0.122637
-0.122607
-0.122593
-0.122614
-0.122609
-0.122598
-0.122535
-0.122432
-0.122303
-0.122059
-0.121895
-0.121771
-0.121616
-0.121533
-0.121465
-0.121406
-0.121287
-0.121279
-0.121293
-0.12135
-0.121289
-0.12136
-0.121476
-0.121494
-0.121562
-0.12178
-0.1219
-0.122288
-0.122664
-0.122977
-0.123452
-0.123955
-0.124583
-0.125351
-0.126461
-0.127684
-0.128838
-0.13026
-0.13143
-0.132698
-0.134238
-0.135571
-0.137194
-0.13878
-0.140247
-0.142184
-0.144167
-0.14615
-0.148434
-0.150446
-0.152323
-0.154782
-0.157197
-0.159629
-0.16216
-0.164603
-0.167336
-0.172614
-0.175132
-0.177425
-0.180213
-0.182697
-0.185598
-0.188029
-0.190967
-0.193349
-0.196057
-0.198807
-0.201615
-0.204665
-0.207619
-0.210748
-0.213589
-0.216504
-0.219487
-0.221956
-0.224445
-0.227251
-0.230187
-0.232534
-0.235573
-0.238107
-0.241051
-0.243456
-0.246099
-0.249194
-0.252133
-0.255445
-0.258769
-0.262007
-0.265434
-0.268738
-0.272344
-0.275716
-0.279115
-0.286192
-0.289871
-0.2939
-0.298175
-0.302412
-0.306616
-0.310744
-0.314012
-0.31725
-0.320348
-0.323873
-0.327433
-0.331405
-0.335542
-0.340101
-0.344865
-0.34939
-0.353713
-0.357905
-0.362512
-0.367315
-0.372503
-0.377947
-0.383338
-0.388524
-0.393814
-0.399837
-0.404947
-0.410888
-0.417277
-0.423815
-0.431227
-0.437965
-0.44445
-0.456778
-0.463322
-0.470113
-0.477158
-0.484413
-0.491461
-0.49833
-0.505214
-0.511774
-0.518106
-0.52433
-0.530961
-0.536217
-0.54189
-0.547126
-0.551921
-0.556039
-0.559653
-0.562898
-0.566121
-0.568903
-0.572022
-0.575325
-0.578052
-0.580816
-0.583577
-0.586429
-0.589199
-0.592022
-0.594513
-0.597132
-0.599933
-0.60235
-0.605325
-0.608643
-0.612256
-0.616244
-0.619814
-0.623678
-0.627745
-0.63196
-0.639026
-0.642455
-0.645607
-0.648826
-0.651736
-0.654615
-0.657367
-0.660205
-0.662598
-0.664931
-0.666957
-0.669107
-0.671501
-0.673968
-0.676855
-0.679854
-0.68315
-0.686497
-0.689691
-0.693029
-0.696398
-0.700117
-0.704203
-0.708288
-0.712521
-0.716696
-0.720524
-0.724331
-0.728214
-0.73255
-0.736044
-0.739494
-0.742717
-0.746034
-0.748864
-0.751678
-0.756882
-0.759816
-0.762769
-0.766014
-0.76911
-0.77234
-0.775502
-0.778639
-0.781868
-0.785415
-0.789043
-0.792675
-0.796794
-0.800302
-0.804532
-0.809078
-0.813567
-0.817838
-0.822039
-0.826548
-0.831166
-0.835993
-0.840955
-0.846163
-0.85129
-0.856426
-0.861755
-0.867139
-0.872505
-0.877814
-0.88306
-0.888314
-0.89415
-0.899016
-0.90423
-0.910121
-0.915476
-0.920778
-0.930757
-0.935477
-0.939568
-0.943295
-0.946898
-0.950232
-0.953604
-0.956588
-0.959348
-0.961848
-0.964424
-0.966855
-0.969372
-0.972157
-0.974423
-0.977157
-0.980077
-0.983218
-0.986321
-0.989634
-0.992813
-0.996037
-0.999181
-1.00239
-1.00604
-1.00977
-1.01336
-1.0168
-1.02026
-1.0237
-1.02713
-1.03039
-1.03352
-1.03675
-1.03937
-1.042
-1.04453
-1.0471
-1.04949
-1.05176
-1.05617
-1.05829
-1.06026
-1.06227
-1.06409
-1.06584
-1.06752
-1.06918
-1.07094
-1.07261
-1.07426
-1.07573
-1.07711
-1.07825
-1.07939
-1.08035
-1.08108
-1.08165
-1.08192
-1.08216
-1.08229
-1.08227
-1.08229
-1.08228
-1.08205
-1.0819
-1.08165
-1.08135
-1.08105
-1.08075
-1.08058
-1.08045
-1.08049
-1.0806
-1.08072
-1.08082
-1.08096
-1.08103
-1.08108
-1.08099
-1.08044
-1.07995
-1.07961
-1.07917
-1.07874
-1.07844
-1.07824
-1.07792
-1.07756
-1.07731
-1.07696
-1.07679
-1.07647
-1.07598
-1.07508
-1.07423
-1.07385
-1.07341
-1.07282
-1.0723
-1.07165
-1.07095
-1.0704
-1.06996
-1.06949
-1.06889
-1.06861
-1.0682
-1.06782
-1.06671
-1.06641
-1.06545
-1.06462
-1.06317
-1.06107
-1.05859
-1.05221
-1.04838
-1.04408
-1.03961
-1.03489
-1.03
-1.02494
-1.01965
-1.01426
-1.00865
-1.00302
-0.997585
-0.99215
-0.986784
-0.981408
-0.975642
-0.969805
-0.963727
-0.957564
-0.951442
-0.946115
-0.941355
-0.937599
-0.935083
-0.933435
-0.932526
-0.93199
-0.931619
-0.93145
-0.931298
-0.931283
-0.931226
-0.931203
-0.931158
-0.931136
-0.93121
-0.931254
-0.931064
-0.93077
-0.930264
-0.92954
-0.928434
-0.92694
-0.925264
-0.923454
-0.923165
-0.922792
-0.922786
-0.922797
-0.922765
-0.922779
-0.922773
-0.922774
-0.922737
-0.92279
-0.922795
-0.922736
-0.922754
-0.922754
-0.922739
-0.922732
-0.922696
-0.922718
-0.922742
-0.922743
-0.922708
-0.922728
-0.922771
-0.922784
-0.922792
-0.92283
-0.922849
-0.922872
-0.922803
-0.922815
-0.922748
-0.922688
-0.922665
-0.922663
-0.922713
-0.922748
-0.922766
-0.922734
-0.922783
-0.922766
-0.922804
-0.922866
-0.92288
-0.922935
-0.922932
-0.922895
-0.922936
-0.922883
-0.922854
-0.922886
-0.9229
-0.922889
-0.922879
-0.92287
-0.922928
-0.922871
-0.922936
-0.922877
-0.922947
-0.922864
-0.922939
-0.922921
-0.922961
-0.922932
-0.922947
-0.92286
-0.922917
-0.922933
-0.922932
-0.922929
-0.922933
-0.922926
-0.922894
-0.922909
-0.922869
-0.922958
-0.922933
-0.922895
-0.922911
-0.922921
-0.922951
-0.92291
-0.922911
-0.922926
-0.922888
-0.922922
-0.922874
-0.922932
-0.922912
-0.922933
-0.922879
-0.922884
-0.922884
-0.922887
-0.922914
-0.922895
-0.922936
-0.922885
-0.92289
-0.922847
-0.922918
-0.922852
-0.9228
-0.922849
-0.922815
-0.922884
-0.922811
-0.922842
-0.922832
-0.922812
-0.92281
-0.922801
-0.922835
-0.922791
-0.922817
-0.922844
-0.922799
-0.922822
-0.922831
-0.922854
-0.922801
-0.922763
-0.922876
-0.922887
-0.922809
-0.922845
-0.922761
-0.922884
-0.922904
-0.922895
-0.922827
-0.922813
-0.922839
-0.922843
-0.922811
-0.922872
-0.922821
-0.922887
-0.922812
-0.92286
-0.922824
-0.922821
-0.922845
-0.92292
-0.922834
-0.922865
-0.922838
-0.922849
-0.922987
-0.92309
-0.923148
-0.923155
-0.923019
-0.922921
-0.92287
-0.922805
-0.922717
-0.922768
-0.922793
-0.922849
-0.922818
-0.922814
-0.922785
-0.922805
-0.922815
-0.92279
-0.922717
-0.922737
-0.922759
-0.922801
-0.922845
-0.922885
-0.92298
-0.923043
-0.92304
-0.923028
-0.923017
-0.922979
-0.922993
-0.923015
-0.922987
-0.922979
-0.923004
-0.923031
-0.922932
-0.923041
-0.922975
-0.92306
-0.923025
-0.923039
-0.922998
-0.922972
-0.922998
-0.922973
-0.923062
-0.922966
-0.922859
-0.922793
-0.922777
-0.922735
-0.922728
-0.922775
-0.922722
-0.922682
-0.922505
-0.922112
-0.921656
-0.92104
-0.920193
-0.918875
-0.917202
-0.915021
-0.912761
-0.910388
-0.907957
-0.905593
-0.903051
-0.900592
-0.897981
-0.895204
-0.892399
-0.889423
-0.886508
-0.880848
-0.878064
-0.875462
-0.872443
-0.869296
-0.865754
-0.862111
-0.85823
-0.85442
-0.850714
-0.84711
-0.843792
-0.840637
-0.837958
-0.835171
-0.832856
-0.830518
-0.828481
-0.826891
-0.825633
-0.824796
-0.824441
-0.824283
-0.824234
-0.824235
-0.82436
-0.824596
-0.824821
-0.825021
-0.825227
-0.825312
-0.825413
-0.825446
-0.82541
-0.825345
-0.82524
-0.824981
-0.824793
-0.824633
-0.824536
-0.824467
-0.824408
-0.823621
-0.822958
-0.821932
-0.820583
-0.819014
-0.817057
-0.814757
-0.812136
-0.80919
-0.805803
-0.802095
-0.797893
-0.793573
-0.788987
-0.784379
-0.779511
-0.774691
-0.769631
-0.764291
-0.758768
-0.7531
-0.747409
-0.741876
-0.736421
-0.731371
-0.726576
-0.721952
-0.717434
-0.713272
-0.709377
-0.70572
-0.702496
-0.699569
-0.697197
-0.695159
-0.693388
-0.69173
-0.689002
-0.687588
-0.686445
-0.685237
-0.684054
-0.682921
-0.681674
-0.680416
-0.678973
-0.677324
-0.675503
-0.673529
-0.671175
-0.668598
-0.665964
-0.662926
-0.65993
-0.656603
-0.653159
-0.649525
-0.645818
-0.642047
-0.637991
-0.633927
-0.629995
-0.626013
-0.622184
-0.618416
-0.61463
-0.610871
-0.607192
-0.603598
-0.600186
-0.596962
-0.593846
-0.591026
-0.588395
-0.585826
-0.583196
-0.579367
-0.577856
-0.576616
-0.575673
-0.575055
-0.574748
-0.574275
-0.57376
-0.573196
-0.572828
-0.572681
-0.572533
-0.572355
-0.571945
-0.571542
-0.57108
-0.570719
-0.570425
-0.570268
-0.570321
-0.570314
-0.570316
-0.570264
-0.570207
-0.570075
-0.569905
-0.569461
-0.568745
-0.567677
-0.566258
-0.564459
-0.562199
-0.559796
-0.557058
-0.554331
-0.551428
-0.54857
-0.543141
-0.540686
-0.538776
-0.537355
-0.536139
-0.535395
-0.535001
-0.534815
-0.534893
-0.534892
-0.53513
-0.535578
-0.536463
-0.5367
-0.536639
-0.536189
-0.53539
-0.534497
-0.5333
-0.531512
-0.528753
-0.525249
-0.520989
-0.516605
-0.512005
-0.507095
-0.502511
-0.49829
-0.494108
-0.489651
-0.485098
-0.480394
-0.475555
-0.470852
-0.466573
-0.462296
-0.457903
-0.453699
-0.44938
-0.440472
-0.436075
-0.431767
-0.427664
-0.423849
-0.420481
-0.417507
-0.415048
-0.413175
-0.411591
-0.410253
-0.40921
-0.408255
-0.407433
-0.406838
-0.406428
-0.40615
-0.405896
-0.405641
-0.405195
-0.404414
-0.403538
-0.402631
-0.401766
-0.400879
-0.399831
-0.398675
-0.397383
-0.395915
-0.393981
-0.3919
-0.389459
-0.386734
-0.383562
-0.380025
-0.376274
-0.37223
-0.367671
-0.362946
-0.357945
-0.35264
-0.341302
-0.335511
-0.330162
-0.323907
-0.318191
-0.311943
-0.305751
-0.299048
-0.292053
-0.284437
-0.276797
-0.268917
-0.26092
-0.252819
-0.244952
-0.237034
-0.229492
-0.222143
-0.215056
-0.208035
-0.200957
-0.194001
-0.187103
-0.180309
-0.173612
-0.166934
-0.160522
-0.154049
-0.147613
-0.141295
-0.134963
-0.128782
-0.122581
-0.11637
-0.110174
-0.103966
-0.0976633
-0.0912488
-0.085047
-0.0786657
-0.0659686
-0.0595107
-0.0530324
-0.0464531
-0.0395828
-0.0326358
-0.0256607
-0.0184738
-0.0113328
-0.00409927
0.00317981
0.0105011
0.0178011
0.025314
0.0329949
0.0406548
0.0487629
0.0569357
0.0650575
0.073319
0.0816277
0.0899489
0.0987786
0.106859
0.116098
0.12563
0.136027
0.14558
0.15489
0.164049
0.173081
0.181121
0.190884
0.199833
0.207739
0.216636
0.226215
0.234797
0.243075
0.251168
0.265942
0.273482
0.281701
0.289108
0.296519
0.30385
0.310964
0.317714
0.324278
0.330847
0.33665
0.34375
0.35037
0.357194
0.363918
0.370883
0.377104
0.38482
0.39185
0.398017
0.405542
0.411863
0.419249
0.426952
0.434914
0.442993
0.451152
0.459474
0.468032
0.476709
0.485481
0.494266
0.503148
0.512129
0.521028
0.531051
0.540085
0.54811
0.556792
0.564983
0.572896
0.580211
0.588027
0.594982
0.601628
0.608237
0.614407
0.625864
0.631638
0.636528
0.64111
0.645567
0.649933
0.654308
0.658698
0.662455
0.666993
0.67116
0.674986
0.679347
0.683766
0.688347
0.69309
0.697853
0.7026
0.70768
0.713523
0.718752
0.724523
0.730508
0.737223
0.742756
0.74894
0.755084
0.761329
0.767643
0.773875
0.780254
0.786622
0.792905
0.798968
0.80533
0.810698
0.815947
0.820969
0.830435
0.835411
0.840173
0.844499
0.848411
0.852117
0.855745
0.859472
0.863301
0.867351
0.87146
0.875345
0.879103
0.882688
0.885937
0.889456
0.892998
0.896854
0.901214
0.904631
0.908652
0.912056
0.915267
0.918233
0.921366
0.924193
0.927295
0.930615
0.933924
0.937419
0.940641
0.943814
0.946649
0.949141
0.950849
0.951913
0.952397
0.952523
0.952608
0.952596
0.952617
0.952551
0.952611
0.952563
0.952501
0.952509
0.952474
0.95243
0.952409
0.952301
0.952276
0.952118
0.952113
0.951972
0.951928
0.951812
0.951739
0.95169
0.951693
0.951707
0.951695
0.951698
0.95167
0.951601
0.951626
0.951588
0.951655
0.951651
0.95162
0.951637
0.951611
0.951598
0.951601
0.951656
0.951622
0.951596
0.951592
0.951599
0.951623
0.951622
0.951627
0.951587
0.951601
0.951603
0.951556
0.951624
0.951583
0.951568
0.951625
0.951622
0.95161
0.951597
0.951554
0.951619
0.951584
0.95157
0.951587
0.95155
0.951621
0.95159
0.951603
0.951551
0.95154
0.951598
0.951582
0.951552
0.951553
0.951585
0.951579
0.95158
0.951615
0.951604
0.951593
0.951561
0.951563
0.951586
0.95156
0.951589
0.951611
0.951567
0.951512
0.951542
0.951561
0.95157
0.951549
0.951634
0.951612
0.951584
0.951566
0.95154
0.951585
0.951541
0.951581
0.951585
0.951529
0.951597
0.951539
0.951559
0.951592
0.951574
0.951569
0.951556
0.95157
0.951568
0.951593
0.95155
0.951565
0.951575
0.951593
0.951547
0.951571
0.95159
0.951522
0.951569
0.951599
0.951608
0.951502
0.951568
0.951572
0.951558
0.951562
0.951555
0.95159
0.951557
0.951558
0.951532
0.951586
0.951546
0.951595
0.95156
