0.148421
0.147966
0.147171
0.147106
0.150737
0.148128
0.148511
0.148661
0.148872
0.148222
0.145751
0.148275
0.15091
0.148635
0.14923
0.149348
0.149507
0.147919
0.145624
0.144812
0.147458
0.147602
0.142928
0.147194
0.145281
0.147991
0.146935
0.148215
0.148178
0.14752
0.150525
0.150406
0.150085
0.147742
0.149998
0.148805
0.146527
0.146771
0.146673
0.148135
0.148728
0.148459
0.147072
0.148118
0.146345
0.148152
0.148663
0.149059
0.148242
0.148935
0.147206
0.147714
0.150281
0.146786
0.146766
0.147944
0.147794
0.146887
0.149408
0.147943
0.14528
0.146614
0.148569
0.149644
0.14991
0.148489
0.148078
0.148857
0.149647
0.147226
0.14945
0.151145
0.146426
0.149688
0.145577
0.145614
0.150126
0.147189
0.149378
0.147373
0.147453
0.147909
0.146873
0.149761
0.149231
0.148905
0.148782
0.14876
0.14742
0.147978
0.150064
0.147582
0.14998
0.147385
0.148255
0.149845
0.150661
0.150622
0.148096
0.147164
0.15006
0.148773
0.148289
0.146411
0.147243
0.149178
0.149948
0.144922
0.148327
0.147278
0.148596
0.147779
0.150052
0.148882
0.149174
0.149915
0.147391
0.145965
0.148277
0.150749
0.150684
0.147319
0.148503
0.149223
0.149958
0.147796
0.147707
0.149086
0.148676
0.150925
0.148862
0.148259
0.148683
0.14817
0.149056
0.14944
0.146969
0.150189
0.149012
0.150368
0.150388
0.147906
0.14896
0.148396
0.14814
0.149728
0.149975
0.147634
0.151269
0.150515
0.148818
0.149243
0.147894
0.15003
0.149186
0.147557
0.146317
0.14752
0.146668
0.144304
0.142029
0.135098
0.125352
0.111863
0.09955
0.0873729
0.0847991
0.071679
0.0628079
0.0538242
0.0434004
0.0272184
0.015744
0.00283164
-0.00454973
-0.0135273
-0.0161569
-0.0230655
-0.0303716
-0.0329169
-0.0368633
-0.0419246
-0.0530877
-0.0326529
-0.0433292
-0.0502535
-0.0577812
-0.0645499
-0.0779568
-0.0896384
-0.111702
-0.129169
-0.121716
-0.114493
-0.107808
-0.0971458
-0.0850648
-0.088743
-0.094507
-0.108071
-0.123927
-0.131256
-0.132552
-0.125361
-0.111948
-0.102742
-0.109217
-0.115269
-0.129645
-0.14868
-0.144357
-0.141939
-0.131204
-0.116859
-0.11181
-0.110137
-0.109194
-0.123578
-0.1361
-0.139725
-0.139767
-0.129496
-0.119433
-0.108846
-0.108568
-0.110483
-0.11809
-0.125356
-0.125748
-0.129277
-0.121871
-0.0958918
-0.0857468
-0.0802114
-0.0780652
-0.0850971
-0.0908739
-0.0977841
-0.0991996
-0.0885814
-0.0787822
-0.0679151
-0.0599981
-0.0578853
-0.0669774
-0.0799622
-0.0898241
-0.0973948
-0.0944041
-0.0848038
-0.0702144
-0.058215
-0.0559836
-0.066086
-0.0787168
-0.0938408
-0.102285
-0.103914
-0.0985736
-0.0861926
-0.0784701
-0.0739921
-0.0798487
-0.0815382
-0.0892048
-0.100369
-0.106463
-0.108353
-0.106522
-0.106554
-0.104022
-0.0987757
-0.096945
-0.0978061
-0.100153
-0.108804
-0.119566
-0.118827
-0.122868
-0.119398
-0.104242
-0.0922892
-0.0958317
-0.0974077
-0.105749
-0.11429
-0.117669
-0.122803
-0.119931
-0.104255
-0.0964039
-0.0931912
-0.0861234
-0.0952502
-0.108347
-0.114848
-0.119032
-0.116198
-0.103979
-0.0977418
-0.0930806
-0.0987791
-0.10413
-0.109413
-0.110103
-0.109794
-0.105171
-0.0989134
-0.0972227
-0.0962618
-0.107709
-0.115044
-0.117223
-0.114803
-0.116776
-0.111413
-0.106518
-0.113477
-0.113744
-0.118356
-0.123333
-0.123326
-0.11573
-0.117268
-0.113066
-0.120018
-0.124552
-0.120262
-0.111491
-0.112943
-0.111439
-0.116788
-0.12725
-0.122091
-0.124896
-0.115695
-0.111014
-0.111944
-0.101489
-0.0872452
-0.092618
-0.109878
-0.110578
-0.110593
-0.10564
-0.101883
-0.0962321
-0.0987156
-0.0996828
-0.101013
-0.100571
-0.105784
-0.106313
-0.104461
-0.100011
-0.0876231
-0.0802793
-0.0754279
-0.0751167
-0.0814984
-0.0886858
-0.0936641
-0.0858893
-0.0714139
-0.0617774
-0.0563594
-0.0534056
-0.0606832
-0.0653601
-0.0657032
-0.0667128
-0.0586438
-0.0463881
-0.0411852
-0.0371124
-0.0342037
-0.039718
-0.0492181
-0.0586438
-0.0666102
-0.0674338
-0.0657437
-0.0663671
-0.0627081
-0.0792037
-0.0837109
-0.0933787
-0.100521
-0.106056
-0.113741
-0.117284
-0.114473
-0.114162
-0.109111
-0.10711
-0.108726
-0.11756
-0.124809
-0.127215
-0.125438
-0.1164
-0.104903
-0.104173
-0.0959308
-0.0991647
-0.0999834
-0.10312
-0.108582
-0.107414
-0.10086
-0.0898457
-0.0795879
-0.0741328
-0.0739193
-0.0729875
-0.0692864
-0.0708878
-0.072966
-0.0718259
-0.0721022
-0.0658446
-0.0534742
-0.045112
-0.0426607
-0.0360845
-0.0425534
-0.0449271
-0.0443675
-0.0416209
-0.0368369
-0.0240813
-0.0231545
-0.0205278
-0.0300895
-0.0391701
-0.0388104
-0.0354724
-0.0262697
-0.0170455
-0.016175
-0.0175599
-0.0174033
-0.0280789
-0.0372692
-0.0316615
-0.0294248
-0.0282109
-0.0146401
-0.0142758
-0.0182244
-0.020137
-0.0159541
-0.0132767
-0.0122678
-0.0233376
-0.0243979
-0.0322372
-0.0381091
-0.0419394
-0.0351837
-0.0349972
-0.0334316
-0.0337896
-0.0470023
-0.0519645
-0.0471575
-0.0527028
-0.0541415
-0.0612617
-0.0574111
-0.0510661
-0.0474861
-0.0461124
-0.0493288
-0.0451681
-0.0457377
-0.0442734
-0.0159673
0.00950104
0.0339461
0.0433922
0.0258364
0.015528
0.0203818
0.0220323
0.0223455
0.0265785
0.0306092
0.0336162
0.0339032
0.039968
0.0417947
0.0478818
0.0514414
0.0559218
0.0609076
0.0630822
0.067846
0.0678229
0.0708802
0.0766384
0.0803273
0.0845938
0.0915449
0.096218
0.109579
0.117262
0.122389
0.12432
0.132911
0.138572
0.14301
0.152493
0.1615
0.167372
0.172349
0.177206
0.183689
0.188183
0.191298
0.198882
0.201837
0.204581
0.210116
0.211703
0.220148
0.224199
0.228523
0.233609
0.242683
0.250175
0.256477
0.265671
0.270073
0.277334
0.286337
0.29451
0.298199
0.311203
0.311662
0.319724
0.333775
0.3297
0.32557
0.318894
0.309619
0.298767
0.290349
0.281965
0.271455
0.259014
0.251494
0.247105
0.242314
0.238356
0.231952
0.230019
0.224349
0.22074
0.218699
0.213805
0.214171
0.211356
0.210841
0.211671
0.215614
0.21928
0.227022
0.235433
0.240294
0.246869
0.250794
0.257925
0.259652
0.261778
0.266192
0.266211
0.261389
0.252286
0.245542
0.241894
0.238704
0.23188
0.222594
0.222524
0.213221
0.211325
0.206979
0.205578
0.20549
0.20705
0.206016
0.204976
0.202495
0.204462
0.204324
0.205991
0.206456
0.205296
0.207764
0.202933
0.204694
0.203173
0.205426
0.207175
0.206575
0.205054
0.204765
0.202393
0.20807
0.206522
0.204797
0.208216
0.205688
0.205127
0.204276
0.204853
0.205984
0.203173
0.207326
0.204642
0.204943
0.204988
0.203455
0.207337
0.204046
0.206847
0.205617
0.203511
0.209473
0.207563
0.20591
0.205903
0.20647
0.20658
0.20936
0.208537
0.211009
0.213145
0.212716
0.210609
0.212611
0.214259
0.209551
0.208373
0.208899
0.203818
0.205685
0.205083
0.203844
0.201238
0.203095
0.201268
0.200787
0.203056
0.203877
0.206799
0.213111
0.241244
0.248495
0.249357
0.247252
0.243489
0.239874
0.234794
0.225521
0.22182
0.216443
0.20978
0.206942
0.200641
0.199182
0.197219
0.198573
0.197879
0.201261
0.206412
0.214897
0.224768
0.23065
0.239297
0.240225
0.245807
0.243999
0.242719
0.236101
0.231887
0.230272
0.227661
0.225516
0.221427
0.216265
0.218909
0.219908
0.218229
0.217816
0.218022
0.222524
0.221344
0.225468
0.228112
0.232251
0.231303
0.235223
0.234917
0.236919
0.23367
0.236
0.233595
0.235106
0.236813
0.236443
0.235634
0.239835
0.237273
0.238602
0.239159
0.235303
0.232393
0.233055
0.234474
0.231247
0.232468
0.231285
0.225185
0.222003
0.216007
0.209561
0.207251
0.196184
0.195415
0.189199
0.186638
0.187341
0.185303
0.182385
0.182752
0.180409
0.173484
0.161629
0.155524
0.145126
0.146444
0.142928
0.134638
0.11695
0.0858226
0.0486643
0.0255825
-0.00444918
-0.0373847
-0.0643829
-0.0747451
-0.0774766
-0.0755562
-0.0591231
-0.0373715
-0.026776
-0.0179771
-0.0169664
-0.0251103
-0.0246486
-0.0208394
-0.0218189
-0.0210027
-0.0240896
-0.0286727
-0.0217265
-0.0137664
-0.00723169
-0.00345026
-0.00611076
-0.0137614
-0.0191576
-0.0205855
-0.0144027
-0.0124195
-0.00953952
-0.00581734
-0.00985767
-0.0108797
-0.0167009
-0.0228709
-0.0181403
-0.01496
-0.0180925
-0.0148116
-0.0120485
-0.00831306
-0.00654594
-0.00157112
-0.00424478
-0.00768006
-0.00376345
-0.00548766
-0.00704376
-0.00895925
-0.00630198
-0.00568547
-0.00616021
-0.0083757
-0.00704047
-0.003714
-0.00196013
-0.00194365
0.000136579
0.00275747
-0.00254036
-0.00395796
-0.00419862
-0.00740972
-0.00332828
-0.00275794
-0.00791743
-0.00569866
-0.00546129
-0.00230629
-0.00431071
-0.00779545
-0.00455797
-0.0100472
-0.0121639
-0.0086988
-0.00684595
0.00026515
0.00398055
0.00611355
0.0136668
0.0135217
0.01978
0.0247101
0.0284206
0.0306735
0.0326001
0.0295124
0.0340484
0.0363942
0.03357
0.0372818
0.0331873
0.0359422
0.035566
0.0353945
0.0384928
0.0344707
0.0353978
0.0357079
0.0345169
0.0367572
0.0343255
0.0349986
0.0378428
0.0350843
0.0328211
0.0364371
0.0375656
0.0382223
0.0346455
0.0366879
0.036546
0.037097
0.0376184
0.0398987
0.0380639
0.0331411
0.0338504
0.0331774
0.034055
0.0340055
0.0335502
0.0332434
0.0354176
0.0361006
0.0382421
0.0371003
0.0379484
0.0420868
0.0398095
0.0401396
0.0448396
0.0452588
0.0447802
0.0478702
0.045546
0.0437206
0.0401429
0.0402023
0.0366714
0.036942
0.037427
0.036414
0.0377801
0.037724
0.0382157
0.0349194
0.0369057
0.0352757
0.0356419
0.0356947
0.0373412
0.0386149
0.0349194
0.0381431
0.0372884
0.036942
0.0409481
0.0398888
0.0389878
0.0405455
0.0398821
0.0435159
0.0425059
0.0440276
0.0450905
0.0432255
0.04277
0.0424927
0.0431958
0.0404597
0.0404102
0.0320656
0.0212639
0.00976644
-0.00216783
-0.00864605
-0.0150885
-0.0142774
-0.0138125
-0.0078449
-0.00395796
-0.00118211
-0.00819437
-0.010766
-0.00574811
-0.00150848
0.00288604
0.0104654
0.0179499
0.0216101
0.0318545
0.0364635
0.0481938
0.0663185
0.0746067
0.0930366
0.112939
0.124441
0.137094
0.152898
0.170066
0.180404
0.19419
0.201986
0.206175
0.204396
0.198436
0.186936
0.183913
0.182436
0.181154
0.178077
0.178302
0.169522
0.16543
0.155283
0.148695
0.13441
0.115984
0.0975297
0.0696218
0.0500065
0.0285064
0.0144581
0.0112665
0.0107786
0.0169475
0.0169475
0.0191501
0.0191304
0.0133437
0.0100335
0.00804878
0.00982908
0.0140295
0.0251949
0.0311947
0.0354506
0.0414003
0.0416478
0.0406082
0.0393706
0.0284866
0.00546409
-0.00723828
-0.0163844
-0.0281383
-0.0199194
-0.00535579
0.0110687
0.0172871
0.0210528
0.0244397
0.0310529
0.0320755
0.0386743
0.0397039
0.0458927
0.0457375
0.0452952
0.0452489
0.0456979
0.0467147
0.0495244
0.0460544
0.0474014
0.0500032
0.0507924
0.0528862
0.055129
0.0557169
0.0590174
0.0612314
0.0691886
0.0734157
0.0796536
0.0826565
0.089288
0.0918465
0.0914024
0.0941572
0.100167
0.101478
0.11252
0.118677
0.126622
0.131633
0.143696
0.144742
0.155053
0.162929
0.17384
0.181877
0.190221
0.194531
0.196201
0.19879
0.199739
0.205238
0.206828
0.205046
0.206422
0.208134
0.210145
0.213329
0.218649
0.221949
0.223569
0.230498
0.233511
0.236772
0.242118
0.245991
0.25326
0.260236
0.269804
0.274783
0.281986
0.28475
0.294179
0.300887
0.30956
0.313566
0.318692
0.320719
0.323004
0.326744
0.327645
0.33587
0.335371
0.333809
0.333155
0.330859
0.324884
0.323937
0.327401
0.321583
0.322076
0.323352
0.326905
0.326725
0.325698
0.329333
0.335782
0.334775
0.339953
0.339523
0.341365
0.341055
0.341708
0.34607
0.345796
0.352689
0.356816
0.362079
0.365002
0.372286
0.382924
0.39435
0.404698
0.405498
0.422938
0.42733
0.431449
0.434507
0.438296
0.442791
0.448461
0.452515
0.454778
0.464709
0.459271
0.458665
0.461289
0.467733
0.461748
0.460284
0.455247
0.456672
0.456782
0.45242
0.458395
0.461006
0.468126
0.478114
0.490997
0.497508
0.491858
0.482797
0.47756
0.480234
0.491256
0.504646
0.519361
0.526392
0.531322
0.531299
0.545105
0.547357
0.551448
0.549533
0.550982
0.549392
0.549922
0.554891
0.546558
0.545888
0.547247
0.546075
0.547637
0.551477
0.550017
0.54437
0.546303
0.554069
0.559995
0.563746
0.568905
0.570412
0.573004
0.565912
0.576487
0.578688
0.585214
0.584831
0.583661
0.591769
0.587366
0.589892
0.589371
0.585283
0.581781
0.581885
0.578052
0.571114
0.558262
0.559638
0.556986
0.549634
0.548688
0.546753
0.541973
0.540752
0.538075
0.537885
0.537981
0.533958
0.526562
0.528768
0.521832
0.509924
0.500967
0.491402
0.490111
0.486494
0.478661
0.477747
0.467579
0.465475
0.466319
0.465627
0.470321
0.478713
0.492957
0.500136
0.509568
0.522817
0.542915
0.558713
0.56444
0.561575
0.573774
0.582133
0.583925
0.590501
0.602216
0.611923
0.618009
0.624709
0.626747
0.629105
0.635322
0.63379
0.63783
0.639186
0.645918
0.643604
0.65213
0.654411
0.662073
0.650837
0.66326
0.668305
0.672024
0.681437
0.687394
0.70041
0.709111
0.734165
0.728868
0.756986
0.75826
0.788892
0.795827
0.816114
0.828159
0.837063
0.850298
0.856621
0.863746
0.867288
0.875479
0.886422
0.89059
0.887778
0.883556
0.876951
0.867738
0.865036
0.870012
0.871658
0.886494
0.900024
0.930369
0.916637
0.959602
0.963372
0.992811
1.00571
1.02313
1.03434
1.04266
1.03411
1.02365
1.0159
0.998914
1.00827
1.01835
1.02432
1.02023
1.00641
0.993703
0.980759
0.977101
0.968148
0.972237
0.966761
0.972786
0.974315
0.990618
0.992251
0.998156
0.999149
1.00274
1.0077
1.01125
1.0088
1.01956
1.01762
1.01451
1.02499
1.02582
1.02264
1.03566
1.04266
1.05378
1.05368
1.03955
1.02388
1.02993
1.03293
1.04489
1.05112
1.0436
1.02544
1.00138
0.993518
0.993673
1.0113
1.03399
1.04325
1.03979
1.01757
1.00261
0.984707
0.982379
0.998527
1.0084
1.0222
1.02225
1.01532
1.00137
0.996873
1.00643
1.01289
1.0271
1.02181
1.01144
1.0116
0.994461
1.00199
1.0173
1.03237
1.03679
1.03307
1.02022
1.01319
1.00908
1.01012
1.01993
1.02144
1.02247
1.0223
1.01576
1.01169
1.01519
1.01763
1.01925
1.0269
1.02764
1.02331
1.02025
1.01828
1.02355
1.03058
1.02323
1.03206
1.04094
1.0447
1.0428
1.03334
1.02998
1.01263
1.02315
1.0312
1.04947
1.0567
1.05506
1.04547
1.03428
1.02056
1.02035
1.02878
1.04118
1.04564
1.04252
1.03787
1.0369
1.02525
1.01148
1.02081
1.02362
1.0273
1.02661
1.02294
1.01413
1.00634
1.00729
1.00867
1.02275
1.01548
1.00996
0.99901
0.997003
1.00325
1.01735
1.02709
1.02782
1.02194
1.01894
1.01071
1.01987
1.03402
1.03821
1.03169
1.0275
1.02469
1.0295
1.0406
1.04397
1.03979
1.03853
1.03142
1.03033
1.03333
1.04095
1.04529
1.04026
1.02986
1.01854
0.994679
0.991897
0.992631
0.978846
0.964339
0.941156
0.917758
0.899822
0.868938
0.842708
0.815686
0.773387
0.734044
0.681489
0.62973
0.580925
0.535973
0.496073
0.459491
0.431469
0.406412
0.386039
0.367177
0.332841
0.317074
0.304214
0.289659
0.281853
0.271989
0.270306
0.263926
0.263742
0.25637
0.255279
0.250638
0.250056
0.242611
0.240166
0.235978
0.229955
0.224936
0.222388
0.218467
0.215465
0.211074
0.203066
0.199945
0.19594
0.186946
0.181952
0.178568
0.174618
0.171171
0.171716
0.167893
0.166853
0.166658
0.166545
0.168667
0.165201
0.16854
0.171673
0.172028
0.174343
0.181974
0.180591
0.189228
0.193152
0.197319
0.204013
0.211469
0.222626
0.236892
0.257676
0.279185
0.298082
0.31522
0.329495
0.34026
0.361303
0.376125
0.391595
0.398853
0.410663
0.42799
0.449607
0.464015
0.483361
0.501681
0.505055
0.528684
0.552236
0.572424
0.596677
0.610831
0.630982
0.663626
0.673303
0.684317
0.695614
0.705587
0.726576
0.734622
0.744251
0.748638
0.754652
0.759945
0.768705
0.793259
0.80378
0.819847
0.817938
0.821418
0.827933
0.830943
0.826148
0.828106
0.833516
0.831832
0.842846
0.852393
0.8627
0.859263
0.870983
0.894443
0.896562
0.919252
0.934352
0.950006
0.967843
0.970668
0.974093
0.979825
0.99121
1.00733
1.02228
1.01533
1.01003
0.996007
0.991296
0.992509
1.00224
0.998788
0.996786
1.00831
1.01962
1.03295
1.02574
1.01446
1.00928
0.997578
1.00284
1.02538
1.03658
1.02953
1.02175
1.01161
1.01618
1.02349
1.03706
1.04811
1.05555
1.05682
1.06134
1.05923
1.04431
1.02895
1.02424
1.04962
1.06525
1.06332
1.05916
1.06058
1.05643
1.04696
1.03651
1.02945
1.03196
1.03805
1.04377
1.03551
1.01841
1.00214
0.991082
0.984983
0.982538
0.97464
0.984535
0.974379
0.982997
0.978132
0.979215
0.965843
0.965106
0.959005
0.950998
0.941018
0.921126
0.909062
0.917105
0.912206
0.92343
0.945095
0.97411
1.00412
1.02792
1.03255
1.01523
0.99313
0.981388
0.988844
0.98145
0.989731
0.986539
0.995888
0.990784
0.989236
0.966802
0.937983
0.924702
0.908809
0.910177
0.907261
0.919717
0.93258
0.955812
0.976885
0.989736
1.00954
1.01642
1.02415
1.02596
1.00365
0.998781
1.00212
1.00872
1.02219
1.01518
0.997792
0.990424
0.98649
0.98528
0.993997
0.980047
0.972819
0.962459
0.96165
0.970001
0.978673
0.972035
0.969348
0.974026
0.971764
0.97971
0.984535
0.996257
0.997958
1.01803
1.02019
1.01901
1.01417
1.00845
1.00777
1.02333
1.03187
1.03157
1.02991
1.02443
1.03122
1.03813
1.04008
1.02489
1.01629
1.02445
1.03075
1.03061
1.03542
1.03812
1.03371
1.03738
1.04375
1.04035
1.03205
1.00645
0.989744
0.991434
1.00078
1.01089
1.00945
0.992163
0.969427
0.955347
0.939015
0.922443
0.914058
0.903755
0.894498
0.897239
0.907943
0.920816
0.941642
0.951702
0.971305
0.984895
0.999652
1.00887
1.0154
1.01286
1.00199
1.00134
1.00104
1.00785
1.00394
1.00402
1.00467
1.00307
0.996985
0.979929
0.963476
0.944286
0.924989
0.912309
0.897988
0.873159
0.862103
0.839677
0.827853
0.81525
0.806287
0.792828
0.778691
0.767087
0.753503
0.740513
0.725597
0.705106
0.697219
0.674327
0.65146
0.625294
0.59561
0.559243
0.527521
0.491532
0.462811
0.43454
0.405757
0.379807
0.360267
0.340215
0.320401
0.29831
0.283582
0.271191
0.262982
0.258644
0.254983
0.253637
0.253856
0.254236
0.253021
0.252634
0.244467
0.232677
0.215448
0.206145
0.194166
0.181383
0.173158
0.169066
0.159609
0.150587
0.143239
0.13558
0.132446
0.123502
0.124015
0.116715
0.117836
0.108124
0.0987571
0.0854748
0.0750666
0.0606895
0.0487485
0.0406181
0.0329432
0.0259403
0.0153945
0.0167925
0.0145075
0.0158231
-0.000163422
0.000950866
-0.0205228
-0.0294149
-0.037459
-0.0440208
-0.0512791
-0.0615064
-0.0635727
-0.0696321
-0.0682724
-0.0744704
-0.0786655
-0.0801791
-0.083807
-0.0786423
-0.0734741
-0.0729445
-0.0691491
-0.0734509
-0.0811762
-0.0876488
-0.091194
-0.0886999
-0.0877715
-0.0844201
-0.0832238
-0.0599659
-0.0358634
-0.0125365
0.00584157
0.0102132
0.0070383
0.00206186
-0.000240895
-0.00217442
-0.0019453
0.00260087
0.00267834
0.00226296
0.00225472
0.00138933
0.00331626
0.00512452
-0.000100785
-0.00656737
-0.0181156
-0.0293374
-0.0370926
-0.0401603
-0.0315576
0.0150351
0.0301837
0.0239912
0.0216827
0.0240489
0.0226423
0.0244793
0.0242566
0.0228732
0.021221
0.0213101
0.0237554
0.0229309
0.0220125
0.0239549
0.0225286
0.0243144
0.0203735
0.0217008
0.0221213
0.0241857
0.0202746
0.0217585
0.023696
0.0232772
0.0244611
0.0240588
0.0245304
0.0258463
0.0227314
0.023856
0.0235888
0.0177883
0.0218624
0.0203504
0.0217437
0.0234948
0.0223406
0.0220009
0.0215607
0.0233233
0.0249525
0.0244496
0.0254241
0.0288676
0.0285377
0.0277115
0.0275432
0.0261233
0.0251751
0.0263658
0.0270683
0.0271244
0.0260178
0.0255923
0.0283794
0.026877
0.0261959
0.0240423
0.0287026
0.0272464
0.028701
0.0264581
0.0287389
0.0282887
0.0248866
0.0256187
0.0282738
0.0274905
0.0285278
0.027972
0.0256666
0.0268275
0.0266461
0.0267632
0.0256303
0.0291182
0.0281666
0.0259436
0.0270617
0.0299412
0.0293524
0.0263394
0.0271326
0.0277049
0.0270205
0.026214
0.0278154
0.0299082
0.0284552
0.0287142
0.0263113
0.0267038
0.0267863
0.0260805
0.0261613
0.0279259
0.0293409
0.0249707
0.0250993
0.0240934
0.0277576
0.0246755
0.0229606
0.0259436
0.0250251
0.0256583
0.0224577
0.0256187
0.0260442
0.0237834
0.0246178
0.0233019
0.0225566
0.024626
0.0268011
0.0247992
0.0240044
0.023912
0.025472
0.0233382
0.024908
0.0227231
0.0258397
0.0252691
0.0241775
0.0274756
0.0251191
0.0241693
0.028414
0.0270699
0.024847
0.0238609
0.0245518
0.0242484
0.0250548
0.0252131
0.0236004
0.0268588
0.0227446
0.0267302
0.025284
0.0221328
0.0250102
0.0300979
0.0234701
0.0267681
0.0236383
0.0265257
0.0283118
0.0311881
0.0322735
0.0337498
0.0288164
0.0245386
0.0261217
0.0234322
0.021099
0.0243754
0.0256055
0.0241231
0.0249674
0.0273289
0.0219679
0.025965
0.0246639
0.0265257
0.0210248
0.0239879
0.0226258
0.0250465
0.0255462
0.0266131
0.0307428
0.0301144
0.0297796
0.0309176
0.0283316
0.0264037
0.0294844
0.0289616
0.0304261
0.0287884
0.0298456
0.030253
0.0276554
0.0276076
0.0301161
0.0315576
0.0312508
0.0296262
0.0280215
0.0272035
0.0296625
0.0283316
0.0306422
0.0281798
0.0244298
0.0228402
0.0231716
0.0204774
0.0238378
0.0226588
0.0232937
0.0219844
0.0159286
0.00614817
-0.00471951
-0.0196127
-0.0332567
-0.0408716
-0.0416588
-0.0412495
-0.0385002
-0.0360449
-0.0348224
-0.0367857
-0.04462
-0.0479649
-0.0471492
-0.0502767
-0.0480028
-0.0446894
-0.0367412
-0.0347696
-0.040898
-0.0399359
-0.0489292
-0.051801
-0.0646855
-0.0670766
-0.0669608
-0.0579366
-0.0464459
-0.0452391
-0.0374623
-0.0420962
-0.0431806
-0.04462
-0.0332831
-0.0266226
-0.0207158
-0.009284
-0.00549591
-0.00348817
-0.00264256
-0.0054547
-0.00560965
-0.00317498
-0.000929908
0.00530914
0.0127518
0.0179186
0.0225005
0.0230282
0.0266873
0.0263377
0.0280429
0.0240967
0.0225846
0.0149807
0.0117825
0.00726743
0.00387011
0.00176186
0.00180307
-0.0173472
-0.0292599
-0.0280905
-0.0284088
-0.0303947
-0.0345848
-0.0436577
-0.0548866
-0.0609526
-0.0671494
-0.0727161
-0.0699249
-0.0678837
-0.0700639
-0.0681864
-0.0773475
-0.078432
-0.0844881
-0.087498
-0.0872692
-0.0760479
-0.0734344
-0.06902
-0.0688513
-0.0729975
-0.0688199
-0.0673296
-0.063333
-0.0601279
-0.0525459
-0.0446729
-0.0339925
-0.0288475
-0.0204734
-0.0185047
-0.0207998
-0.0235355
-0.0219871
-0.0236575
-0.0192928
-0.0138702
-0.0168592
-0.0226631
-0.0249487
-0.0273236
-0.0306372
-0.0321465
-0.0399045
-0.0407049
-0.0450674
-0.0483314
-0.0478014
-0.0539466
-0.0553904
-0.0610551
-0.0596056
-0.0683005
-0.0655585
-0.0622502
-0.0637397
-0.06008
-0.0538822
-0.0583232
-0.0543348
-0.0579828
-0.0593528
-0.0583943
-0.0561769
-0.0501594
-0.0491917
-0.0470469
-0.0447835
-0.0453299
-0.038921
-0.0373649
-0.0324632
-0.0212599
-0.0101511
-0.0057613
-0.0060712
-0.01419
-0.0124409
-0.0139675
-0.0113364
-0.00556019
-0.00259311
-0.00162387
-0.00642231
-0.00973898
-0.0182046
-0.0178402
-0.0130393
-0.00549591
0.00363275
0.000690426
0.00618443
0.00706632
0.0030756
0.00331296
0.00360143
-0.000789798
-0.00593933
-0.0166812
-0.0280031
-0.0364805
-0.0383484
-0.0396339
-0.0433457
-0.0481713
-0.0506383
-0.0499348
-0.0466424
-0.0413403
-0.0330373
-0.0274324
-0.0215369
-0.0104857
-0.00718553
0.000446469
-0.00204255
-0.00681793
-0.00484644
-0.00487116
0.00181131
0.0131524
0.0160325
0.0175839
0.0162798
0.0180191
0.00742403
-0.0161997
-0.0442123
-0.0681963
-0.09382
-0.0927035
-0.0870007
-0.07672
-0.0600386
-0.0536113
-0.0578622
-0.0696255
-0.0733334
-0.0796757
-0.0787416
-0.0778458
-0.0739623
-0.0650558
-0.0600238
-0.0613411
-0.0656329
-0.0664697
-0.0708886
-0.0698116
-0.063252
-0.0601684
-0.0572616
-0.0511965
-0.0392378
-0.030864
-0.0211239
-0.0122744
-0.0127665
-0.0152905
-0.0171824
-0.0157406
-0.010935
-0.00411043
-0.00155134
-0.00498161
-0.0118318
-0.0162451
-0.0160472
-0.0171288
-0.0153968
-0.0128176
-0.0148998
-0.0185863
-0.0230292
-0.0241753
-0.0281754
-0.030666
-0.0398533
-0.0469883
-0.0484833
-0.052204
-0.0547478
-0.0676794
-0.0706388
-0.075591
-0.0804541
-0.0796492
-0.0784601
-0.0801493
-0.0883451
-0.0889511
-0.0689092
-0.077619
-0.0820368
-0.0937644
-0.0967226
-0.112277
-0.111414
-0.119278
-0.122465
-0.116386
-0.114849
-0.113918
-0.107616
-0.100394
-0.0951251
-0.0919205
-0.0984424
-0.101631
-0.10273
-0.0968997
-0.0891513
-0.0880326
-0.0867993
-0.0963939
-0.0942382
-0.0953699
-0.0938839
-0.0889358
-0.0793055
-0.0773251
-0.0793577
-0.0854161
-0.0923439
-0.0942286
-0.0950737
-0.0950832
-0.0869443
-0.0822298
-0.0872149
-0.0963783
-0.103395
-0.103839
-0.104031
-0.106258
-0.104826
-0.10132
-0.102269
-0.0995126
-0.102522
-0.107279
-0.107929
-0.116998
-0.123824
-0.117208
-0.112516
-0.109209
-0.106891
-0.11282
-0.123358
-0.128623
-0.137083
-0.134396
-0.139085
-0.136836
-0.132722
-0.124116
-0.121235
-0.120651
-0.118328
-0.120098
-0.128298
-0.129771
-0.127202
-0.12644
-0.117331
-0.106642
-0.101508
-0.0927317
-0.108839
-0.115769
-0.109225
-0.10161
-0.090422
-0.0845047
-0.0850407
-0.0797502
-0.0800607
-0.0831898
-0.0911476
-0.0931415
-0.0998364
-0.104721
-0.101195
-0.0950313
-0.0880343
-0.0837018
-0.0895572
-0.097702
-0.107788
-0.112911
-0.114188
-0.113484
-0.111612
-0.117931
-0.115972
-0.115179
-0.120976
-0.118193
-0.117998
-0.121503
-0.120563
-0.122395
-0.121204
-0.123948
-0.12443
-0.114692
-0.0928478
-0.0761803
-0.0742966
-0.0754006
-0.0890116
-0.1
-0.0987629
-0.0908905
-0.0710929
-0.0605014
-0.0633562
-0.0683104
-0.0673925
-0.0684328
-0.0609708
-0.0572706
-0.0585959
-0.0577631
-0.0603593
-0.0631528
-0.063538
-0.0648888
-0.0716224
-0.0751623
-0.0754884
-0.0696338
-0.0677183
-0.0741261
-0.0810868
-0.0882357
-0.0866675
-0.085847
-0.0797568
-0.0760942
-0.0814214
-0.081269
-0.0873372
-0.0906401
-0.0936591
-0.0886419
-0.083252
-0.0712187
-0.062399
-0.0636571
-0.0676869
-0.0745879
-0.0787416
-0.0733963
-0.0635132
-0.0524732
-0.0434002
-0.0434414
-0.0470568
-0.0568311
-0.0659719
-0.0660116
-0.0691954
-0.0652625
-0.0490002
-0.0415318
-0.038954
-0.0387147
-0.0513666
-0.0653683
-0.0726235
-0.0689572
-0.0515896
-0.0465152
-0.0279981
-0.0273945
-0.0340981
-0.0511371
-0.0542853
-0.055288
-0.0508481
-0.0476809
-0.0453299
-0.0433441
-0.0417496
-0.0319733
-0.0235157
-0.00296893
0.0211567
0.0323658
0.0378312
0.0377784
0.036061
0.0381414
0.0382404
0.0375326
0.038742
0.040062
0.0407699
0.0404844
0.040892
0.0423904
0.0465562
0.0458877
0.0501716
0.0505118
0.0533321
0.0562851
0.0604548
0.0625088
0.0602384
0.0607374
0.0624295
0.0619535
0.0609109
0.06236
0.0635119
0.062798
0.0654639
0.0630839
0.0641135
0.0643416
0.0634392
0.064968
0.064606
0.0639317
0.0636821
0.0635747
0.0647779
0.0649631
0.065449
0.0641912
0.0642325
0.0633582
0.0643499
0.064249
0.0643598
0.0649961
0.0638887
0.0658259
0.0649945
0.0631136
0.064254
0.0648639
0.0657565
0.0653945
0.0617701
0.0647862
0.0650292
0.0635532
0.0659119
0.0629781
0.0630508
0.0638887
0.0678692
0.0655135
0.0662623
0.0664607
0.0670856
0.0638507
0.0652193
0.0636491
0.0655102
0.0645102
0.063426
0.0657003
0.0652127
0.0672624
0.0649928
0.0644143
0.0676311
0.0642094
0.0647531
0.0672872
0.0653234
0.0656672
0.0671665
0.0659995
0.0625203
0.0644424
0.065816
0.0652176
0.0664408
0.0662524
0.0669004
0.0642623
0.0651069
0.0684148
0.0667681
0.0660127
0.0650126
0.0647829
0.0647317
0.0644308
0.0654573
0.0644523
0.0653697
0.0659515
0.0682709
0.0645184
0.0644226
0.0662309
0.0659019
0.064654
0.0647383
0.065849
0.0651201
0.0643813
0.0665846
0.066745
0.0648374
0.0648242
0.0678973
0.0648556
0.0662722
0.0651003
0.0667615
0.066945
0.0664574
0.0663747
0.0654474
0.0669549
0.0668525
