-0.0146337
-0.00710177
0.00367564
0.0026781
-0.0153429
0.0126443
-0.00635478
-0.00504832
0.017496
-0.00345473
-0.00401226
-0.00972078
0.00543562
0.00966113
-0.0081955
-0.013903
-0.0148236
5.72065e-06
-0.00525529
0.0221693
-0.00531255
0.00250436
0.018989
0.0110824
0.0170499
-0.00130395
0.0128492
0.0144023
0.0013317
-0.0117996
-0.026043
0.00535606
-0.0223223
0.0023847
-0.0138121
-0.0119465
0.0201674
0.0132583
0.00606182
-0.00240139
0.00966474
-0.00194383
0.0188256
0.00663128
0.00466551
0.00833195
-0.000682909
-0.00304023
-0.00231339
-0.00202748
0.00680329
-0.0259486
-0.0144604
0.0118527
0.0135604
0.00129873
-3.22086e-05
-0.00897735
-0.00207318
0.000400022
0.0341778
0.016285
0.0102268
0.000636577
-0.0079595
0.0196317
0.00810847
0.00639046
-0.00677049
-0.00364268
-0.0105052
-0.00574916
-0.00232758
-0.00932218
0.0113395
-0.0143292
-0.0108439
0.0025879
-0.0072672
0.00727686
0.00960243
0.00917312
-0.00414209
0.0135584
0.00869682
-0.014671
0.0242466
0.00584656
0.00905573
0.00279085
0.0158564
0.00637163
-0.00352877
-0.00747245
-0.00415833
-0.00213462
-0.000466519
-0.0141959
0.0166251
-0.000565344
0.00180038
-0.00754852
0.0118664
-0.00847314
0.0109343
-0.0191004
-0.0134657
0.00663731
-0.000764241
0.0159371
-0.00568797
0.00872252
-0.0202676
-0.00346739
-0.0282917
-0.0116798
-0.0144261
-0.0163191
0.00816349
-0.00140314
-0.0038851
0.0130696
0.011493
-0.011307
-0.00907413
0.00011819
-0.00274849
0.00275346
0.00792925
0.00117275
0.00182894
0.00795678
-0.00177654
-0.000927681
0.00970973
0.0155006
0.00878662
0.00449733
-0.00399911
0.0088127
-0.00451053
0.00967938
0.014635
0.0120025
0.00255996
-0.00452336
-0.0116867
-0.01394
0.00107578
-0.0128621
0.000557612
-0.0179989
0.0140027
-0.0019355
-0.0190163
0.00481987
0.0156433
0.00625432
-0.00371142
0.0252938
0.0239514
0.0294285
0.0453195
0.0511504
0.0764278
0.115665
0.0957917
0.0487809
0.0576471
0.0557394
0.0340236
0.0863122
0.0601039
0.0682049
0.0480722
0.111432
0.0862564
0.116803
0.159266
0.206883
0.212987
0.262862
0.271458
0.307152
0.282944
0.281375
0.372543
0.351042
0.441815
0.477107
0.626449
0.725759
0.739817
0.775061
0.836265
0.795568
0.738645
0.737601
0.730004
0.727092
0.771659
0.742076
0.779667
0.810032
0.823063
0.810954
0.855635
0.789266
0.806551
0.847879
0.867393
0.899814
0.917612
0.903555
0.879637
0.831681
0.828943
0.855998
0.837623
0.862619
0.895277
0.887477
0.88617
0.842241
0.82892
0.799114
0.805897
0.82624
0.797654
0.791679
0.784563
0.746038
0.737052
0.655191
0.634884
0.620652
0.602943
0.584728
0.59952
0.565968
0.570498
0.578714
0.534526
0.497998
0.466052
0.462642
0.484426
0.533908
0.5642
0.591069
0.597534
0.54451
0.520204
0.470741
0.465818
0.512621
0.580564
0.596421
0.6689
0.653739
0.648536
0.616165
0.628199
0.595793
0.604507
0.606896
0.653779
0.686145
0.705663
0.722038
0.739998
0.726667
0.742042
0.719205
0.695435
0.747403
0.755981
0.733181
0.781365
0.807712
0.806905
0.78126
0.777815
0.762203
0.731934
0.765719
0.756593
0.774464
0.804258
0.791134
0.74886
0.754554
0.736139
0.716594
0.733389
0.727593
0.732365
0.751637
0.729206
0.756181
0.732402
0.71708
0.709537
0.743361
0.744938
0.775962
0.719431
0.702415
0.730114
0.751344
0.765265
0.789053
0.775901
0.791992
0.80867
0.81584
0.806732
0.840156
0.785256
0.819694
0.822291
0.799041
0.830543
0.833362
0.8682
0.854053
0.877699
0.82332
0.828324
0.852108
0.812327
0.824925
0.867925
0.822859
0.86912
0.862894
0.881328
0.888426
0.777614
0.741382
0.802043
0.723155
0.726421
0.786429
0.793153
0.753257
0.740985
0.726549
0.744511
0.742407
0.722491
0.743211
0.778176
0.743979
0.713285
0.73664
0.722544
0.687709
0.678971
0.65995
0.633789
0.643671
0.611889
0.581197
0.575078
0.544078
0.506565
0.479122
0.448015
0.432439
0.480188
0.480068
0.398343
0.390858
0.35906
0.303064
0.320184
0.315434
0.35539
0.382852
0.398399
0.436878
0.468094
0.435639
0.522641
0.507767
0.599649
0.633497
0.661909
0.732384
0.753357
0.755585
0.796352
0.823078
0.807923
0.821269
0.848866
0.822812
0.898452
0.910571
0.902815
0.859062
0.882467
0.828079
0.796389
0.765854
0.75456
0.779088
0.777799
0.774323
0.738995
0.693645
0.638475
0.621708
0.602373
0.530887
0.523342
0.523368
0.482017
0.481257
0.481415
0.415228
0.384014
0.327735
0.305158
0.300931
0.323438
0.27326
0.297299
0.248394
0.265283
0.224296
0.224047
0.22009
0.206391
0.234658
0.231455
0.210059
0.195527
0.180508
0.16041
0.154023
0.180626
0.176732
0.185332
0.217457
0.197057
0.173623
0.173919
0.153653
0.145586
0.132083
0.129065
0.121398
0.155698
0.148466
0.171048
0.250258
0.23682
0.249241
0.263689
0.270142
0.286495
0.315548
0.318546
0.303405
0.344549
0.352458
0.371276
0.380474
0.388177
0.379872
0.33215
0.32749
0.329548
0.31898
0.339347
0.183548
0.116996
0.0732756
0.0553971
0.0600888
0.00887511
-0.0174538
-0.0106326
0.00527679
-0.00655212
-0.00660879
-0.0189991
-0.0240574
-0.029919
-0.0288826
-0.011833
-0.0210393
-0.020468
-0.00528103
0.00376354
0.00222677
-0.040289
-0.0067738
-0.0197356
-0.0252265
-0.0148274
-0.0495701
-0.0174759
-0.0284988
-0.0431595
-0.0481609
-0.058793
-0.0542215
-0.0695736
-0.0305513
-0.0402126
-0.0380096
-0.0725072
-0.0484464
-0.0352963
-0.0371319
-0.0457618
-0.0637283
-0.0576129
-0.0597918
-0.0521631
-0.0579857
-0.0856084
-0.0738185
-0.0781143
-0.0432978
-0.0608949
-0.0992248
-0.092933
-0.0837609
-0.0813001
-0.107521
-0.102324
-0.102322
-0.114335
-0.108128
-0.115471
-0.0869161
-0.0874531
-0.143871
-0.101605
-0.0461068
-0.066206
-0.064949
-0.0404429
-0.0414839
-0.0262242
-0.0429512
-0.0333141
-0.0128928
-0.0148813
-0.0242407
-0.0424417
0.00674231
-0.0224774
-0.0215565
-0.00762119
-0.00334058
-0.0148506
-0.030402
-0.0368769
-0.0214973
-0.0160455
-0.024402
-0.0453592
-0.0383538
-0.0513908
-0.0593429
-0.0399007
-0.0318601
-0.0607108
-0.0439865
-0.0467293
-0.0614929
-0.0449864
-0.0497248
-0.0202173
-0.0119858
-0.012357
-0.0186574
-0.00673699
-0.000338863
-0.0270319
0.0123673
-0.0183078
-0.00408866
-0.0162337
-0.0109825
-0.023465
0.00496073
-0.000179823
-0.0191722
-0.0192609
-0.00409024
-0.00116309
-0.0062258
-0.0224061
-0.0167296
0.0105256
0.0076986
0.0176233
0.00854389
-0.00711355
-0.0254466
-0.00885557
-0.00682447
0.00902458
0.00961884
-0.00710911
0.00715863
-0.00629265
0.0110615
0.0173466
-0.0151167
-0.00294203
0.00513848
0.0279657
0.00210513
-0.00132057
0.00122933
0.0107412
-0.00794744
-0.0185882
-0.0102554
-0.00155322
-0.0109987
0.00883313
-0.0122014
-0.00398193
0.00402574
-0.0127826
-0.0186313
0.0160091
-0.0210065
0.0214159
-0.00244868
-0.00563926
-0.00949733
0.0128603
0.00210503
-0.00671387
-0.00256928
0.0031525
-0.020328
-0.00349216
0.0118918
0.0103274
-0.0108147
0.00154686
0.00626402
-0.0012173
0.00760679
-0.0162165
-0.0131343
-0.0159526
-0.0258368
-0.0248392
-0.0545774
-0.0406387
-0.0296486
-0.0154738
-0.0240101
-0.0184637
-0.029133
-0.0255768
-0.023693
-0.00622899
-0.0189917
-0.0131679
0.005666
0.00648896
-0.000422493
0.0026976
0.0108436
-0.0359836
-0.0414522
-0.0304157
-0.0499102
-0.0771936
-0.0794932
-0.0682737
-0.0469873
-0.0337227
-0.0471946
-0.0316135
-0.0234627
0.00218952
0.00303404
-0.013063
0.0084493
-0.00814106
-0.00226375
-0.00741959
-0.0177273
0.000758644
-0.0182526
-0.00676701
-0.0171225
-0.00916008
-0.00894335
-0.00287062
-0.00186476
0.00361404
-0.0177151
0.00554334
-0.00948401
0.0190555
0.0097147
-0.00584754
0.0142508
0.0101436
-0.0177223
0.0100067
-0.00550617
-0.00634446
-0.0141248
0.00398323
0.000776498
-0.00664883
-0.0108585
-0.0130812
-0.0150778
-0.00203762
-0.0269581
-0.0189015
-0.00348628
0.00623395
0.00804769
-0.000229408
0.017623
-0.00430617
-0.00681122
0.0102835
0.0209202
0.0133415
0.0176606
0.0373918
0.0423839
0.0228133
0.0346084
0.001381
0.00763157
0.0628309
0.10616
0.12347
0.150553
0.240747
0.161179
0.210883
0.288399
0.31217
0.390878
0.416777
0.44977
0.391119
0.338386
0.279434
0.24925
0.219163
0.214925
0.150321
0.185539
0.186513
0.190668
0.18026
0.216477
0.158838
0.142576
0.124152
0.105345
0.0804884
0.105618
0.0967713
0.115051
0.12967
0.103115
0.108298
0.0908248
0.0822593
0.101237
0.11797
0.129283
0.153193
0.147511
0.142025
0.1296
0.102091
0.123495
0.0695226
0.0599914
0.0423306
0.0403247
0.0351977
0.0322324
0.0378984
0.0286213
0.0417059
0.0247103
0.0207319
0.0203864
0.0140005
0.0176788
0.0334646
0.046615
0.0290666
0.0453306
0.0328798
-0.003927
0.0154699
0.0239505
0.0104373
0.000755379
-0.00085128
-0.00613822
-0.00717048
0.0036951
0.0102862
0.00160744
0.00872761
0.0147769
0.0383538
0.0464676
0.0248097
0.00376346
0.00208777
-0.00571846
0.0204371
0.0236176
0.0138782
-0.00452741
-0.0144885
0.00964683
0.0109564
-0.00610417
-0.0254939
0.000463162
-0.000104471
0.0104167
-0.00674968
0.0061687
0.00767789
0.00721129
0.00731731
-0.0122691
0.00682928
0.00638904
-0.00823018
-0.00187135
0.0224577
0.000998312
0.00832709
0.00645206
-0.00409494
0.00222648
0.0116536
0.00453372
0.0131916
-0.0229189
0.00549996
0.000913578
0.000548178
0.000680517
-0.00366499
-0.00654894
0.0203571
-0.0136216
-0.0087186
0.0219262
0.000896272
-0.00260487
-0.00881083
-0.00111251
0.0127041
-0.00228123
-0.00175931
-0.00526654
-0.00312275
-0.00908096
0.00715303
-0.000613147
-0.0045158
0.00331211
0.0301602
0.0222818
0.0104606
0.00964363
0.0137355
0.00801583
-0.00544011
0.010979
-0.0141964
-0.0199559
0.00364314
0.000499879
0.00243045
0.0132346
0.00127173
0.00333478
-0.00247491
0.0115451
-0.00838362
-0.0139633
0.00158751
-0.00855194
-0.00261897
-0.00131658
0.00748973
0.000559242
-0.00715268
0.00297963
-0.0104525
-0.00720859
-0.00245666
-0.0149419
0.00639627
0.0133632
0.0120695
0.00919126
0.0271442
0.0751162
0.042568
0.0702836
0.0413693
0.055559
0.0357194
0.0654378
0.10077
0.0892877
0.0540418
0.0627296
0.0407364
0.0350629
0.0238262
-0.00369369
-0.0151686
-0.0134578
0.00318782
-0.0283501
-0.0203412
-0.0401307
-0.0696536
-0.14442
-0.0862342
-0.0861344
-0.0504637
-0.0665134
-0.0847129
-0.100462
-0.073707
-0.105532
-0.0802883
-0.144259
-0.0290303
-0.0276252
0.00405975
0.00803647
0.0128251
0.00212017
0.00218252
0.0117643
0.0413773
0.0445922
0.0243181
0.0445185
0.0356704
0.139639
0.129171
0.139769
0.244639
0.100696
0.0890604
0.0348776
0.0301982
0.0263676
0.0192699
0.00657921
0.0250071
0.0223125
0.0548245
0.0239901
0.0200017
0.0172731
-0.0235599
-0.0041381
0.0215466
0.00189789
0.0104889
0.00220897
0.00270734
0.0586692
0.0502039
0.0737988
0.0650466
0.0781354
0.0715202
0.106557
0.0909622
0.0334992
0.00728395
0.00667242
0.0177307
0.010765
-0.00377623
0.00801595
-0.0176551
0.00580331
0.00562535
0.0247096
0.00766065
0.00326069
0.000326621
0.00555246
0.0306136
-0.00175939
-0.0154073
-0.0227678
-0.0163129
-0.0145275
-0.0249725
0.00317336
-0.0271676
-0.0124721
-0.0188539
-0.0326748
-0.019468
-0.0269019
-0.0416042
-0.00952103
-0.0247348
-0.0120958
-0.014506
-0.0265755
-0.0337942
-0.0265936
-0.0350987
-0.0371371
-0.0366828
-0.0434703
-0.0861598
-0.0670122
-0.0525624
-0.0747052
-0.113909
-0.0450071
-0.0640999
-0.0645361
-0.0238972
-0.0550922
-0.0361991
-0.0480285
-0.0416126
-0.042457
-0.0446273
-0.0641092
-0.0527556
-0.0695774
-0.0734415
-0.0941602
-0.0624837
-0.063893
-0.0694836
-0.0717493
-0.0980348
-0.107802
-0.0826059
-0.0793231
-0.0658335
-0.091402
-0.11031
-0.0937058
-0.114123
-0.10617
-0.0739755
-0.0907299
-0.111043
-0.111429
-0.078846
-0.0829843
-0.108027
-0.0774506
-0.0646305
-0.0918502
-0.113695
-0.0681925
-0.072675
-0.0784896
-0.0747926
-0.074022
-0.0629549
-0.0671892
-0.080332
-0.0759667
-0.0843763
-0.0919992
-0.0834145
-0.0802271
-0.0726442
-0.0866501
-0.0968318
-0.117387
-0.130853
-0.10878
-0.135563
-0.117855
-0.146985
-0.154735
-0.137799
-0.121402
-0.145548
-0.143932
-0.159371
-0.144027
-0.145584
-0.152632
-0.15404
-0.167455
-0.160365
-0.149685
-0.120471
-0.156745
-0.140264
-0.139266
-0.0997546
-0.130894
-0.141312
-0.147124
-0.137036
-0.153043
-0.180485
-0.159481
-0.162677
-0.199809
-0.192539
-0.151766
-0.10087
-0.125527
-0.172726
-0.150973
-0.18409
-0.21009
-0.222357
-0.197364
-0.185521
-0.189495
-0.19901
-0.187885
-0.191627
-0.166774
-0.15925
-0.176858
-0.157221
-0.185854
-0.135649
-0.170966
-0.174345
-0.193153
-0.172534
-0.199232
-0.17028
-0.169168
-0.196163
-0.204161
-0.185601
-0.182199
-0.179432
-0.147523
-0.190299
-0.116198
-0.23361
-0.229486
-0.189539
-0.187656
-0.209114
-0.201039
-0.17868
-0.203877
-0.165061
-0.188296
-0.161311
-0.187756
-0.154383
-0.145813
-0.144169
-0.170122
-0.150835
-0.139117
-0.167868
-0.160345
-0.162978
-0.144046
-0.154526
-0.127566
-0.154281
-0.138226
-0.135562
-0.12916
-0.123162
-0.0996691
-0.11054
-0.124084
-0.129145
-0.127249
-0.123704
-0.106009
-0.0872558
-0.113852
-0.109638
-0.105756
-0.122154
-0.135065
-0.152408
-0.164297
-0.159118
-0.191907
-0.206623
-0.201751
-0.150536
-0.207365
-0.221587
-0.174436
-0.161099
-0.209652
-0.175171
-0.254663
-0.199157
-0.243673
-0.198427
-0.21745
-0.234823
-0.19659
-0.221532
-0.247835
-0.244556
-0.240873
-0.243634
-0.234509
-0.202384
-0.243347
-0.19562
-0.261894
-0.20223
-0.299494
-0.201954
-0.272521
-0.218762
-0.272866
-0.233655
-0.293338
-0.2707
-0.297887
-0.319294
-0.298604
-0.253272
-0.327785
-0.296573
-0.32471
-0.345039
-0.326598
-0.289794
-0.324154
-0.313933
-0.295267
-0.280215
-0.282208
-0.289163
-0.266038
-0.304199
-0.29291
-0.329674
-0.311621
-0.321312
-0.275039
-0.340062
-0.373122
-0.30977
-0.397368
-0.281542
-0.419336
-0.477111
-0.482373
-0.481583
-0.543478
-0.483626
-0.432232
-0.387599
-0.432966
-0.446303
-0.39711
-0.34953
-0.310621
-0.301971
-0.26708
-0.277311
-0.271529
-0.298085
-0.245036
-0.293132
-0.275713
-0.286455
-0.291665
-0.284094
-0.30633
-0.303796
-0.345268
-0.36329
-0.383753
-0.381243
-0.4346
-0.466917
-0.50505
-0.498116
-0.529152
-0.58943
-0.6071
-0.607282
-0.596532
-0.573817
-0.545706
-0.579607
-0.571301
-0.585656
-0.590305
-0.552736
-0.482969
-0.438608
-0.387946
-0.397382
-0.458576
-0.499559
-0.47951
-0.439275
-0.431674
-0.358638
-0.345116
-0.36404
-0.303858
-0.379929
-0.370942
-0.391452
-0.336191
-0.359716
-0.34476
-0.384849
-0.412218
-0.381942
-0.427059
-0.406709
-0.371362
-0.357532
-0.386047
-0.421475
-0.477673
-0.468553
-0.487845
-0.473368
-0.437811
-0.454701
-0.446697
-0.4689
-0.452608
-0.452612
-0.430456
-0.471373
-0.494141
-0.456427
-0.479839
-0.503072
-0.540284
-0.490372
-0.505087
-0.473541
-0.471137
-0.46431
-0.53963
-0.546964
-0.554862
-0.582361
-0.597505
-0.560532
-0.553731
-0.530668
-0.527997
-0.550838
-0.562376
-0.563245
-0.59634
-0.588113
-0.567143
-0.544516
-0.516527
-0.524039
-0.563994
-0.596914
-0.570636
-0.594754
-0.593715
-0.570267
-0.533148
-0.512229
-0.474509
-0.473975
-0.468585
-0.460113
-0.466766
-0.450766
-0.417968
-0.418512
-0.450568
-0.408021
-0.412533
-0.415137
-0.390728
-0.33761
-0.403695
-0.448266
-0.444655
-0.45144
-0.486874
-0.49739
-0.481773
-0.489216
-0.547302
-0.541199
-0.555716
-0.580803
-0.558678
-0.554092
-0.586882
-0.59254
-0.56005
-0.576322
-0.579434
-0.562485
-0.599285
-0.567031
-0.583203
-0.562279
-0.489406
-0.404037
-0.369222
-0.297416
-0.282898
-0.235315
-0.237681
-0.182831
-0.205361
-0.185725
-0.184741
-0.118349
-0.0869181
-0.0531813
-0.0139534
0.0028646
0.00438435
0.012745
0.0159194
-0.010627
-0.00752851
-0.00320831
-0.0211591
-0.00416047
0.00402838
0.00757441
0.0181774
0.00093608
0.00432059
-0.00877988
0.00111356
-0.0108945
0.000668745
-0.000717957
0.00646705
-0.0115084
0.0135171
0.0122211
0.00812309
0.000188026
-0.00208407
-0.000696149
-0.00868442
0.0115501
-0.0184486
0.00897165
0.0111352
-0.00253703
0.0471423
0.0285076
0.0248751
0.0164011
0.0113662
0.00403185
-0.00363026
-0.00879977
0.00174389
-0.000756459
-0.017876
-0.00732799
-0.00685039
-0.0336444
-0.00851955
-0.00511302
-0.0411993
-0.0152303
-0.0388425
-0.0458911
-0.0370435
-0.0599966
-0.0558906
-0.066752
-0.106976
-0.114965
-0.128313
-0.143491
-0.12763
-0.120939
-0.129466
-0.134898
-0.148497
-0.170087
-0.169509
-0.147388
-0.197075
-0.208565
-0.198846
-0.201314
-0.220746
-0.170968
-0.250963
-0.235313
-0.226888
-0.254402
-0.223501
-0.284671
-0.264763
-0.240621
-0.241388
-0.224908
-0.266728
-0.28469
-0.278355
-0.29054
-0.266423
-0.284048
-0.273233
-0.278353
-0.313766
-0.306496
-0.298999
-0.281237
-0.288973
-0.283678
-0.275312
-0.247958
-0.288912
-0.246783
-0.267559
-0.277925
-0.283072
-0.252008
-0.257467
-0.333159
-0.311839
-0.326252
-0.307476
-0.317425
-0.332684
-0.345808
-0.350897
-0.306875
-0.360715
-0.33145
-0.344103
-0.405149
-0.407429
-0.423331
-0.400359
-0.400233
-0.368689
-0.341194
-0.32483
-0.314291
-0.361048
-0.349173
-0.402473
-0.443289
-0.459682
-0.464721
-0.439316
-0.438416
-0.410201
-0.459647
-0.488678
-0.54652
-0.55797
-0.535805
-0.49331
-0.52515
-0.547852
-0.580307
-0.6121
-0.652151
-0.668884
-0.672882
-0.668863
-0.639766
-0.651896
-0.663679
-0.673193
-0.702262
-0.739195
-0.709271
-0.692642
-0.681064
-0.625075
-0.627535
-0.628528
-0.610303
-0.600082
-0.549488
-0.515971
-0.462775
-0.38427
-0.346386
-0.289043
-0.320903
-0.264332
-0.293072
-0.290497
-0.301498
-0.276648
-0.292998
-0.271953
-0.256484
-0.276224
-0.236828
-0.243524
-0.262063
-0.271539
-0.299207
-0.336501
-0.355485
-0.368101
-0.346781
-0.402244
-0.418666
-0.418611
-0.330203
-0.343692
-0.321754
-0.319795
-0.288199
-0.276025
-0.280351
-0.277252
-0.199766
-0.211
-0.242927
-0.232544
-0.248946
-0.249004
-0.314217
-0.306841
-0.337628
-0.32934
-0.332476
-0.353355
-0.325694
-0.39377
-0.435444
-0.422019
-0.420161
-0.418287
-0.364723
-0.368177
-0.400924
-0.375943
-0.370457
-0.338929
-0.29405
-0.302644
-0.267923
-0.298802
-0.285549
-0.310104
-0.312199
-0.333368
-0.333933
-0.300906
-0.312867
-0.325201
-0.333961
-0.338779
-0.391278
-0.358499
-0.370218
-0.404727
-0.399684
-0.468943
-0.447718
-0.422111
-0.406708
-0.459349
-0.46851
-0.500775
-0.474576
-0.50797
-0.518369
-0.540301
-0.544164
-0.541838
-0.527792
-0.51922
-0.518448
-0.511835
-0.530937
-0.552239
-0.536287
-0.558785
-0.557098
-0.515541
-0.506524
-0.453205
-0.387612
-0.328073
-0.351423
-0.329064
-0.329499
-0.277189
-0.254269
-0.23856
-0.252565
-0.232675
-0.258242
-0.243678
-0.257349
-0.291054
-0.291748
-0.320358
-0.316637
-0.338445
-0.302963
-0.307575
-0.321911
-0.303705
-0.382194
-0.366635
-0.367041
-0.334092
-0.344523
-0.359137
-0.333182
-0.333625
-0.324721
-0.286352
-0.268619
-0.250858
-0.252577
-0.215547
-0.250276
-0.24149
-0.211751
-0.212754
-0.207368
-0.194372
-0.181004
-0.184336
-0.172496
-0.152233
-0.162286
-0.164528
-0.162063
-0.15729
-0.106676
-0.127449
-0.107346
-0.0886803
-0.0754481
-0.0573578
-0.0370995
-0.01715
-0.00694371
0.00189155
0.00695041
0.00923736
0.0405194
0.0248836
0.000566311
0.0388327
0.048314
0.0360982
0.0211645
0.0105307
0.000121139
-0.0155396
-0.0267579
-0.0285889
-0.0156456
-0.0136252
-0.00792558
0.0245264
0.0173683
0.0672887
0.0414919
0.0427976
0.0343809
0.0474473
0.026281
0.0263378
0.0552066
-0.000372828
0.0266217
0.0293557
0.0347839
0.0809667
0.106841
0.0670821
0.0393297
0.0365256
0.0491505
0.0457595
0.0662295
0.0753199
0.0559793
0.0440307
0.0556979
0.0647503
-0.0106533
0.0606358
0.0409787
0.0688844
0.0415512
0.0787247
0.131076
0.154687
0.253942
0.238827
0.338617
0.398183
0.447988
0.431625
0.486899
0.501232
0.515668
0.515652
0.52926
0.552347
0.582772
0.535243
0.538112
0.540352
0.539088
0.601467
0.590358
0.593983
0.605449
0.620865
0.476392
0.461528
0.333516
0.213724
0.144318
0.0744277
0.0406394
0.0432523
0.0150702
0.00249989
-0.00955439
0.00170958
0.0176105
0.0237735
0.0109453
0.00112896
-0.0194201
0.0151552
0.0373994
0.0485838
0.0887841
0.115393
0.142229
0.149574
0.0954389
0.00610644
0.0253082
-0.00754444
-0.0124788
0.013943
-0.00873536
0.00720615
0.00868176
0.0137202
-0.0169118
-0.0188339
0.00764955
0.0175112
-0.00401681
0.00746005
0.00360028
0.0187481
0.00446962
-0.0100134
0.00404193
0.0285281
0.00630494
0.00163302
0.00416837
0.00575355
-0.0105907
-0.0139218
-0.00483141
0.0141255
-0.0102064
-0.00905124
0.00814785
0.00681066
0.0116825
0.00455538
-0.00200317
-0.0073007
0.0166865
-0.000347625
0.0145367
0.0106805
0.00905404
-0.00812608
-0.00829954
-0.0120847
0.00442811
-0.000309378
-0.0144148
-0.00203461
0.0108836
0.00498056
0.0001396
0.0111998
0.0191116
-0.0114997
0.0313058
-0.0111114
0.00699766
-0.0235226
-0.000709373
-0.0216755
0.00599927
-0.0107943
-0.01635
-0.012557
0.0227748
-0.00411584
-0.00341971
-0.0059674
-0.000471251
-0.00207625
-0.0138802
0.000308879
0.00329745
0.0211141
-0.0216797
-0.00850214
-0.00788574
-0.00868378
0.004807
-0.0224745
-0.00234235
-0.00828777
-0.0144083
-0.000114509
0.00397946
-0.0027116
-0.00590288
0.0187775
-0.00663408
0.0116841
0.01224
0.00833323
0.0137586
0.0124697
0.0081508
-0.00666984
0.00185169
0.0106125
0.0168308
-0.00701291
0.00044107
0.0126544
0.00597554
0.0107656
-0.0013025
-0.00883392
0.00463009
-0.00219737
0.000500391
0.0183614
0.00713656
0.00225466
0.000986841
0.0174007
-0.00150609
-0.00254374
0.00144787
-0.00435377
-0.0162525
0.013836
0.0245453
-0.002661
-0.0249015
0.000441887
-0.000183008
0.00882982
-0.0145426
-0.0227413
-0.0254373
-0.00338267
0.00419612
0.00076848
-0.0130603
-0.00657896
-0.012328
0.00535787
-0.0162218
0.00624123
-0.00805239
0.00181919
0.00657036
-0.0137561
-0.00903877
0.00570401
0.00352718
0.00744912
0.0120274
-0.0252117
0.0031853
0.0187392
-0.0136532
0.0199286
0.0395062
-0.00213163
-0.0177953
0.0145641
0.00943114
0.00038865
0.00869598
-0.0155615
-0.00472793
0.0177748
-0.00569094
-0.00125476
-0.00112711
0.0184046
-0.00107818
0.00153839
-0.0176148
-0.00821295
0.0104232
0.000929909
-0.012671
0.0119457
-0.0218379
-0.0131058
0.00838009
-0.00202756
-0.00750367
0.00502077
-0.0036311
-0.0127323
-0.016753
0.006104
0.0128448
0.00834425
-0.0218721
-0.00686537
-0.00327823
0.00878526
0.0105971
0.00890304
-0.00354108
-0.027717
-0.00771592
-0.00286339
0.02633
-0.0137764
0.00592743
0.00450209
-0.0165247
-0.00226781
-0.00660356
0.0240066
0.0457564
0.0422483
0.0581143
0.12875
0.14549
0.180781
0.2277
0.232238
0.263045
0.254403
0.234809
0.273739
0.236523
0.257213
0.267143
0.294596
0.281721
0.301261
0.284369
0.269791
0.22985
0.280116
0.292379
0.350266
0.376307
0.394585
0.403652
0.357654
0.337572
0.329132
0.313249
0.259387
0.258562
0.239209
0.24293
0.207667
0.172972
0.125129
0.0695889
0.0314511
0.00937833
-0.0129905
-0.0113903
-0.0230684
-0.0196259
-0.0178179
-0.011804
-0.0164974
-0.014154
-0.00466663
-0.000672129
-0.0218589
0.00903616
0.0110007
0.0239503
0.0303686
0.0148437
-0.00880111
0.0186
0.0132877
0.0604393
0.0740772
0.105394
0.150265
0.160138
0.192222
0.228089
0.291102
0.276443
0.358096
0.387057
0.428927
0.442517
0.464518
0.445394
0.480644
0.52151
0.524163
0.528862
0.550177
0.562768
0.542862
0.538254
0.522633
0.502383
0.485244
0.450006
0.430447
0.387939
0.378168
0.337892
0.28474
0.286162
0.24751
0.193916
0.166443
0.145352
0.13186
0.131617
0.137207
0.133037
0.119182
0.123652
0.151846
0.148393
0.169487
0.186485
0.182966
0.199618
0.243869
0.250794
0.27815
0.301035
0.314158
0.318858
0.362402
0.363531
0.414604
0.371035
0.396103
0.421329
0.381868
0.374426
0.405389
0.364489
0.369602
0.372711
0.360987
0.353443
0.322692
0.318842
0.311351
0.318379
0.252156
0.237621
0.218118
0.17842
0.142396
0.115001
0.0875747
0.0462704
0.0224348
0.0128841
0.0415095
0.0536368
0.0245003
0.018951
0.0171811
0.0161608
0.0248355
0.0406727
0.066599
0.0366572
0.0235686
0.0184736
-0.00720761
-0.0164752
-0.019762
-1.29063e-05
0.00332385
0.0261752
0.0200378
0.0379456
0.0961597
0.135015
0.175532
0.185612
0.228043
0.267464
0.288457
0.286697
0.267763
0.274591
0.231638
0.243926
0.164295
0.113269
0.11783
0.0695584
0.0214914
0.0189366
-0.00266654
-0.00457436
-0.0166957
-0.0478512
-0.116691
0.00106528
0.013314
0.0685215
0.0340509
0.115735
0.15155
0.192571
0.331611
0.374242
0.453871
0.450527
0.45466
0.480037
0.466562
0.437062
0.449145
0.45661
0.457931
0.463514
0.51442
0.473532
0.410369
0.414923
0.456451
0.442645
0.404291
0.470845
0.426531
0.388855
0.408406
0.374162
0.315326
0.259491
0.220796
0.180482
0.160172
0.124575
0.0926068
0.0825671
0.0765626
0.0535029
0.0388651
0.0322075
0.0287794
0.0206224
0.0445722
0.0888553
0.08753
0.101471
0.086053
0.0897305
0.112049
0.123325
0.132395
0.160297
0.198081
0.231236
0.263539
0.278562
0.336372
0.37875
0.403415
0.415767
0.479558
0.491089
0.517164
0.546456
0.620427
0.578475
0.591131
0.587768
0.544905
0.60811
0.606589
0.67375
0.744368
0.779093
0.771312
0.796395
0.799333
0.785853
0.778008
0.783854
0.735221
0.702268
0.710058
0.699109
0.694265
0.713077
0.676136
0.653776
0.666147
0.679858
0.621948
0.642854
0.644483
0.65299
0.65119
0.623106
0.621821
0.622555
0.605418
0.612757
0.623796
0.643036
0.623879
0.643254
0.623545
0.646417
0.666603
0.64122
0.68215
0.712586
0.714398
0.726738
0.742314
0.723812
0.742627
0.745401
0.705561
0.740608
0.788186
0.782315
0.820375
0.838075
0.793793
0.833525
0.846832
0.824261
0.893138
0.901801
0.963041
0.951635
0.994228
0.942229
0.929939
0.903874
0.901838
0.898456
0.917684
0.902851
0.886238
0.878951
0.87386
0.829035
0.832017
0.789725
0.750646
0.783671
0.761002
0.748466
0.733204
0.723568
0.706082
0.642405
0.636728
0.654725
0.637262
0.666819
0.669717
0.681509
0.657471
0.681737
0.693136
0.698307
0.716365
0.701131
0.675221
0.68397
0.739257
0.784421
0.789997
0.833176
0.800016
0.827656
0.874322
0.876731
0.838552
0.930397
0.892249
0.909749
0.874044
0.933907
0.884107
0.886321
0.840314
0.794183
0.785568
0.726263
0.684167
0.703555
0.659421
0.680688
0.629795
0.583028
0.511505
0.471857
0.428835
0.444766
0.436069
0.428298
0.448778
0.435625
0.404213
0.383857
0.428264
0.454422
0.420106
0.435601
0.481764
0.498056
0.464832
0.485889
0.542275
0.578202
0.615356
0.623556
0.616198
0.621458
0.644416
0.610697
0.61108
0.648179
0.615186
0.606323
0.623682
0.595389
0.578413
0.554403
0.504131
0.49525
0.513143
0.497602
0.470392
0.447501
0.423901
0.376064
0.372546
0.37303
0.375571
0.370497
0.421347
0.43945
0.356134
0.378429
0.357254
0.328534
0.342122
0.35265
0.37432
0.415406
0.382293
0.395867
0.350636
0.309849
0.29639
0.292528
0.310816
0.307264
0.343235
0.311131
0.349039
0.322476
0.305264
0.256029
0.230707
0.141236
0.0946124
0.0402065
0.0105332
-0.00748807
-0.00682817
0.0099659
-0.00371919
0.0130446
0.00900835
0.00314714
-0.00381759
0.000359083
-0.0187408
0.00474543
-0.0201062
0.00953582
-0.0197222
0.0139067
0.0112401
0.00530868
0.00700672
-0.0225006
0.00863826
-0.00190365
0.0174045
0.0235073
0.00706899
0.0148068
-0.0263991
-0.00374705
-0.0189997
0.00675596
0.016578
-0.00453376
0.00162063
-0.00371165
-0.00926139
0.00701136
0.0134395
-0.00518847
-0.00985021
-0.0124878
0.00194321
0.00281101
-0.00151146
0.0213476
-0.0139534
-0.00864393
0.00422534
-0.0137015
0.0087527
-0.0118445
-0.00624512
0.0103821
0.0126534
-0.00492231
0.00533222
-0.015804
0.0165104
0.00516563
-0.0140482
-0.00346057
-0.0154273
0.015713
-0.00076966
-0.000919841
-0.00104963
-0.0098291
0.00715727
0.00782273
-0.00606564
-0.0170535
0.00169045
0.0122303
-0.000857282
0.0102608
0.0205625
0.00128494
-0.00543891
0.00395586
0.00224326
-0.00670416
0.0120577
0.0109383
0.000834706
-0.0167838
-0.0103459
-0.0105749
0.00779943
-0.00857607
0.00967849
0.0196445
-0.00444238
0.0157141
-0.0125894
-0.00112471
-0.0160939
0.00430701
0.00452335
-0.0189508
0.00739133
-0.0115863
-0.00836022
0.0185232
-0.00082823
-0.0069056
0.000377962
-0.00099483
0.00871955
0.00272843
-0.00124794
0.00332642
0.000457309
0.00675462
-0.0113319
0.0170251
0.00946799
-0.0202409
0.00302964
0.00807849
0.00405065
-0.0344994
0.0060661
0.00610406
0.00760814
0.00656514
0.0111973
-0.00239313
0.000550142
0.00954128
-0.0128495
0.00111956
0.00894559
0.00502563
-0.00508349
