-0.904738
-0.904726
-0.904726
-0.904682
-0.904703
-0.904745
-0.90477
-0.90473
-0.904714
-0.904743
-0.90476
-0.904769
-0.904721
-0.904756
-0.904762
-0.90472
-0.904671
-0.904761
-0.904672
-0.90474
-0.904738
-0.9047
-0.904697
-0.904666
-0.904772
-0.904691
-0.90473
-0.904744
-0.904759
-0.904705
-0.90471
-0.90473
-0.904735
-0.904731
-0.904751
-0.904753
-0.904734
-0.904751
-0.90472
-0.90473
-0.904702
-0.904695
-0.90473
-0.904709
-0.904691
-0.904758
-0.904759
-0.904735
-0.904731
-0.904772
-0.904723
-0.904732
-0.904746
-0.904731
-0.904814
-0.904729
-0.904732
-0.904688
-0.904755
-0.904738
-0.904713
-0.904711
-0.90474
-0.904746
-0.904727
-0.90477
-0.904742
-0.904734
-0.904736
-0.904704
-0.904723
-0.904731
-0.904663
-0.904764
-0.904742
-0.904701
-0.90473
-0.904771
-0.90474
-0.904741
-0.904741
-0.904735
-0.904701
-0.904785
-0.90476
-0.90474
-0.904757
-0.904758
-0.904776
-0.904717
-0.904725
-0.90474
-0.904727
-0.904742
-0.904722
-0.904752
-0.904697
-0.904711
-0.904738
-0.904716
-0.904768
-0.904757
-0.904751
-0.904729
-0.904726
-0.904707
-0.904766
-0.90472
-0.904743
-0.90471
-0.904753
-0.904734
-0.904709
-0.904746
-0.904775
-0.904706
-0.904732
-0.904833
-0.904694
-0.904727
-0.904766
-0.90469
-0.904761
-0.904681
-0.904819
-0.904766
-0.904791
-0.904814
-0.904812
-0.904801
-0.904795
-0.904777
-0.90481
-0.904787
-0.904786
-0.904819
-0.904784
-0.90477
-0.904762
-0.904776
-0.904747
-0.904771
-0.904833
-0.904839
-0.904809
-0.904794
-0.904817
-0.904774
-0.90475
-0.904808
-0.904836
-0.904881
-0.904868
-0.904782
-0.904825
-0.904785
-0.904774
-0.904799
-0.904771
-0.904863
-0.904772
-0.90462
-0.904457
-0.904447
-0.904335
-0.904129
-0.904023
-0.903863
-0.903794
-0.903581
-0.903243
-0.902875
-0.902449
-0.902001
-0.901385
-0.90092
-0.900565
-0.900284
-0.90002
-0.899244
-0.898775
-0.898035
-0.897067
-0.896274
-0.895201
-0.894055
-0.892764
-0.891116
-0.889364
-0.886839
-0.883151
-0.873435
-0.867169
-0.859938
-0.852229
-0.844282
-0.836183
-0.828016
-0.820152
-0.812635
-0.805469
-0.799148
-0.793176
-0.78752
-0.781841
-0.775584
-0.76873
-0.761537
-0.753937
-0.746453
-0.739279
-0.732506
-0.726117
-0.719963
-0.71379
-0.707519
-0.701157
-0.694809
-0.688514
-0.682263
-0.676284
-0.670258
-0.664446
-0.658517
-0.652147
-0.645332
-0.638513
-0.63165
-0.624896
-0.618786
-0.612988
-0.602407
-0.596961
-0.591362
-0.585664
-0.579789
-0.573967
-0.568169
-0.562596
-0.557232
-0.552415
-0.547681
-0.54292
-0.538071
-0.532993
-0.527659
-0.522131
-0.516454
-0.510987
-0.505505
-0.500071
-0.495036
-0.490351
-0.48547
-0.480424
-0.474921
-0.468991
-0.462645
-0.455894
-0.449024
-0.442239
-0.435533
-0.428921
-0.422715
-0.416427
-0.409884
-0.403315
-0.389319
-0.382546
-0.375352
-0.368549
-0.362058
-0.355485
-0.348996
-0.342224
-0.334964
-0.327726
-0.320248
-0.312834
-0.305485
-0.29856
-0.291807
-0.285086
-0.278098
-0.270922
-0.263637
-0.256419
-0.24905
-0.242249
-0.235896
-0.229502
-0.222963
-0.216214
-0.209022
-0.201768
-0.194466
-0.187444
-0.18072
-0.174189
-0.167751
-0.161194
-0.154256
-0.146907
-0.131923
-0.124195
-0.116669
-0.109457
-0.102462
-0.0950797
-0.0871695
-0.0789174
-0.0704697
-0.0620133
-0.053636
-0.0455966
-0.0374963
-0.0289868
-0.0203669
-0.011665
-0.00266242
0.00640309
0.015109
0.0240684
0.0334323
0.0435004
0.0539575
0.0645789
0.0749737
0.0850245
0.0955477
0.106179
0.117101
0.128042
0.138762
0.149195
0.160011
0.170985
0.182493
0.192216
0.201074
0.210387
0.226498
0.233498
0.240295
0.246801
0.25294
0.259051
0.265485
0.272484
0.279879
0.287659
0.295333
0.302803
0.309798
0.316139
0.322252
0.328575
0.33504
0.341778
0.348417
0.355321
0.362327
0.369065
0.375519
0.381722
0.387815
0.394258
0.400652
0.407111
0.413749
0.420395
0.426886
0.433324
0.439389
0.445639
0.451875
0.458529
0.465375
0.472658
0.47982
0.487008
0.493959
0.500427
0.506766
0.519649
0.52642
0.533246
0.540213
0.54706
0.55377
0.560088
0.566009
0.571763
0.577517
0.58347
0.589687
0.595837
0.601793
0.607716
0.613492
0.618967
0.624135
0.629323
0.634678
0.639927
0.645531
0.651128
0.65668
0.662142
0.667281
0.672163
0.677045
0.681549
0.685849
0.689938
0.693715
0.697977
0.702084
0.706185
0.710063
0.713771
0.72109
0.724594
0.727713
0.730742
0.733513
0.736211
0.738923
0.741383
0.743792
0.746273
0.749303
0.752247
0.755207
0.757638
0.760336
0.762893
0.76574
0.768718
0.771424
0.774534
0.778121
0.781068
0.784884
0.788018
0.791502
0.794944
0.798658
0.80171
0.805473
0.808708
0.812084
0.815084
0.818288
0.821808
0.824763
0.827918
0.831071
0.834392
0.837833
0.84219
0.846522
0.851011
0.86048
0.866096
0.870951
0.875862
0.880375
0.885538
0.890489
0.89584
0.899902
0.904214
0.908433
0.912122
0.916055
0.919872
0.921661
0.925255
0.926666
0.928987
0.930325
0.931785
0.931733
0.93336
0.934596
0.934476
0.934636
0.934821
0.935422
0.935533
0.935684
0.935632
0.935638
0.935801
0.936024
0.936279
0.936582
0.936901
0.937138
0.937177
0.937297
0.937443
0.937778
0.937965
0.938494
0.938616
0.938749
0.939248
0.939497
0.939733
0.940113
0.940423
0.940701
0.940734
0.940739
0.940865
0.940901
0.941029
0.94108
0.941187
0.941163
0.941165
0.941137
0.941163
0.941193
0.941121
0.941252
0.941193
0.941144
0.941179
0.941166
0.941151
0.941141
0.941171
0.941144
0.941125
0.941114
0.941074
0.9411
0.941121
0.941171
0.941578
0.941642
0.941716
0.942059
0.942278
0.942654
0.943015
0.943359
0.943749
0.944219
0.944485
0.94468
0.94471
0.944711
0.944679
0.944697
0.944673
0.944737
0.944731
0.944727
0.944726
0.944706
0.944574
0.94454
0.944522
0.944574
0.944578
0.944518
0.944557
0.944585
0.944618
0.944644
0.94463
0.944799
0.944861
0.944871
0.945154
0.945292
0.945516
0.945726
0.945931
0.946086
0.9462
0.946236
0.946226
0.946205
0.946226
0.946209
0.946155
0.946184
0.946186
0.946236
0.946236
0.946207
0.946193
0.946196
0.946165
0.946243
0.94619
0.946192
0.946209
0.946256
0.946238
0.946277
0.946217
0.94625
0.94623
0.946228
0.946226
0.946231
0.946243
0.9462
0.946199
0.946226
0.946212
0.946276
0.94627
0.946258
0.946276
0.94624
0.946252
0.946273
0.946234
0.946231
0.946233
0.946274
0.946259
0.946318
0.946358
0.946467
0.94641
0.946387
0.946374
0.946376
0.946387
0.94635
0.946368
0.94646
0.94654
0.94667
0.946799
0.947081
0.947557
0.948121
0.948702
0.949266
0.949881
0.950476
0.951017
0.951328
0.951676
0.951776
0.951746
0.951534
0.951556
0.951475
0.952222
0.95324
0.953564
0.953576
0.953656
0.953883
0.954298
0.95466
0.954889
0.955159
0.95537
0.955807
0.956141
0.956482
0.956771
0.957066
0.957086
0.957022
0.956987
0.956857
0.956692
0.956636
0.956589
0.956549
0.956536
0.956451
0.956357
0.956387
0.956508
0.956695
0.957012
0.957105
0.957362
0.957664
0.958119
0.958908
0.959179
0.959364
0.95978
0.960186
0.96057
0.960881
0.961068
0.961044
0.96108
0.961037
0.961042
0.960974
0.96107
0.961059
0.961083
0.961122
0.961206
0.961194
0.961177
0.961205
0.961254
0.96134
0.961404
0.9615
0.961634
0.961652
0.961742
0.961738
0.961664
0.961547
0.961241
0.960695
0.959989
0.959369
0.958696
0.958229
0.958006
0.958077
0.958344
0.958377
0.958357
0.95836
0.958336
0.958356
0.958347
0.95838
0.9584
0.958448
0.95848
0.958548
0.958534
0.958301
0.958005
0.957718
0.957178
0.956598
0.955901
0.955136
0.954385
0.953631
0.952856
0.95214
0.951621
0.951097
0.950347
0.949437
0.94845
0.947198
0.945684
0.944231
0.942981
0.941567
0.939306
0.937733
0.936083
0.93435
0.932523
0.930863
0.928997
0.927003
0.924869
0.922643
0.920318
0.917853
0.915489
0.913122
0.910804
0.908306
0.905732
0.903114
0.900761
0.898389
0.896066
0.893236
0.89028
0.8871
0.88389
0.880312
0.876678
0.873065
0.869772
0.866551
0.86329
0.85985
0.855957
0.852091
0.848113
0.844323
0.840709
0.837112
0.833637
0.83025
0.82339
0.819706
0.815856
0.811726
0.807663
0.803497
0.79921
0.794849
0.790301
0.785727
0.781316
0.777062
0.772941
0.768764
0.76473
0.760197
0.755182
0.749678
0.743856
0.737815
0.73131
0.724558
0.717709
0.710677
0.70322
0.695702
0.688098
0.680506
0.672627
0.664687
0.656587
0.648548
0.640387
0.632035
0.62379
0.61522
0.606764
0.598526
0.582576
0.575258
0.568196
0.561214
0.554212
0.547245
0.540384
0.533756
0.527215
0.520834
0.514784
0.508734
0.502704
0.496739
0.490853
0.485039
0.479032
0.47322
0.467209
0.461049
0.45469
0.448096
0.441387
0.434347
0.427153
0.420043
0.412911
0.405708
0.398502
0.391304
0.384374
0.377376
0.370213
0.362938
0.355856
0.348849
0.342118
0.335879
0.324783
0.319841
0.315412
0.311407
0.307355
0.303199
0.299082
0.29481
0.290177
0.285434
0.280781
0.276043
0.270974
0.265923
0.261221
0.25631
0.250917
0.245252
0.239432
0.233294
0.226812
0.220528
0.214565
0.208787
0.203253
0.198063
0.193087
0.18814
0.183198
0.178571
0.173994
0.169686
0.165288
0.1607
0.156012
0.151203
0.146447
0.13744
0.134234
0.131677
0.12958
0.127757
0.126108
0.124583
0.123177
0.121905
0.120793
0.119886
0.119322
0.119043
0.118619
0.118289
0.11809
0.118078
0.117962
0.117366
0.117007
0.117211
0.117662
0.118106
0.118262
0.118248
0.118182
0.118196
0.118369
0.1185
0.118502
0.118432
0.118318
0.118116
0.117909
0.117304
0.116836
0.116427
0.115484
0.114815
0.113997
0.112925
0.111889
0.110893
0.109907
0.109004
0.10791
0.106844
0.105845
0.10517
0.104412
0.103523
0.103033
0.102595
0.101757
0.10054
0.0993436
0.0979797
0.0961236
0.0935754
0.0906609
0.0873138
0.0844128
0.0817216
0.0789456
0.0761341
0.0732473
0.0701527
0.0674842
0.0647644
0.0621865
0.0593373
0.0565279
0.053602
0.0479288
0.0448191
0.0418
0.039067
0.0357564
0.0323507
0.0294979
0.0266898
0.0237239
0.0204063
0.0171564
0.0140121
0.0107464
0.00744545
0.00395769
0.000716388
-0.00255567
-0.00623196
-0.0102243
-0.0142399
-0.0182841
-0.022275
-0.0259144
-0.0294749
-0.0330278
-0.0366433
-0.0401369
-0.0436653
-0.0476171
-0.0516645
-0.0556682
-0.0598094
-0.0638494
-0.0681131
-0.0724252
-0.0765834
-0.0806025
-0.0850293
-0.0894002
-0.0939623
-0.103772
-0.109032
-0.114442
-0.120272
-0.126506
-0.133014
-0.139696
-0.146797
-0.154064
-0.161428
-0.169284
-0.177759
-0.186452
-0.194852
-0.203356
-0.211624
-0.219424
-0.227015
-0.234145
-0.241255
-0.248447
-0.25564
-0.262861
-0.270385
-0.277785
-0.285187
-0.292177
-0.299177
-0.30641
-0.313865
-0.321259
-0.328645
-0.335983
-0.343336
-0.35079
-0.358282
-0.365866
-0.373589
-0.389626
-0.397945
-0.406963
-0.416171
-0.425835
-0.435519
-0.445201
-0.454332
-0.462717
-0.470477
-0.478108
-0.485435
-0.492676
-0.500154
-0.50787
-0.515348
-0.522708
-0.529931
-0.537073
-0.544026
-0.551045
-0.558109
-0.564995
-0.571624
-0.577987
-0.584091
-0.590245
-0.596464
-0.60258
-0.608676
-0.61489
-0.621204
-0.627452
-0.633826
-0.640415
-0.647243
-0.65411
-0.660911
-0.674608
-0.681592
-0.688708
-0.695824
-0.703368
-0.710979
-0.718679
-0.726745
-0.735407
-0.744819
-0.754322
-0.763326
-0.7716
-0.779625
-0.787463
-0.794937
-0.802458
-0.809595
-0.816547
-0.823245
-0.829679
-0.836068
-0.842641
-0.849277
-0.856342
-0.863596
-0.870939
-0.878189
-0.885367
-0.892593
-0.899801
-0.907068
-0.914724
-0.923057
-0.932244
-0.941999
-0.951497
-0.961304
-0.981486
-0.991652
-1.00163
-1.01111
-1.02005
-1.02812
-1.03569
-1.04326
-1.05078
-1.05813
-1.06522
-1.07204
-1.07862
-1.08489
-1.09094
-1.09699
-1.10305
-1.10938
-1.11558
-1.12155
-1.12721
-1.13252
-1.13768
-1.1427
-1.14799
-1.15305
-1.15814
-1.16326
-1.16837
-1.17331
-1.17791
-1.18238
-1.1865
-1.19085
-1.19534
-1.19999
-1.205
-1.21007
-1.22048
-1.22599
-1.2317
-1.23734
-1.24285
-1.2482
-1.25326
-1.25857
-1.26406
-1.26967
-1.27552
-1.28153
-1.28766
-1.29396
-1.30013
-1.30625
-1.31232
-1.31838
-1.32421
-1.32984
-1.3352
-1.34037
-1.34555
-1.35096
-1.35658
-1.36199
-1.36716
-1.3717
-1.37565
-1.37957
-1.38302
-1.38647
-1.38986
-1.39325
-1.39666
-1.40025
-1.40382
-1.40739
-1.4111
-1.41519
-1.42391
-1.42854
-1.43319
-1.43756
-1.44172
-1.4455
-1.44926
-1.45278
-1.45629
-1.45967
-1.46287
-1.46602
-1.46907
-1.47225
-1.47526
-1.4784
-1.48136
-1.48449
-1.48742
-1.49038
-1.4929
-1.49537
-1.49755
-1.49968
-1.50172
-1.50401
-1.50605
-1.50846
-1.51069
-1.51287
-1.5151
-1.51742
-1.51996
-1.52238
-1.52461
-1.52701
-1.52921
-1.53152
-1.53403
-1.53967
-1.54237
-1.54516
-1.54773
-1.55027
-1.55274
-1.55517
-1.55771
-1.56019
-1.56288
-1.56532
-1.56796
-1.57026
-1.5723
-1.57455
-1.57643
-1.5782
-1.58007
-1.58209
-1.58396
-1.58602
-1.58829
-1.59069
-1.59334
-1.59589
-1.59864
-1.60137
-1.60419
-1.60703
-1.60977
-1.61266
-1.61545
-1.61833
-1.62105
-1.62385
-1.62649
-1.6293
-1.63203
-1.63686
-1.63934
-1.64194
-1.64447
-1.64703
-1.6497
-1.65213
-1.65457
-1.65704
-1.65941
-1.66176
-1.66389
-1.66597
-1.66824
-1.67052
-1.67286
-1.67544
-1.67789
-1.68032
-1.68273
-1.68522
-1.68762
-1.68991
-1.69218
-1.69448
-1.69688
-1.69905
-1.70113
-1.7032
-1.70543
-1.70771
-1.71014
-1.71265
-1.71503
-1.71763
-1.72015
-1.72263
-1.72514
-1.7277
-1.73031
-1.73521
-1.73752
-1.73967
-1.74184
-1.74363
-1.74548
-1.74732
-1.74918
-1.75125
-1.75323
-1.75496
-1.7567
-1.75877
-1.76073
-1.76264
-1.76485
-1.76712
-1.76931
-1.77152
-1.77378
-1.77616
-1.77867
-1.78096
-1.78344
-1.78572
-1.78806
-1.79048
-1.7928
-1.79528
-1.79763
-1.79988
-1.80216
-1.80431
-1.80679
-1.80931
-1.81134
-1.81371
-1.8158
-1.81795
-1.82018
-1.82211
-1.82635
-1.82814
-1.83032
-1.83236
-1.83434
-1.83659
-1.83898
-1.84153
-1.8442
-1.84642
-1.84913
-1.85138
-1.85358
-1.85561
-1.85808
-1.8604
-1.86291
-1.86481
-1.866
-1.8668
-1.86731
-1.86755
-1.86801
-1.86841
-1.86893
-1.86933
-1.86962
-1.86975
-1.86995
-1.86999
-1.87017
-1.87033
-1.87064
-1.87112
-1.8717
-1.87245
-1.87347
-1.87435
-1.875
-1.87585
-1.87634
-1.87721
-1.87811
-1.87922
-1.8803
-1.88113
-1.88208
-1.88285
-1.88356
-1.88429
-1.88513
-1.88589
-1.88655
-1.88719
-1.88756
-1.88799
-1.88825
-1.88844
-1.88856
-1.88859
-1.88863
-1.88866
-1.88876
-1.88883
-1.88889
-1.88888
-1.88883
-1.88888
-1.88886
-1.88891
-1.88877
-1.88859
-1.88821
-1.88782
-1.88753
-1.88726
-1.8871
-1.88696
-1.88685
-1.88668
-1.88602
-1.88577
-1.88551
-1.88534
-1.88519
-1.88507
-1.88498
-1.88471
-1.88423
-1.8838
-1.88323
-1.88268
-1.88226
-1.88185
-1.88158
-1.88143
-1.88138
-1.88133
-1.88122
-1.88119
-1.88113
-1.88115
-1.88117
-1.88108
-1.88113
-1.88113
-1.88111
-1.88107
-1.88112
-1.88112
-1.88109
-1.88111
-1.88108
-1.8811
-1.88109
-1.88109
-1.88112
-1.8811
-1.88113
-1.88112
-1.88109
-1.88111
-1.88111
-1.88118
-1.88122
-1.88139
-1.88141
-1.88143
-1.88155
-1.88169
-1.8822
-1.88275
-1.88323
-1.88358
-1.88387
-1.88403
-1.88425
-1.88447
-1.88451
-1.88476
-1.88507
-1.88562
-1.88634
-1.88707
-1.88759
-1.88824
-1.88867
-1.8892
-1.88979
-1.89032
-1.89076
-1.89126
-1.89176
-1.89261
-1.89313
-1.89373
-1.89426
-1.89477
-1.89523
-1.89552
-1.89568
-1.89581
-1.89586
-1.8959
-1.89591
-1.89597
-1.89607
-1.89632
-1.89665
-1.89692
-1.89714
-1.8974
-1.89762
-1.89798
-1.89858
-1.89919
-1.89975
-1.90035
-1.90065
-1.90083
-1.901
-1.90108
-1.90118
-1.9011
-1.9012
-1.90131
-1.90136
-1.90163
-1.90172
-1.90175
-1.90181
-1.90179
-1.90174
-1.90178
-1.90178
-1.9018
-1.90185
-1.90197
-1.90203
-1.90193
-1.90198
-1.90193
-1.90195
-1.90195
-1.90192
-1.90196
-1.9019
-1.90196
-1.90196
-1.90193
-1.902
-1.90199
-1.90195
-1.90198
-1.902
-1.90196
-1.90196
-1.90197
-1.90197
-1.90195
-1.90198
-1.90196
-1.90196
-1.90199
-1.90199
-1.902
-1.90204
-1.90205
-1.90204
-1.90208
-1.90209
-1.90225
-1.90239
-1.90251
-1.90261
-1.90277
-1.90293
-1.90303
-1.90322
-1.90324
-1.90331
-1.90336
-1.90338
-1.90345
-1.90342
-1.90344
-1.90344
-1.90343
-1.90346
-1.90348
-1.90352
-1.90352
-1.90355
-1.90361
-1.90366
-1.90365
-1.90361
-1.90364
-1.90369
-1.90367
-1.90367
-1.90367
-1.90365
-1.9037
-1.90375
-1.90381
-1.90381
-1.90384
-1.90386
-1.90379
-1.9038
-1.90385
-1.90383
-1.90381
-1.90383
-1.90382
-1.90378
-1.90376
-1.90376
-1.90372
-1.90381
-1.9038
-1.90378
-1.90372
-1.9037
-1.90369
-1.90358
-1.90351
-1.9035
-1.90355
-1.90362
-1.90361
-1.90358
-1.90364
-1.90361
-1.90366
-1.90366
-1.90371
-1.90371
-1.90374
-1.90374
-1.90369
-1.90373
-1.90374
-1.90373
-1.90373
-1.90368
-1.90371
-1.90362
-1.90361
-1.90363
-1.90354
-1.9036
-1.90352
-1.90356
-1.90357
-1.9036
-1.90354
-1.9036
-1.90353
-1.90354
-1.90351
-1.90349
-1.90352
-1.90354
-1.90352
-1.90354
-1.90351
-1.90353
-1.90348
-1.90353
-1.90343
-1.90343
-1.90334
-1.90315
-1.90305
-1.90292
-1.90277
-1.90261
-1.90231
-1.90174
-1.90133
-1.90092
-1.90061
-1.89989
-1.89894
-1.89823
-1.89695
-1.89601
-1.895
-1.89394
-1.89296
-1.89196
-1.89064
-1.88931
-1.88755
-1.88536
-1.88277
-1.87997
-1.8772
-1.87438
-1.87136
-1.86842
-1.86506
-1.86148
-1.8574
-1.85274
-1.84775
-1.84263
-1.83734
-1.83179
-1.82587
-1.81945
-1.81208
-1.80591
-1.79882
-1.79168
-1.78496
-1.77781
-1.77136
-1.75822
-1.7508
-1.74337
-1.73589
-1.72829
-1.72062
-1.71331
-1.70611
-1.69877
-1.69092
-1.68284
-1.67451
-1.66472
-1.65686
-1.64781
-1.63831
-1.62786
-1.61676
-1.60533
-1.59361
-1.58241
-1.57144
-1.56012
-1.5486
-1.53711
-1.52608
-1.51581
-1.50564
-1.49559
-1.48569
-1.47667
-1.46878
-1.4609
-1.45438
-1.4471
-1.43951
-1.43194
-1.42433
-1.41682
-1.4091
-1.3929
-1.3849
-1.37709
-1.36906
-1.36134
-1.35418
-1.34792
-1.34209
-1.33597
-1.32977
-1.32388
-1.31816
-1.31264
-1.30698
-1.30131
-1.29588
-1.29074
-1.28545
-1.27929
-1.27265
-1.26582
-1.25866
-1.25122
-1.24343
-1.23589
-1.22857
-1.22159
-1.21427
-1.20645
-1.19798
-1.18928
-1.1801
-1.1709
-1.16184
-1.15306
-1.14453
-1.12715
-1.11861
-1.11041
-1.10314
-1.09651
-1.09
-1.08314
-1.07626
-1.06966
-1.06323
-1.05708
-1.05095
-1.04548
-1.04015
-1.03524
-1.03043
-1.02548
-1.02031
-1.01513
-1.01001
-1.00503
-1.00016
-0.99584
-0.991619
-0.987775
-0.984331
-0.981571
-0.979042
-0.977199
-0.975651
-0.974176
-0.972826
-0.971456
-0.970118
-0.968957
-0.967614
-0.966128
-0.963966
-0.961445
-0.958598
-0.955099
-0.951147
-0.946338
-0.941286
-0.935054
-0.933517
-0.932177
-0.931871
-0.931338
-0.930666
-0.930149
-0.929683
-0.929408
-0.929206
-0.928654
-0.928384
-0.928038
-0.927786
-0.927474
-0.927132
-0.926928
-0.926785
-0.926753
-0.926746
-0.926792
-0.926708
-0.926826
-0.927101
-0.927718
-0.928182
-0.928469
-0.928975
-0.929016
-0.928847
-0.928433
-0.928306
-0.9283
-0.928299
-0.928372
-0.92854
-0.928683
-0.928782
-0.928772
-0.928717
-0.928722
-0.92882
-0.928771
-0.928881
-0.928871
-0.928856
-0.928822
-0.928846
-0.928809
-0.928866
-0.928862
-0.928871
-0.928844
-0.928894
-0.92885
-0.928887
-0.928853
-0.928889
-0.928919
-0.928837
-0.928917
-0.928913
-0.928926
-0.928951
-0.928888
-0.928831
-0.928952
-0.928883
-0.92887
-0.92891
-0.928877
-0.92888
-0.928897
-0.928885
-0.928898
-0.928926
-0.92888
-0.928886
-0.928889
-0.928923
-0.928915
-0.928932
-0.928892
-0.928902
-0.928866
-0.928869
-0.928926
-0.928882
-0.928895
-0.928937
-0.92896
-0.928883
-0.928931
-0.928852
-0.92885
-0.928895
-0.928891
-0.928927
-0.928881
-0.928851
-0.928862
-0.928819
-0.928824
-0.928811
-0.928862
-0.928808
-0.928634
-0.928688
-0.928808
-0.928815
-0.928762
-0.92876
-0.928716
-0.928737
-0.928738
-0.928803
-0.928822
-0.928802
-0.928773
-0.928803
-0.928798
-0.928814
-0.928781
-0.928837
-0.928803
-0.928798
-0.928803
-0.928759
-0.928769
-0.928745
-0.928824
-0.928845
-0.928818
-0.928816
-0.928785
-0.928744
-0.928826
-0.92882
-0.928921
-0.928924
-0.928927
-0.928876
-0.928867
-0.928898
-0.928911
-0.928915
-0.928875
-0.92889
-0.928901
-0.92901
-0.929934
-0.930197
-0.930239
-0.930068
-0.929776
-0.929627
-0.929665
-0.929716
-0.929761
-0.929797
-0.929846
-0.929812
-0.929789
-0.929856
-0.929846
-0.929827
-0.929821
-0.929768
-0.929775
-0.92974
-0.929784
-0.929816
-0.930011
-0.930111
-0.930148
-0.930132
-0.930042
-0.930013
-0.930065
-0.930013
-0.929989
-0.930072
-0.930044
-0.930027
-0.930006
-0.929969
-0.930153
-0.930129
-0.930146
-0.930164
-0.930062
-0.930072
-0.930075
-0.930077
-0.930153
-0.930114
-0.930116
-0.9301
-0.930031
-0.930035
-0.930049
-0.930114
-0.930084
-0.930164
-0.93022
-0.93016
-0.930193
-0.930124
-0.930143
-0.930007
-0.929948
-0.929897
-0.929751
-0.929493
-0.929066
-0.9288
-0.928451
-0.928274
-0.927997
-0.927685
-0.927437
-0.927179
-0.927032
-0.926761
-0.925911
-0.925197
-0.924327
-0.923367
-0.922297
-0.921244
-0.920357
-0.91936
-0.918435
-0.917159
-0.915436
-0.913416
-0.911762
-0.910181
-0.908797
-0.907277
-0.905885
-0.904449
-0.903183
-0.902104
-0.901278
-0.900514
-0.899904
-0.899582
-0.89954
-0.899543
-0.89954
-0.899519
-0.89957
-0.899536
-0.899571
-0.899633
-0.89982
-0.90012
-0.900276
-0.900398
-0.900437
-0.900469
-0.90048
-0.900393
-0.900421
-0.900269
-0.899173
-0.898373
-0.897111
-0.895427
-0.893327
-0.890557
-0.887548
-0.884246
-0.880897
-0.877208
-0.873555
-0.86963
-0.865707
-0.861757
-0.85788
-0.854109
-0.850394
-0.846364
-0.842296
-0.838319
-0.834406
-0.830664
-0.827295
-0.824189
-0.821548
-0.819018
-0.816735
-0.814634
-0.812699
-0.810879
-0.809125
-0.807458
-0.805902
-0.804618
-0.803419
-0.802201
-0.800261
-0.796077
-0.794218
-0.792263
-0.789706
-0.787042
-0.784381
-0.781588
-0.778579
-0.775286
-0.771788
-0.768196
-0.764669
-0.760985
-0.757264
-0.753377
-0.749851
-0.746339
-0.74315
-0.740085
-0.737433
-0.734973
-0.732452
-0.729721
-0.727328
-0.724544
-0.722065
-0.719573
-0.717017
-0.714812
-0.71237
-0.710081
-0.707919
-0.705636
-0.703693
-0.701554
-0.699575
-0.697832
-0.696029
-0.694019
-0.691019
-0.689671
-0.688309
-0.686873
-0.685504
-0.684403
-0.683492
-0.682745
-0.681774
-0.680832
-0.679697
-0.678431
-0.676984
-0.675807
-0.675237
-0.674893
-0.674615
-0.674263
-0.673706
-0.673098
-0.672377
-0.671395
-0.670373
-0.669691
-0.669093
-0.668309
-0.66754
-0.666836
-0.665987
-0.664761
-0.662982
-0.660765
-0.658455
-0.656153
-0.653741
-0.651577
-0.64958
-0.646188
-0.644937
-0.643856
-0.643162
-0.642945
-0.642673
-0.64237
-0.642104
-0.641949
-0.641823
-0.641718
-0.641688
-0.641648
-0.64159
-0.640994
-0.639898
-0.638589
-0.637315
-0.635938
-0.63411
-0.631809
-0.629293
-0.62658
-0.623632
-0.621065
-0.618118
-0.615471
-0.613096
-0.610604
-0.608349
-0.606164
-0.603984
-0.601701
-0.599582
-0.597465
-0.595098
-0.592631
-0.590186
-0.58728
-0.581106
-0.577693
-0.574098
-0.570535
-0.567221
-0.564042
-0.561321
-0.559051
-0.557361
-0.555731
-0.553874
-0.552171
-0.550945
-0.54968
-0.548108
-0.546053
-0.544187
-0.542787
-0.541241
-0.539752
-0.538329
-0.536964
-0.535784
-0.534497
-0.533152
-0.531891
-0.530481
-0.529016
-0.527337
-0.525328
-0.522833
-0.519782
-0.516471
-0.512921
-0.508443
-0.503137
-0.497959
-0.492716
-0.487742
-0.482591
-0.477387
-0.466676
-0.461431
-0.456214
-0.451322
-0.447281
-0.442122
-0.437494
-0.432845
-0.427275
-0.422086
-0.416399
-0.410271
-0.403631
-0.39767
-0.390094
-0.383402
-0.376557
-0.370259
-0.364282
-0.358222
-0.352284
-0.346054
-0.339938
-0.332115
-0.324724
-0.317306
-0.310756
-0.303282
-0.296953
-0.290737
-0.285154
-0.278136
-0.272268
-0.264998
-0.259049
-0.251645
-0.245366
-0.239354
-0.233511
-0.227466
-0.214957
-0.207202
-0.199802
-0.193243
-0.186278
-0.179563
-0.172264
-0.166402
-0.158732
-0.152249
-0.144709
-0.136998
-0.128214
-0.121138
-0.112849
-0.106157
-0.0986629
-0.0905235
-0.0817825
-0.0727022
-0.0635299
-0.0543101
-0.0454862
-0.0367309
-0.0279465
-0.0193871
-0.0101905
-0.00281286
0.00494045
0.012877
0.01948
0.0271134
0.0351214
0.0435611
0.0523015
0.0610635
0.0695916
0.0789863
0.0877687
0.0969116
0.11484
0.124346
0.133709
0.142842
0.151976
0.161475
0.17136
0.181126
0.190571
0.200195
0.209816
0.219633
0.22975
0.24001
0.250075
0.260007
0.269916
0.280154
0.291048
0.302082
0.312855
0.323308
0.333928
0.344907
0.356382
0.368128
0.379983
0.39186
0.403949
0.41616
0.428345
0.440506
0.452113
0.46365
0.475388
0.486967
0.498351
0.509059
0.519073
0.528869
0.538631
0.54821
0.557506
0.567012
0.57485
0.582493
0.590154
0.604446
0.612461
0.619356
0.624836
0.63081
0.636343
0.641882
0.648149
0.653313
0.658956
0.664735
0.670711
0.676862
0.683183
0.689555
0.696015
0.70273
0.709849
0.717364
0.725299
0.733151
0.740952
0.748551
0.75596
0.763395
0.771031
0.778761
0.786599
0.794588
0.802411
0.809987
0.817171
0.824053
0.830981
0.838736
0.84584
0.852727
0.859425
0.870925
0.876581
0.882122
0.887368
0.892569
0.89769
0.902292
0.906677
0.910899
0.915019
0.919024
0.922644
0.925834
0.928658
0.929777
0.932139
0.934773
0.937122
0.939249
0.940862
0.943007
0.94491
0.946459
0.948254
0.950307
0.951573
0.952314
0.953495
0.954179
0.955222
0.956227
0.957168
0.958137
0.958959
0.959327
0.959846
0.959948
0.959968
0.959981
0.959922
0.959948
0.960002
0.959952
0.95991
0.959877
0.95989
0.959935
0.959915
0.959915
0.959931
0.95986
0.959844
0.95989
0.959871
0.959831
0.959835
0.959819
0.959881
0.959824
0.9598
0.959835
0.959833
0.95981
0.95985
0.959777
0.959815
0.959862
0.959833
0.959863
0.959782
0.959799
0.959849
0.959838
0.959809
0.959802
0.959808
0.959827
0.9598
0.959847
0.95982
0.959804
0.959814
0.959785
0.959871
0.959843
0.959812
0.959821
0.959816
0.9598
0.959821
0.959841
0.959763
0.95984
0.959863
0.959781
0.959821
0.959844
0.959881
0.959824
0.959852
0.959828
0.95982
0.959823
0.959837
0.959826
0.959824
0.959774
0.959845
0.959861
0.959877
0.959843
0.959826
0.959861
0.959847
0.959767
0.95984
0.959811
0.959813
0.959787
0.959826
0.959817
0.959797
0.959842
0.959877
0.959802
0.959811
0.959816
0.959814
0.959865
0.95979
0.959835
0.959805
0.959813
0.959793
0.959852
0.959842
0.959854
0.959832
0.959853
0.959816
0.959823
0.959858
0.959825
0.95987
0.959831
0.95981
0.959836
0.959846
0.959785
0.959855
0.959851
0.959817
0.95981
0.959819
0.959812
0.959794
0.959856
0.959859
0.959823
0.959817
0.959832
0.959875
0.959798
0.959823
0.959834
0.959877
0.959794
0.959836
0.959832
0.959816
