0.119331
0.1186
0.119472
0.115855
0.117949
0.119555
0.12033
0.118574
0.120117
0.118948
0.118948
0.119732
0.120203
0.118515
0.120789
0.120486
0.118032
0.120642
0.118403
0.119652
0.117237
0.12068
0.118671
0.116818
0.120067
0.117446
0.119817
0.120011
0.11926
0.118247
0.119125
0.118874
0.118824
0.119788
0.118807
0.119944
0.120221
0.120359
0.11815
0.119991
0.118035
0.117779
0.118359
0.120986
0.117926
0.12002
0.119272
0.116972
0.12129
0.119198
0.119525
0.118044
0.118321
0.117219
0.120412
0.119475
0.119955
0.117428
0.120212
0.117944
0.119478
0.118595
0.11911
0.117714
0.119083
0.119944
0.119717
0.118215
0.120335
0.11891
0.11855
0.119938
0.118029
0.118244
0.118011
0.119664
0.119042
0.120041
0.120648
0.118483
0.119148
0.120144
0.119039
0.120162
0.120957
0.118851
0.120377
0.119979
0.118356
0.118424
0.118209
0.119125
0.11941
0.118739
0.119546
0.11868
0.118247
0.118966
0.120651
0.118963
0.118668
0.119213
0.118586
0.118877
0.119033
0.118824
0.120957
0.118194
0.120553
0.119449
0.119938
0.120471
0.117961
0.118854
0.119517
0.117676
0.118857
0.124495
0.118394
0.118229
0.120203
0.117646
0.118232
0.117266
0.120933
0.117142
0.12002
0.120621
0.119973
0.120833
0.119991
0.12045
0.122112
0.119128
0.119926
0.11974
0.12185
0.12063
0.119952
0.118812
0.120229
0.119679
0.120008
0.122368
0.121493
0.121914
0.123273
0.120271
0.117717
0.122348
0.121549
0.122398
0.123744
0.120191
0.120274
0.12119
0.120191
0.120598
0.120972
0.122713
0.118771
0.116374
0.111103
0.112881
0.110734
0.104267
0.102716
0.0963707
0.0956675
0.089492
0.0845649
0.0748893
0.0647662
0.0548801
0.0520906
0.0454449
0.0396165
0.0350256
0.0330946
0.0292796
0.0203355
0.00683111
-0.0103818
-0.0207179
-0.031181
-0.0328439
-0.0321552
-0.0249486
-0.0256636
-0.0452643
-0.084742
-0.135091
-0.140997
-0.145799
-0.154326
-0.150467
-0.131784
-0.117294
-0.0925683
-0.080106
-0.0790439
-0.0874368
-0.0966175
-0.106718
-0.117049
-0.126559
-0.131106
-0.131286
-0.12565
-0.112058
-0.0970045
-0.0988479
-0.102314
-0.102899
-0.105201
-0.103854
-0.0975983
-0.0964964
-0.0970606
-0.0948866
-0.101419
-0.112978
-0.115028
-0.120014
-0.115756
-0.110458
-0.1049
-0.101274
-0.0946622
-0.0849102
-0.0900643
-0.0981507
-0.0990281
-0.0983959
-0.0981477
-0.0948364
-0.0885941
-0.0861144
-0.080522
-0.0757281
-0.0769257
-0.0895772
-0.0899905
-0.0963901
-0.0990754
-0.0900407
-0.0834227
-0.0865041
-0.0715755
-0.0703282
-0.0762738
-0.087676
-0.0932741
-0.103041
-0.106337
-0.107451
-0.107123
-0.102807
-0.10281
-0.103263
-0.101936
-0.103011
-0.105624
-0.103842
-0.105553
-0.103464
-0.0992734
-0.106011
-0.0991936
-0.100638
-0.105524
-0.105509
-0.110189
-0.115383
-0.114661
-0.113274
-0.110911
-0.110157
-0.106118
-0.109234
-0.105991
-0.109586
-0.115111
-0.112629
-0.107735
-0.107593
-0.0977164
-0.0992231
-0.104545
-0.108341
-0.11303
-0.116747
-0.112326
-0.111625
-0.106607
-0.102954
-0.10464
-0.107348
-0.110191
-0.115608
-0.120002
-0.117867
-0.119582
-0.112483
-0.112139
-0.116517
-0.124097
-0.128699
-0.136942
-0.141022
-0.140712
-0.13776
-0.132956
-0.131084
-0.136004
-0.135702
-0.135047
-0.135668
-0.137121
-0.142714
-0.156347
-0.163798
-0.166584
-0.164027
-0.160908
-0.166313
-0.173481
-0.177653
-0.172053
-0.169197
-0.164506
-0.167024
-0.169201
-0.175704
-0.176843
-0.178079
-0.167216
-0.176806
-0.151667
-0.114649
-0.10928
-0.092964
-0.0875461
-0.0982703
-0.109
-0.118901
-0.126604
-0.133612
-0.129144
-0.121099
-0.113247
-0.105165
-0.0967948
-0.0970089
-0.0993605
-0.0998059
-0.105591
-0.105524
-0.10544
-0.10443
-0.100496
-0.103564
-0.100858
-0.0981699
-0.100076
-0.0962719
-0.0976071
-0.0988125
-0.0969388
-0.0960171
-0.0976847
-0.0934092
-0.097613
-0.103925
-0.108623
-0.107364
-0.110943
-0.102697
-0.100929
-0.0996552
-0.100178
-0.102057
-0.101656
-0.1094
-0.113358
-0.11031
-0.0992719
-0.0941937
-0.0919659
-0.0933918
-0.0960234
-0.102712
-0.110555
-0.106277
-0.0987135
-0.0920733
-0.0877468
-0.0833309
-0.084293
-0.0887166
-0.0888635
-0.0943303
-0.098797
-0.0964945
-0.096264
-0.0889496
-0.0769495
-0.0785386
-0.0783131
-0.0709869
-0.0748541
-0.0821899
-0.0819292
-0.0804485
-0.0791549
-0.0846624
-0.0707851
-0.0655671
-0.0607479
-0.0598989
-0.0582648
-0.0582716
-0.0590292
-0.0494231
-0.0470016
-0.0439813
-0.0479805
-0.0506553
-0.0596057
-0.070328
-0.068929
-0.0590226
-0.0534133
-0.0499474
-0.0472253
-0.0483046
-0.0476925
-0.0546866
-0.0531549
-0.0564094
-0.0595837
-0.0604407
-0.0613605
-0.0669223
-0.0624878
-0.0612465
-0.0561511
-0.0620556
-0.0671009
-0.0730212
-0.0783142
-0.0723556
-0.0694604
-0.0574049
-0.0509203
-0.0467768
-0.0484336
-0.056177
-0.0685499
-0.0710248
-0.0779954
-0.0854252
-0.0888653
-0.0984395
-0.0969421
-0.0936969
-0.0940704
-0.0894683
-0.0845033
-0.0826053
-0.0676407
-0.0597748
-0.064395
-0.0683324
-0.0645409
-0.0674177
-0.0648825
-0.0459221
-0.0353284
-0.0379986
-0.0370489
-0.0387375
-0.0314639
-0.0284247
-0.0314213
-0.029153
-0.0191477
-0.016819
-0.00594965
-0.00761738
-0.00502226
-0.00852535
-0.00793204
-0.00730824
-0.0123957
-0.0132953
-0.0133545
-0.0125927
-0.0125379
-0.0152818
-0.0111604
-0.0106229
-0.0135773
-0.0187947
-0.0161454
-0.014592
-0.0119302
-0.00928409
-0.0150788
-0.0146972
-0.0141085
-0.00995756
-0.0074641
-0.00886244
-0.00780853
-0.0099355
-0.0104009
-0.00942856
-0.0113207
-0.00905728
-0.00956972
-0.00752843
-0.00848418
-0.00947525
-0.008164
-0.00911756
-0.00797652
-0.0106248
-0.0090786
-0.00752218
-0.00729831
-0.00864188
-0.00705276
-0.00717848
-0.00719429
-0.00743028
-0.00778464
-0.00753872
-0.00488625
-0.00732331
-0.00861137
-0.0108634
-0.0169102
-0.014713
-0.00865842
-0.0108553
-0.0116321
-0.0143637
-0.018634
-0.017892
-0.0124515
-0.0106127
-0.00340167
-0.00485685
-0.00615953
-0.00689617
-0.00584562
-0.00836177
-0.00653263
-0.00838934
-0.00627826
-0.00732735
-0.00826877
-0.0069344
-0.00447862
-0.00323553
-0.00245191
-0.00498991
-0.00400667
-0.00176791
-0.0045231
-0.00595295
-0.00597942
-0.00627459
-0.00783941
-0.00975132
-0.0127721
-0.00834964
-0.0140317
-0.016787
-0.0141799
-0.013589
-0.00976529
-0.0113288
-0.0100197
-0.0106513
-0.00946238
-0.0104513
-0.0117747
-0.00907713
-0.00844962
-0.0085577
-0.0100002
-0.0113031
-0.00940944
-0.00998255
-0.00839007
-0.00861652
-0.0106685
-0.0110601
-0.0100881
-0.00977595
-0.00982264
-0.0135038
-0.00970647
-0.0108119
-0.0106571
-0.0102693
-0.00881061
-0.0110483
-0.011645
-0.0102046
-0.0118052
-0.00985205
-0.01013
-0.00975574
-0.00901904
-0.0120736
-0.0115266
-0.011406
-0.0113078
-0.0108031
-0.0119582
-0.0105226
-0.0112439
-0.0130475
-0.00994212
-0.0113571
-0.00968111
-0.0132872
-0.0119199
-0.0132721
-0.0116957
-0.0109681
-0.0112295
-0.00995498
-0.00912271
-0.00966016
-0.00938334
-0.0112527
-0.0139916
-0.0156178
-0.0165569
-0.0180162
-0.0167723
-0.0148939
-0.0143839
-0.0158439
-0.0158847
-0.0166003
-0.0166973
-0.0153531
-0.00873562
0.000385106
0.00358358
0.00849357
0.00579811
0.00964448
-0.00796403
-0.0152365
-0.0143251
-0.0151174
-0.0154498
-0.0161785
-0.0151376
-0.0136482
-0.0142453
-0.0139089
-0.0121582
-0.0113968
-0.0131339
-0.0108476
-0.00894699
-0.00765047
-0.00543798
-0.00323774
-0.0024758
0.00110692
0.00310656
0.00579113
0.00611304
0.00707769
0.00634677
0.0106664
0.0119856
0.0101534
0.00827897
0.00235648
-0.00389934
-0.00584121
-0.0136034
-0.0144924
-0.0142358
-0.0143769
-0.0132894
-0.0132703
-0.0112152
-0.00782471
-0.0113236
-0.00955391
-0.00748579
-0.00451832
-0.00526669
-0.00484325
-0.00326972
-0.00282975
-0.00690426
-0.00504872
-0.00487854
-0.00747696
-0.0102509
-0.00944988
-0.00572175
-0.0105994
-0.00972596
-0.0116416
-0.00988366
-0.00913447
-0.0113075
-0.00766591
-0.00813864
-0.00723582
-0.00832427
-0.00588017
0.00100916
0.0100876
0.0257783
0.0348919
0.0454346
0.0506772
0.0533454
0.0491495
0.0416019
0.0399979
0.0411287
0.0407319
0.0415718
0.0409671
0.0409219
0.0402029
0.0401852
0.0381617
0.0376844
0.0371304
0.0367259
0.0424396
0.0501121
0.0554489
0.0648239
0.0780178
0.0882068
0.102932
0.108749
0.116594
0.121046
0.126235
0.121398
0.1254
0.129173
0.138356
0.147722
0.164211
0.180041
0.190558
0.199711
0.211621
0.223721
0.23993
0.257739
0.271567
0.280072
0.288328
0.306164
0.316626
0.332711
0.349404
0.368345
0.386506
0.402458
0.427466
0.445159
0.461568
0.47461
0.497989
0.517634
0.530874
0.538997
0.558317
0.581735
0.610534
0.627218
0.659456
0.684529
0.706065
0.712796
0.72061
0.724326
0.737823
0.757772
0.786384
0.80383
0.82373
0.826435
0.831926
0.839452
0.844098
0.860674
0.875071
0.886786
0.90522
0.916172
0.926944
0.936884
0.942762
0.957223
0.982254
0.988592
0.992595
1.00058
1.0172
1.01665
1.02827
1.03193
1.03879
1.04319
1.03673
1.04103
1.04781
1.0605
1.05906
1.06886
1.0627
1.0609
1.05488
1.06108
1.0675
1.08161
1.07347
1.06594
1.06956
1.06721
1.06317
1.07193
1.05256
1.05255
1.04459
1.0519
1.04643
1.04442
1.03981
1.04184
1.0367
1.03996
1.04463
1.03528
1.03316
1.03316
1.02659
1.0225
1.02201
1.02946
1.04129
1.05071
1.05095
1.05035
1.05526
1.04824
1.04602
1.05671
1.0522
1.0485
1.06074
1.05277
1.05539
1.05453
1.04716
1.04773
1.05099
1.0439
1.03755
1.03442
1.02609
1.009
1.00311
1.00738
1.00931
1.00814
1.00853
1.01907
1.00833
1.00546
1.01698
1.02759
1.02173
1.01853
1.02364
1.02411
1.03234
1.03353
1.04191
1.03802
1.02976
1.03116
1.03236
1.026
1.02249
1.01596
1.01234
1.00835
1.01082
1.01127
1.00662
1.01542
1.00607
1.01497
1.01839
1.01981
1.01723
1.01107
0.997214
0.969297
0.92165
0.882644
0.834656
0.797331
0.755457
0.727074
0.68722
0.651049
0.616083
0.5756
0.53125
0.503522
0.474022
0.440817
0.408902
0.384338
0.369568
0.35318
0.325982
0.299145
0.269928
0.251147
0.244276
0.241989
0.238628
0.235637
0.233078
0.230926
0.233315
0.237244
0.241561
0.247032
0.262544
0.270578
0.278732
0.285797
0.287592
0.29074
0.298659
0.299144
0.29904
0.301106
0.30575
0.3134
0.326426
0.342473
0.359753
0.375359
0.397279
0.411077
0.420611
0.437728
0.458424
0.476279
0.492616
0.508118
0.534233
0.563168
0.600783
0.632757
0.641471
0.653974
0.663524
0.672779
0.692627
0.689847
0.69241
0.685859
0.692523
0.695728
0.706388
0.712596
0.724701
0.731141
0.73286
0.754575
0.780805
0.777979
0.781409
0.786426
0.808956
0.830693
0.843858
0.855425
0.862024
0.877476
0.873228
0.87647
0.885432
0.903412
0.922223
0.939298
0.956938
0.955347
0.948289
0.951511
0.948955
0.961073
0.962779
0.978284
0.994676
0.997105
1.01187
1.00584
1.00353
1.00846
1.00445
1.00521
1.01539
1.02013
1.0191
1.02477
1.03995
1.04471
1.04296
1.04448
1.0528
1.04935
1.06055
1.07598
1.0779
1.07662
1.07081
1.07687
1.07056
1.06577
1.05769
1.05536
1.0584
1.05512
1.05082
1.05335
1.06202
1.06097
1.0654
1.05689
1.05304
1.05727
1.05202
1.05745
1.06012
1.06268
1.06549
1.0689
1.06289
1.06508
1.07194
1.07242
1.06609
1.07945
1.08101
1.08163
1.07863
1.07401
1.07555
1.06373
1.06589
1.05801
1.05139
1.05989
1.06762
1.06162
1.05206
1.06052
1.05161
1.05034
1.05031
1.05585
1.0529
1.04188
1.03074
1.03163
1.03287
1.03077
1.03576
1.04114
1.046
1.03797
1.03196
1.02756
1.03324
1.0363
1.05033
1.05621
1.05833
1.05443
1.04257
1.03836
1.04211
1.05261
1.05366
1.06446
1.07671
1.08125
1.08609
1.08225
1.06867
1.06041
1.06781
1.06444
1.06175
1.05971
1.04666
1.04443
1.03852
1.03372
1.03918
1.04938
1.05499
1.0676
1.06979
1.05728
1.04672
1.04716
1.04135
1.04712
1.05984
1.07155
1.07797
1.08474
1.0754
1.06625
1.09852
1.0893
1.08561
1.07705
1.07328
1.07485
1.06234
1.06714
1.0689
1.0525
1.05268
1.05335
1.05389
1.04939
1.03448
1.03336
1.0425
1.05256
1.05835
1.04898
1.03181
1.01794
1.01772
1.02212
1.01963
1.02558
1.02523
1.03241
1.03419
1.03002
1.02132
1.0118
1.0032
1.00507
1.00851
1.01641
1.02332
1.02029
1.019
1.0287
1.03456
1.03675
1.03283
1.02492
1.01336
1.01014
1.02494
1.03461
1.03682
1.04812
1.04659
1.0484
1.04099
1.03321
1.02674
1.02952
1.02855
1.03104
1.03149
1.01821
1.0115
1.01541
1.03022
1.03955
1.0397
1.03019
1.00195
0.990863
0.980081
0.980287
0.987468
0.973584
0.975398
0.975808
0.976583
0.985573
0.989565
1.00143
0.997862
1.01707
1.02413
1.00889
1.00464
1.00689
1.00579
1.00895
1.00682
0.995959
0.990674
0.995407
0.991034
1.00002
0.989268
0.981521
0.968252
0.963262
0.956028
0.938773
0.937391
0.919687
0.919934
0.894171
0.882142
0.861327
0.850515
0.82908
0.82624
0.809553
0.805735
0.807409
0.80765
0.809436
0.810732
0.812521
0.823706
0.81224
0.804397
0.79168
0.780365
0.778831
0.793575
0.790903
0.798704
0.791264
0.78968
0.781992
0.772084
0.772334
0.770772
0.776522
0.76962
0.779998
0.775647
0.76377
0.767297
0.767138
0.7658
0.76769
0.762579
0.750679
0.751793
0.749186
0.750492
0.762398
0.767024
0.780861
0.78565
0.793622
0.799517
0.801881
0.807931
0.811278
0.822176
0.818384
0.825932
0.820845
0.823777
0.81987
0.821286
0.817332
0.821822
0.824858
0.817018
0.817364
0.80871
0.8046
0.796037
0.78988
0.781724
0.772342
0.760042
0.754127
0.758403
0.756226
0.762714
0.764834
0.76682
0.770726
0.770461
0.774028
0.781228
0.784853
0.781632
0.785052
0.787222
0.788397
0.784057
0.783858
0.787314
0.786087
0.787307
0.792882
0.793105
0.799107
0.793545
0.786977
0.786578
0.787161
0.783475
0.778755
0.775746
0.771917
0.757374
0.751172
0.741542
0.735779
0.732914
0.730776
0.738184
0.74601
0.745154
0.739547
0.742136
0.748074
0.748842
0.755746
0.748462
0.743421
0.75293
0.751359
0.749962
0.750686
0.744797
0.747329
0.747157
0.742507
0.750776
0.750933
0.747582
0.746785
0.739828
0.751845
0.756609
0.756804
0.767244
0.762699
0.763031
0.770453
0.777002
0.795157
0.79535
0.790849
0.780861
0.771955
0.768757
0.772137
0.779075
0.781594
0.788497
0.787767
0.782519
0.777269
0.770188
0.768462
0.767198
0.770597
0.76429
0.730864
0.68869
0.653853
0.612759
0.577548
0.547124
0.52832
0.511168
0.501097
0.496978
0.489597
0.485998
0.479609
0.463849
0.444707
0.429825
0.424361
0.418018
0.418161
0.421122
0.422707
0.41346
0.402841
0.400108
0.395782
0.396859
0.399006
0.396011
0.395244
0.392895
0.384521
0.379392
0.372452
0.369923
0.369696
0.362849
0.357776
0.351489
0.338734
0.328361
0.317918
0.306812
0.288359
0.277232
0.266912
0.255553
0.251286
0.244926
0.242372
0.242247
0.241239
0.238919
0.235449
0.230171
0.221244
0.210326
0.203724
0.195693
0.191887
0.189238
0.1863
0.182096
0.165894
0.159187
0.15279
0.150075
0.145477
0.144261
0.141783
0.1348
0.124207
0.115328
0.114021
0.107796
0.107449
0.10085
0.096612
0.0955821
0.096559
0.0964649
0.0943757
0.0958234
0.0919573
0.0936755
0.0923515
0.0927928
0.0939226
0.0917337
0.0936343
0.0913983
0.0931459
0.0926163
0.0921868
0.0924986
0.0909453
0.0898332
0.0901804
0.090857
0.0914454
0.0909511
0.0939462
0.0921044
0.0911041
0.0920809
0.0910335
0.0932989
0.0934283
0.0953408
0.095488
0.093499
0.0926222
0.0938049
0.0933283
0.100655
0.107266
0.114822
0.12258
0.123281
0.129947
0.133903
0.135501
0.141476
0.146498
0.160061
0.173569
0.189718
0.196161
0.20684
0.209239
0.212577
0.217058
0.216725
0.216446
0.2183
0.222499
0.223838
0.228617
0.232851
0.231982
0.2272
0.224796
0.22122
0.212726
0.209322
0.204549
0.201766
0.200556
0.197981
0.197139
0.200431
0.205172
0.208063
0.209185
0.209833
0.209904
0.210076
0.213979
0.219436
0.224629
0.227135
0.224516
0.219852
0.217563
0.212405
0.208105
0.197033
0.192041
0.184257
0.177107
0.179562
0.175746
0.170611
0.168483
0.166934
0.162791
0.165923
0.164445
0.164268
0.166355
0.167803
0.16973
0.166839
0.165273
0.168175
0.165941
0.167395
0.167436
0.16623
0.163494
0.165562
0.164759
0.165592
0.166981
0.167117
0.163228
0.166762
0.165988
0.164499
0.165834
0.164469
0.163795
0.164439
0.164215
0.16282
0.165622
0.166585
0.165421
0.165036
0.167141
0.166544
0.166331
0.167856
0.167413
0.172285
0.174728
0.175521
0.178769
0.179752
0.183256
0.189452
0.191253
0.194009
0.193594
0.193641
0.196386
0.19823
0.197738
0.197282
0.197353
0.195402
0.196185
0.199434
0.199292
0.196748
0.19966
0.20071
0.2023
0.203374
0.202413
0.203255
0.20268
0.201629
0.200621
0.201339
0.201908
0.201801
0.203979
0.204964
0.206264
0.206193
0.207232
0.206003
0.206258
0.207006
0.204335
0.204863
0.207315
0.204537
0.205285
0.201623
0.20052
0.199019
0.195924
0.194969
0.190548
0.18864
0.185542
0.185974
0.181989
0.181901
0.181261
0.180823
0.183043
0.182635
0.182256
0.18466
0.182931
0.181368
0.18154
0.182883
0.181255
0.17842
0.179521
0.177237
0.179651
0.176621
0.176752
0.176556
0.174545
0.175113
0.172894
0.17309
0.172853
0.17196
0.172835
0.169701
0.170901
0.172912
0.172664
0.170227
0.173344
0.171989
0.169943
0.170387
0.169192
0.171138
0.169512
0.169482
0.171599
0.170381
0.173072
0.170647
0.170895
0.167661
0.16775
0.167354
0.162932
0.160522
0.155229
0.151391
0.149815
0.139329
0.125774
0.115446
0.109798
0.10178
0.0970828
0.0901568
0.0728339
0.0637549
0.0459534
0.0322158
0.0162144
0.00228003
-0.0114994
-0.0315989
-0.0431442
-0.0491752
-0.0414836
-0.0419017
-0.0393226
-0.0396994
-0.037886
-0.0442042
-0.0524389
-0.0562628
-0.0741088
-0.0755423
-0.0847774
-0.100907
-0.10605
-0.10809
-0.108267
-0.103206
-0.101102
-0.0919984
-0.0896835
-0.0982955
-0.109775
-0.110692
-0.118732
-0.121183
-0.113555
-0.116892
-0.113265
-0.110568
-0.116193
-0.121124
-0.130504
-0.132169
-0.124084
-0.121952
-0.121455
-0.131103
-0.148591
-0.164458
-0.176947
-0.189587
-0.19569
-0.187768
-0.184209
-0.181373
-0.171846
-0.172256
-0.174554
-0.180455
-0.184126
-0.182356
-0.163108
-0.141987
-0.132045
-0.128804
-0.133046
-0.124954
-0.109408
-0.101416
-0.111064
-0.124285
-0.137047
-0.141922
-0.137113
-0.144941
-0.148983
-0.123805
-0.102568
-0.0942369
-0.105559
-0.122408
-0.119442
-0.105057
-0.0953828
-0.0903271
-0.0869262
-0.0810414
-0.0762384
-0.0825935
-0.0967002
-0.104052
-0.104046
-0.102651
-0.118543
-0.13451
-0.130007
-0.114637
-0.110118
-0.113383
-0.111189
-0.122982
-0.126846
-0.132403
-0.141272
-0.148187
-0.143574
-0.143016
-0.141062
-0.140154
-0.143396
-0.136084
-0.112747
-0.0999588
-0.10662
-0.113871
-0.108749
-0.0997697
-0.102447
-0.104359
-0.0971433
-0.0861085
-0.0778697
-0.0777163
-0.0799142
-0.0935133
-0.0921017
-0.0884848
-0.0849072
-0.0812833
-0.0761971
-0.0659234
-0.0623392
-0.0715077
-0.0730677
-0.070567
-0.0558621
-0.0508865
-0.0438037
-0.0380832
-0.0296831
-0.0275261
-0.0269082
-0.0230567
-0.0217858
-0.0315931
-0.0321905
-0.0380038
-0.0349101
-0.0416661
-0.0521325
-0.064202
-0.0775924
-0.0839776
-0.0973206
-0.101448
-0.00845256
0.01575
0.0106793
0.00680759
0.0026005
-0.00171866
-0.00515017
-0.0177555
-0.0215328
-0.0199736
-0.0232333
-0.0211386
-0.0164848
-0.00995535
-0.00908484
-0.00990535
-0.00690279
-0.00366521
-0.00446502
-0.00414745
-0.0030683
-0.00475025
-0.000624867
0.00563458
0.00768072
0.0121138
0.0169464
0.0276836
0.0269517
0.0225047
0.0129281
0.013854
0.0142861
0.0108556
0.0127517
0.0157206
0.018954
0.0208499
0.019048
0.0206559
0.0185013
0.0206647
0.0191803
0.023022
0.0230484
0.0198858
0.0196095
0.0211938
0.0192979
0.0222519
0.0224635
0.0190186
0.0204354
0.022634
0.0195683
0.0182897
0.0173079
0.0183543
0.0190069
0.0171786
0.0196741
0.0188746
0.0202679
0.0203002
0.0171051
0.0171492
0.0202502
0.0164408
0.0169787
0.0181633
0.0167435
0.0195419
0.0179017
0.0188776
0.0158
0.0181868
0.0194537
0.0173579
0.0172873
0.0190186
0.0190686
0.0180222
0.0176371
0.0176254
0.017499
0.0184602
0.0180604
0.0174519
0.0179076
0.0175431
0.0189599
0.0176195
0.0177194
0.0167347
0.0168758
0.0173373
0.0178664
0.0180898
0.0181574
0.016088
0.0157441
0.0160851
0.0186013
0.0171462
0.0170963
0.0172697
0.0169963
0.0167289
0.0193919
0.0188041
0.0170551
0.0157794
0.0153973
0.0155413
0.0173461
0.016723
0.0168082
0.0179693
0.0178576
0.016914
0.0184837
0.0171639
0.017837
0.0177194
0.017934
0.0174931
0.016526
0.0159205
0.0173403
0.0155442
0.0169199
0.0175666
0.0177753
0.0179634
0.0178546
0.0168729
0.0161968
0.0182632
0.0173814
0.0167347
0.0186512
0.0154208
0.0161792
0.0176606
0.0155266
0.018419
0.0142127
0.0179164
0.018175
0.0205383
0.0341439
0.0398811
0.0380353
0.0341439
0.0263845
0.0220814
0.0236892
0.026408
0.026796
0.0272075
0.0279276
0.0284713
0.0263375
0.0297058
0.0301084
0.0274632
0.0302025
0.0247385
0.0263228
0.0251706
0.027519
0.026793
0.0308932
0.0324303
0.0339234
0.0357369
0.0303582
0.0296411
0.0327037
0.0319483
0.0304082
0.0322011
0.033171
0.0312135
0.0303906
0.0298468
0.0336148
0.0321982
0.0334267
0.0334414
0.0313487
0.0319101
0.0322628
0.0320747
0.0332151
0.0323451
0.0323921
0.0326155
0.0309137
0.0307638
0.0312635
0.0314487
0.0313987
0.0350667
0.0347346
0.0339087
0.033944
0.0341615
0.0333033
0.028968
0.0264403
0.0274984
0.0229691
0.0189951
0.0187306
0.014001
0.00879784
0.00413226
-0.000836567
0.00205659
0.00113044
-0.00261841
-0.00762621
-0.0120788
-0.0183145
-0.0220005
-0.0243278
-0.0183762
-0.0201736
-0.0311869
-0.0406003
-0.0474936
-0.0469929
-0.045868
-0.039352
-0.0330999
-0.0326114
-0.0363524
-0.0326408
-0.0252546
-0.0217622
-0.0217681
-0.0230744
-0.0190852
-0.0101377
-0.00855255
-0.0060941
-0.00393573
-0.00542364
-0.00563831
-0.00420038
-0.00602353
-0.0050796
-0.00502961
-0.00526191
-0.00534425
0.00103342
0.00756313
0.00986496
0.0124901
0.0112731
0.0112819
0.0107263
0.00867143
0.00910063
0.00859793
-0.0173114
-0.032217
-0.0485096
-0.0566046
-0.0509219
-0.0553937
-0.0518851
-0.0552965
-0.0538529
-0.0629994
-0.0696294
-0.0695144
-0.0738021
-0.0701513
-0.0764714
-0.0843996
-0.0774803
-0.0769936
-0.0714694
-0.0589589
-0.0578127
-0.0521826
-0.0474288
-0.0435652
-0.0380332
-0.0405414
-0.0360256
-0.0317432
-0.0346039
-0.0298332
-0.0267934
-0.028968
-0.0300098
-0.0358784
-0.0446842
-0.0501708
-0.0512282
-0.0492371
-0.0562717
-0.0514197
-0.0480678
-0.0591711
-0.0656375
-0.0659942
-0.0592919
-0.0599432
-0.0597457
-0.0668786
-0.0654547
-0.0658763
-0.06465
-0.0658173
-0.0590503
-0.0561096
-0.0541534
-0.0539913
-0.0590061
-0.0632204
-0.0517289
-0.0575268
-0.0536349
-0.049028
-0.0481444
-0.039461
-0.0440216
-0.0356371
-0.0413364
-0.0422726
-0.0385278
-0.0412628
-0.0340947
-0.0320286
-0.03846
-0.0337357
-0.032167
-0.0340565
-0.0301569
-0.0252693
-0.0262815
-0.024825
-0.027379
-0.0256606
-0.0295389
-0.0344597
-0.0440864
-0.0457354
-0.0389075
-0.0265375
-0.0233009
-0.0270347
-0.0274467
-0.0288444
-0.0287944
-0.0314842
-0.0347482
-0.0344774
-0.0258254
-0.0220594
-0.020915
-0.0179791
-0.0189204
-0.0152847
-0.0279822
-0.0371089
-0.0436624
-0.0493196
-0.049349
-0.0475524
-0.046772
-0.0397377
-0.0354781
-0.0337975
-0.0290151
-0.0252281
-0.0185321
-0.0173467
-0.0105377
-0.0124229
-0.00894663
-0.0113258
-0.0112935
-0.0098083
-0.00899956
-0.00808202
-0.00593237
-0.00670282
-0.00817319
-0.00928482
-0.0216387
-0.0311016
-0.0360904
-0.0401911
-0.0475024
-0.0510132
-0.0536791
-0.0519027
-0.0594805
-0.0562569
-0.0535966
-0.0603587
-0.057132
-0.0490339
-0.0420283
-0.0410949
-0.038622
-0.0398378
-0.0412834
-0.0402529
-0.0376564
-0.0488925
-0.0509955
-0.0614963
-0.0641843
-0.0626103
-0.0680431
-0.0595512
-0.0521767
-0.0445723
-0.0327467
-0.0328056
-0.038201
-0.0323906
-0.0344215
-0.043471
-0.045703
-0.0466896
-0.0422049
-0.0400115
-0.038042
-0.0325819
-0.0312782
-0.0267876
-0.0229773
-0.0252605
-0.0206325
-0.0245896
-0.0295154
-0.0269523
-0.0267846
-0.0336739
-0.0391018
-0.0451259
-0.0521855
-0.0691281
-0.0736399
-0.0778136
-0.0834965
-0.0829092
-0.0894679
-0.100656
-0.101797
-0.0985436
-0.0922937
-0.0712364
-0.0620002
-0.0606298
-0.068161
-0.0724484
-0.0811476
-0.0883018
-0.102033
-0.10911
-0.110902
-0.111419
-0.103387
-0.105027
-0.095755
-0.0917533
-0.0908379
-0.0878117
-0.0904245
-0.0907464
-0.102352
-0.108093
-0.114676
-0.119505
-0.118457
-0.116782
-0.106733
-0.100922
-0.0931707
-0.0954065
-0.0980178
-0.102184
-0.103602
-0.103526
-0.0968597
-0.0927189
-0.0920367
-0.0942546
-0.096715
-0.1013
-0.107192
-0.111989
-0.110015
-0.112247
-0.106453
-0.100299
-0.109292
-0.11501
-0.115646
-0.12204
-0.123749
-0.124119
-0.118947
-0.120545
-0.115016
-0.123246
-0.128083
-0.142499
-0.152625
-0.15751
-0.155231
-0.14598
-0.145389
-0.139246
-0.134491
-0.129238
-0.119326
-0.11792
-0.116651
-0.122578
-0.12856
-0.132843
-0.141054
-0.141971
-0.142666
-0.145217
-0.141842
-0.148554
-0.147172
-0.152879
-0.154081
-0.150829
-0.148132
-0.146594
-0.150275
-0.155536
-0.151991
-0.158413
-0.159064
-0.156414
-0.161434
-0.163034
-0.15359
-0.153994
-0.159092
-0.15453
-0.160848
-0.166613
-0.160498
-0.1638
-0.164049
-0.160069
-0.165339
-0.171887
-0.169974
-0.179893
-0.184591
-0.175709
-0.176004
-0.181369
-0.178112
-0.172834
-0.177543
-0.170494
-0.169581
-0.161829
-0.14974
-0.153138
-0.155425
-0.147612
-0.139187
-0.130831
-0.125801
-0.12362
-0.126339
-0.127769
-0.120163
-0.109111
-0.101099
-0.100767
-0.101593
-0.0971267
-0.0932346
-0.0829651
-0.0768038
-0.0781984
-0.0827491
-0.0934219
-0.0989809
-0.102096
-0.107574
-0.114936
-0.121975
-0.130448
-0.127368
-0.122084
-0.12014
-0.123923
-0.124771
-0.120513
-0.123961
-0.124505
-0.126763
-0.13793
-0.131134
-0.12453
-0.124535
-0.119936
-0.121664
-0.125189
-0.120421
-0.110618
-0.105952
-0.104047
-0.106709
-0.105975
-0.100273
-0.100325
-0.0937099
-0.0832685
-0.0751695
-0.0718195
-0.0644337
-0.068803
-0.0741446
-0.0717757
-0.067278
-0.0673116
-0.0530299
-0.0470238
-0.0414405
-0.0385701
-0.0420647
-0.0424327
-0.0502345
-0.0423503
-0.0396715
-0.0370809
-0.0377017
-0.0325256
-0.0342835
-0.0323991
-0.0247989
-0.0230505
-0.0205369
-0.0204097
-0.0271484
-0.0264959
-0.0237897
-0.0197574
-0.00637457
-0.00444481
-0.00313887
-0.00367476
-0.00623195
-0.00405262
-0.00339064
-0.0058368
-0.00455397
-0.00496749
-0.00147094
-0.0036619
-0.00446171
-0.00228247
-0.00172234
-0.00423235
-0.00326163
-0.00117102
-0.00364977
-0.0032234
-0.00212516
-0.00280476
-0.00108061
-0.00135737
-0.000325327
-0.0012291
-0.00257063
-0.000671911
-0.000699476
-0.00229607
-0.000670808
-0.00211156
-0.0030025
-0.00228137
-0.0023751
-0.000450288
-0.000473443
-0.00269964
-0.00347702
-0.000547317
-0.00218471
-0.00166941
-0.00111589
0.00104114
-0.00350716
-0.00175982
-0.002793
-0.000282694
-0.000768205
-0.00254601
-0.0030569
-0.00280476
-0.00108024
0.000315643
-0.0029742
-0.000209555
-0.0021667
-0.000490349
-0.00124417
-0.00063479
-8.16547e-05
-0.00176313
-0.00232437
-0.00347371
-0.00186053
-0.00220014
-0.00197116
-0.00262282
-0.000981743
-0.00341196
-0.0022391
-0.00246073
-0.000711605
-0.00451538
-0.00274963
-0.00230306
-0.00248168
-0.00327339
-0.0021689
-0.00117066
0.000141068
-0.0017341
-0.000799445
-0.000763795
-0.00151945
-0.00224021
-0.00220419
-0.00197741
-0.000889859
-0.00307749
-0.000492922
-0.00191934
-0.000702784
-0.0034149
-0.00166647
-0.000175007
-0.00233136
-0.0020149
0.00113191
-0.0012291
-0.0015529
-0.00163596
-0.00223837
-0.00155694
-0.00274779
-0.00189361
-0.00166022
-0.00316937
-0.00214097
-0.00225491
-0.00136876
-0.000390013
-0.0011034
-0.00310689
2.19886e-05
-0.0011339
-0.00266325
-0.0010615
-0.00108612
-0.00276654
-0.00071234
0.000649724
-0.00237914
-0.0037049
-0.00276727
-0.00304294
-0.00131473
-0.000818925
-0.00148601
-0.00128239
-0.00279778
-0.00374056
-0.00201894
-0.00138677
-0.00294443
-0.00260261
