0.00140395
0.0105252
-0.00592373
0.0174065
0.0126726
0.00609851
-0.00540099
0.0109324
0.000875456
-0.00853065
-0.00811854
-0.00131253
0.0104302
-0.0179512
-0.0142033
0.0118307
0.0246498
-0.00842571
0.00823494
0.0087739
0.00638042
0.016182
-0.00402294
0.0122267
-0.00431873
0.0181103
0.00427713
-0.00238807
-0.00735885
0.00542855
0.00528728
0.00555355
-0.0122324
0.00599531
-0.0217358
-0.002147
0.00372087
-0.00700408
-0.00545936
-0.0118617
0.01207
0.0193314
0.00955088
0.0064016
0.0165656
0.0031302
-0.019767
0.00431548
-0.0129125
-0.0179633
0.0108656
-0.00313719
0.00841744
-0.00630867
-0.0347218
0.000932205
-0.00128287
0.0107224
-0.0135663
-0.0148118
4.43868e-06
0.00694633
0.00743238
-0.00707774
0.00786735
-0.0113075
-0.00856781
5.81811e-05
-0.00157206
0.0200478
-0.000642183
0.00243557
0.0260075
-0.00389639
-0.00474858
0.00028399
-0.00342772
-0.0174913
0.006691
-0.00497958
-0.0145386
0.0141935
0.00437477
-0.00826283
-0.00681968
-0.0178155
-0.0156043
-0.0103742
-0.0126316
-0.00429859
0.00795095
-0.00110185
0.00184214
0.000332555
0.015514
0.00122944
-0.00515458
0.00762705
-0.00373363
-0.00584444
-0.00131941
-0.00623621
0.00241805
-0.000139992
0.00496753
0.0102674
-0.0183601
0.0049958
-0.00181386
0.00894259
-0.00777139
0.0121503
0.00117598
-0.00452236
-0.00296417
0.00178863
0.00506371
-0.02928
0.0313383
0.000266926
-0.00844282
0.00381177
0.000694577
0.0169258
-0.0152364
0.0270018
0.0157124
0.00215483
-0.00162036
-0.0057887
0.00270505
0.000673831
0.0121205
0.0218391
0.00387353
-0.0189953
0.000680842
-0.00413853
0.00768695
-0.0142387
0.0143679
-0.00492677
-0.0238041
-0.0128129
-0.00972763
-3.35509e-05
-0.00750837
-0.00689867
-0.00267554
-0.0219381
0.00256411
-0.0065653
-0.00252404
0.0114018
-0.0119925
-0.0153071
-0.00593491
-0.000764455
0.00863553
-0.0138954
0.0130083
0.0164413
0.0134114
0.00203616
0.0115146
0.0492267
0.024637
0.016919
0.00717344
0.0229508
0.0462124
0.0387705
0.041768
0.0471737
0.0727552
0.0417783
0.0283317
0.0401847
0.0401794
0.0874043
0.0586528
0.0770658
0.0878869
0.120614
0.111893
0.103478
0.167152
0.163893
0.187525
0.268072
0.40685
0.580978
0.64943
0.749524
0.764605
0.766556
0.780273
0.824844
0.782587
0.728137
0.708454
0.595876
0.560725
0.571373
0.562396
0.635121
0.710559
0.714036
0.774579
0.73749
0.703102
0.617405
0.62345
0.596538
0.599499
0.632174
0.642665
0.621005
0.641091
0.62068
0.576367
0.612978
0.594455
0.586161
0.6472
0.716839
0.677782
0.6872
0.669473
0.608067
0.558197
0.50558
0.518571
0.550764
0.557968
0.601022
0.590912
0.585729
0.568489
0.558189
0.478198
0.453395
0.46592
0.492249
0.530273
0.558335
0.552008
0.571487
0.53605
0.52724
0.517895
0.51775
0.448939
0.497956
0.504329
0.564345
0.650914
0.656063
0.691329
0.693767
0.664705
0.658146
0.667733
0.595208
0.597006
0.681087
0.69831
0.714093
0.663391
0.724725
0.685775
0.663589
0.652166
0.683778
0.685302
0.742675
0.712846
0.748325
0.71412
0.700833
0.689806
0.678305
0.704586
0.711524
0.702865
0.712037
0.715223
0.732665
0.6868
0.63953
0.641187
0.661592
0.65798
0.714066
0.737038
0.759782
0.696335
0.621081
0.622312
0.649674
0.670304
0.67608
0.751208
0.733653
0.728975
0.724124
0.731182
0.701185
0.754591
0.828691
0.842937
0.836676
0.848152
0.818941
0.81129
0.813912
0.845935
0.903065
0.88594
0.909818
0.921524
0.87135
0.905371
0.968352
1.03166
1.05393
1.04585
1.04216
1.01772
1.06426
1.06895
1.10996
1.09479
1.04554
1.02107
1.10851
1.08545
1.17707
0.888193
0.901028
0.919092
0.749159
0.683611
0.713346
0.649261
0.627591
0.676305
0.70242
0.677342
0.748514
0.783165
0.748077
0.742852
0.661124
0.624856
0.6123
0.617949
0.658422
0.679679
0.673765
0.661979
0.687603
0.675135
0.660317
0.646737
0.618161
0.658042
0.661716
0.673417
0.64656
0.64694
0.622854
0.609964
0.581946
0.584544
0.607966
0.655023
0.677014
0.745425
0.726791
0.705534
0.650818
0.640863
0.618794
0.649064
0.711191
0.696558
0.696103
0.663665
0.65644
0.61229
0.563632
0.571723
0.595366
0.595342
0.630357
0.609559
0.577746
0.584242
0.573638
0.527091
0.530746
0.512417
0.560691
0.529146
0.579107
0.568508
0.569542
0.56602
0.522787
0.454837
0.458932
0.441708
0.444498
0.387641
0.422915
0.403345
0.392763
0.381532
0.414137
0.361158
0.355139
0.330049
0.307494
0.289899
0.283731
0.294178
0.278599
0.225846
0.217552
0.29339
0.252106
0.305252
0.289528
0.283758
0.271246
0.268366
0.291139
0.26845
0.297229
0.318548
0.328505
0.333363
0.350157
0.341844
0.351676
0.340773
0.336004
0.364258
0.352291
0.307817
0.336483
0.313345
0.311448
0.328333
0.339108
0.327684
0.324099
0.345383
0.356791
0.393622
0.4733
0.46094
0.509375
0.521473
0.500409
0.504089
0.495552
0.467742
0.485428
0.490942
0.441668
0.396429
0.406306
0.3767
0.404733
0.365775
0.155821
0.282275
0.207849
0.237661
0.176101
0.0621204
0.0322896
0.175894
-0.0217348
0.00862822
0.00672451
0.0501599
0.0315145
0.0186226
0.0190013
-0.00244579
-0.00902314
0.0296351
-0.00738925
0.0276339
0.0393827
0.0486995
0.0305915
0.00396249
0.0286949
0.00851258
0.0266883
0.00907895
0.0275183
0.0252592
0.018328
0.0441811
0.0413887
0.0152601
0.0294608
0.0142687
0.0448978
0.00349956
-0.00858071
0.00149568
-0.00828737
-0.0100834
0.00364206
0.0137704
0.00264486
-0.00575351
-0.00557271
-9.15229e-05
0.00519316
-0.0105188
0.0134889
0.00217133
-0.0161172
-0.00661262
-0.0102323
0.00255118
-0.00499314
0.00453606
-0.00117937
0.00146843
0.00191288
-0.00249892
-0.000523744
-0.000913566
-0.00750531
0.0318434
0.0083334
0.00633679
0.0321676
0.0213104
0.0191007
0.0475675
0.0469923
0.0432358
0.0605869
0.00767303
0.00136247
-0.000640236
-0.011423
-0.00287203
-0.00417383
-0.00854148
-0.00212144
0.00931211
-0.0100462
0.00208153
0.0025831
-0.0200389
0.00307653
0.00570739
0.0048636
-0.000725607
-0.00107644
-0.00412923
-0.0149012
-0.00363913
0.00501788
-0.0176023
0.00629309
0.0346969
0.0107203
0.0168487
0.0196446
0.011402
0.00376554
0.0173547
0.00929248
0.0187669
0.00508843
-0.00291118
-0.00693677
-0.00185647
-0.00407743
-0.02136
-0.0133666
-0.00570258
0.0171448
0.0132918
0.0114983
0.00380214
0.0118757
-0.00217272
0.00621474
0.0209024
-0.0267959
-0.00988767
0.0054803
-0.00382992
0.0224974
-0.0107945
-0.0027632
0.000421359
-0.00879887
-0.0137486
0.000126007
0.0120576
-0.0124199
-0.0102816
-0.0139456
-0.0112816
0.0062577
-0.00350141
0.00591373
0.007356
-0.00596233
0.017067
0.0191004
-0.000465061
0.00136034
-0.00397253
0.00608212
-0.00260674
0.00531166
0.00639253
0.0231857
0.00562972
0.00119728
-0.00175005
0.00283065
-0.00650099
-0.0202171
-0.0126029
0.0168116
0.0042712
0.0321458
0.0175886
0.0366238
0.0427215
0.0805662
0.0760878
0.0462192
0.0319646
0.0636279
0.0265324
0.0336818
0.0207903
-0.00432095
-0.0255052
-0.0420031
0.00694272
0.00134505
0.081885
0.0505869
-0.00394361
-0.0034428
0.0101846
0.0332065
0.0375541
0.0362074
0.0207934
0.020795
0.0182421
0.0611996
0.050191
0.0399199
0.0045655
0.0338921
0.00715605
-0.0153601
-0.000828431
-0.0281077
-0.0148648
-0.00564987
-0.00663019
-0.0114969
-0.0144287
0.00386359
-0.0216226
-0.00260891
0.0411942
0.015803
0.00862131
0.00910725
0.0305124
0.0485936
0.0339748
0.0381949
0.0226681
0.0165024
0.0268432
0.0483811
0.0308292
0.0110532
0.0172874
-0.00864987
-0.0127097
0.0174102
-0.00413563
-0.0139622
0.0026335
-0.004787
0.0127075
0.000473334
0.0290019
0.0148898
-0.00334871
0.00717691
0.0209894
0.0151666
0.00888891
0.00449339
0.027573
0.00157572
-0.000330232
-0.0117937
-0.0194406
-0.0270089
-0.0391587
-0.0538557
-0.0829726
-0.0564885
-0.0541924
-0.00983929
0.0046135
0.0172795
0.0318033
0.000589674
-0.00105166
-0.00466866
-0.00915396
0.0140702
0.000916373
0.000317423
-0.0095216
0.0276752
0.00635448
0.00477151
-0.00437473
-0.0256377
-0.0392239
-0.0180777
-0.0603594
-0.0533829
-0.061607
-0.068463
-0.0592155
-0.0884744
-0.0905772
-0.0537492
-0.0575678
-0.0443099
-0.0753283
-0.101641
-0.0941311
-0.129374
-0.156745
-0.147062
-0.106863
-0.121641
-0.119015
-0.16553
-0.180845
-0.156728
-0.180764
-0.142476
-0.184545
-0.220887
-0.201731
-0.200442
-0.245896
-0.260315
-0.238007
-0.243179
-0.240694
-0.250651
-0.270457
-0.245684
-0.225031
-0.242297
-0.262128
-0.31189
-0.291981
-0.325421
-0.32542
-0.360412
-0.350125
-0.322162
-0.321977
-0.305904
-0.338571
-0.328251
-0.397359
-0.408664
-0.381919
-0.381524
-0.36489
-0.336181
-0.359378
-0.340084
-0.353015
-0.383069
-0.390073
-0.418043
-0.40256
-0.41716
-0.442559
-0.42902
-0.444541
-0.467487
-0.442117
-0.411687
-0.393656
-0.426932
-0.430873
-0.434087
-0.511164
-0.579466
-0.612563
-0.638276
-0.670686
-0.672541
-0.663295
-0.686547
-0.749158
-0.763651
-0.764287
-0.765699
-0.801468
-0.782774
-0.8144
-0.790534
-0.809061
-0.841512
-0.828687
-0.863584
-0.857053
-0.800407
-0.770796
-0.713308
-0.686314
-0.71539
-0.701108
-0.698274
-0.686124
-0.642872
-0.633454
-0.597855
-0.565649
-0.59146
-0.575045
-0.577482
-0.569089
-0.552924
-0.586177
-0.576038
-0.564369
-0.612658
-0.620748
-0.650924
-0.662509
-0.701483
-0.745456
-0.720324
-0.733019
-0.733937
-0.706882
-0.713509
-0.695422
-0.67749
-0.730183
-0.748445
-0.706608
-0.69937
-0.661099
-0.592187
-0.484268
-0.458855
-0.451798
-0.413837
-0.386932
-0.426814
-0.422361
-0.412212
-0.460003
-0.499779
-0.480186
-0.455456
-0.509405
-0.523016
-0.482372
-0.530895
-0.561738
-0.559563
-0.566283
-0.60332
-0.639993
-0.614149
-0.564996
-0.577489
-0.535774
-0.511395
-0.500398
-0.490335
-0.508893
-0.436823
-0.44799
-0.435798
-0.441586
-0.473976
-0.470703
-0.484921
-0.476656
-0.400375
-0.290142
-0.249118
-0.193047
-0.177044
-0.159985
-0.169394
-0.138654
-0.124405
-0.0783199
-0.100451
-0.0299789
-0.00706595
-0.0453059
-0.00943645
-0.00200226
0.000914283
-0.024851
-0.0746732
-0.00645803
0.041363
0.0481004
0.0463531
0.0250388
0.00342152
-0.0174453
-0.00905427
0.00982992
0.00116224
0.0144661
-0.00675118
0.00243456
-0.0330914
-0.0295543
-0.0842243
-0.0156523
-0.0697966
-0.0463105
-0.0736235
-0.0920445
-0.11093
-0.080949
-0.108962
-0.0865199
-0.112094
-0.0975565
-0.0911812
-0.0782758
-0.0708073
-0.0688261
-0.0976657
-0.0491447
-0.0731536
-0.0969084
-0.129948
-0.101521
-0.162855
-0.214745
-0.265662
-0.314049
-0.327193
-0.282773
-0.26914
-0.303038
-0.276059
-0.299033
-0.317114
-0.260504
-0.266414
-0.277953
-0.296102
-0.281343
-0.298304
-0.313678
-0.308658
-0.299586
-0.2735
-0.355874
-0.303163
-0.296286
-0.291835
-0.300916
-0.331856
-0.317452
-0.315385
-0.341894
-0.359292
-0.345658
-0.312337
-0.336246
-0.371076
-0.401191
-0.420838
-0.394711
-0.389493
-0.3736
-0.350756
-0.383367
-0.346875
-0.34913
-0.353218
-0.399082
-0.403858
-0.387055
-0.420457
-0.423209
-0.416695
-0.413386
-0.417838
-0.411488
-0.425119
-0.451963
-0.464052
-0.50466
-0.518296
-0.558332
-0.594317
-0.636128
-0.665682
-0.645641
-0.703988
-0.730695
-0.754783
-0.821467
-0.885135
-0.880231
-0.810481
-0.833319
-0.833844
-0.765869
-0.754157
-0.701759
-0.7528
-0.745032
-0.705786
-0.700876
-0.749185
-0.727176
-0.7436
-0.695236
-0.70738
-0.747337
-0.777571
-0.730222
-0.746459
-0.74645
-0.740435
-0.7535
-0.752737
-0.777843
-0.790654
-0.822634
-0.82652
-0.935158
-0.920527
-0.985139
-0.981444
-0.939525
-0.895489
-0.828048
-0.747519
-0.747635
-0.743553
-0.757207
-0.7459
-0.759965
-0.740725
-0.732584
-0.7384
-0.701282
-0.683299
-0.709551
-0.695919
-0.672733
-0.666208
-0.631681
-0.604416
-0.6418
-0.646671
-0.635616
-0.634213
-0.626552
-0.649258
-0.650403
-0.618921
-0.66405
-0.715937
-0.702792
-0.664896
-0.680184
-0.678407
-0.708693
-0.712985
-0.765081
-0.771626
-0.784583
-0.840392
-0.894209
-0.963836
-0.928885
-0.897632
-0.821284
-0.800122
-0.758624
-0.715742
-0.753983
-0.710799
-0.685364
-0.661769
-0.645347
-0.632935
-0.646805
-0.661938
-0.747619
-0.753551
-0.741742
-0.732791
-0.713618
-0.752791
-0.749654
-0.731492
-0.794532
-0.876013
-0.921399
-0.99059
-0.979295
-0.98932
-1.03637
-1.00676
-0.992349
-0.924649
-0.866857
-0.779821
-0.743057
-0.740371
-0.750193
-0.740664
-0.70184
-0.663503
-0.63777
-0.612243
-0.58258
-0.610121
-0.622885
-0.634001
-0.603523
-0.600345
-0.556481
-0.50245
-0.506751
-0.492241
-0.510707
-0.514839
-0.498413
-0.505551
-0.508416
-0.49862
-0.451423
-0.436793
-0.399971
-0.437473
-0.465166
-0.46135
-0.497923
-0.502886
-0.547609
-0.54094
-0.577992
-0.564162
-0.510981
-0.524959
-0.500487
-0.568868
-0.59469
-0.570543
-0.580771
-0.622078
-0.627616
-0.621658
-0.652022
-0.64345
-0.633018
-0.625119
-0.595093
-0.577346
-0.533501
-0.488183
-0.477266
-0.513635
-0.571056
-0.533611
-0.506051
-0.475589
-0.365831
-0.407143
-0.363973
-0.326215
-0.348962
-0.335662
-0.358337
-0.378185
-0.369987
-0.367267
-0.373556
-0.431953
-0.466654
-0.457786
-0.460625
-0.423725
-0.414703
-0.379004
-0.349175
-0.360331
-0.33632
-0.335018
-0.318697
-0.337952
-0.293606
-0.321623
-0.299619
-0.334714
-0.273189
-0.307329
-0.282704
-0.291113
-0.2228
-0.259416
-0.201682
-0.215842
-0.211119
-0.213951
-0.222194
-0.224095
-0.212448
-0.200723
-0.238152
-0.214888
-0.234071
-0.239197
-0.251932
-0.237719
-0.202735
-0.251428
-0.256279
-0.303295
-0.2775
-0.266782
-0.250756
-0.257713
-0.250077
-0.275611
-0.261365
-0.245589
-0.256177
-0.228304
-0.252572
-0.237085
-0.190092
-0.233641
-0.149606
-0.181398
-0.185622
-0.187967
-0.210825
-0.234273
-0.214674
-0.258105
-0.280201
-0.252282
-0.285357
-0.267825
-0.303652
-0.282318
-0.279736
-0.280823
-0.277918
-0.258531
-0.260506
-0.266683
-0.252721
-0.281788
-0.296299
-0.231531
-0.249784
-0.259106
-0.27749
-0.256986
-0.27299
-0.244114
-0.223189
-0.224142
-0.24385
-0.237901
-0.205463
-0.184907
-0.236583
-0.241401
-0.248653
-0.26037
-0.246942
-0.240719
-0.236332
-0.262531
-0.237864
-0.23403
-0.249555
-0.210791
-0.232561
-0.215216
-0.208729
-0.205123
-0.224614
-0.253672
-0.266043
-0.259754
-0.248161
-0.26173
-0.25241
-0.257493
-0.248918
-0.264072
-0.251441
-0.243013
-0.239994
-0.220697
-0.225162
-0.191537
-0.188357
-0.199214
-0.184833
-0.240381
-0.19461
-0.138388
-0.205548
-0.231292
-0.20008
-0.191327
-0.225319
-0.22079
-0.241631
-0.215227
-0.213815
-0.221624
-0.237401
-0.232562
-0.248209
-0.217445
-0.249887
-0.23165
-0.22626
-0.226676
-0.222203
-0.242215
-0.222089
-0.196267
-0.258009
-0.233542
-0.260562
-0.216782
-0.207749
-0.232356
-0.222179
-0.173424
-0.222224
-0.178232
-0.190475
-0.21876
-0.191326
-0.235198
-0.248901
-0.279858
-0.270967
-0.2227
-0.244783
-0.202803
-0.216555
-0.219881
-0.236051
-0.262848
-0.246513
-0.158854
-0.119619
-0.0684434
-0.0485722
-0.0199062
-0.0431651
-0.0652105
-0.0517804
-0.0404409
-0.0132467
-0.00678805
-0.0214557
0.00486504
-0.0090199
-0.0267975
-0.0367709
-0.0581775
-0.0736803
-0.0845163
-0.101132
-0.0848991
-0.0544641
-0.0534414
-0.0545177
-0.0869048
-0.0790311
-0.111012
-0.115492
-0.0820821
-0.0961975
-0.0706515
-0.0640191
-0.0718042
-0.0684115
-0.0739405
-0.0511294
-0.051581
-0.0402429
-0.0426716
-0.018606
-0.0206377
-0.0160629
0.0104353
0.00349231
0.0217187
-0.0163246
-0.0090227
-0.00566996
0.00324145
0.0104137
-6.62263e-06
0.0066505
-0.0179379
0.0184056
0.0195442
0.0461671
0.0347761
0.0262762
0.00915899
0.0183582
0.0206628
0.000444925
0.0151752
0.0434356
0.0321541
0.0258737
0.0125097
0.0212202
0.0176607
0.0161117
0.0140456
0.0750885
0.0578547
0.0496101
0.0528742
0.0335721
0.026969
0.0150883
0.023297
0.000624954
-0.0087002
0.0119971
0.0192955
0.0408881
-0.00153965
0.00547138
0.0138844
-0.0171931
-0.00754615
-0.00364664
0.00501314
0.00761459
-0.0188362
-0.00216442
-0.00395093
0.00260767
-0.000664469
0.000727035
0.0093855
-0.00303405
0.00539406
-0.0106448
0.00783762
0.00512351
0.0131409
0.0205647
-0.00427858
-0.00685391
-0.0287945
-0.0188426
-0.00286681
-0.0173396
-0.0146023
-0.0489598
-0.0439174
-0.05264
-0.0267376
-0.0274011
-0.0146315
-0.0135942
-0.0367384
-0.0134593
-0.0268464
-0.0346491
-0.0610543
-0.0603604
-0.0870546
-0.0541581
-0.0695719
-0.0475197
-0.0507879
-0.0497863
-0.0427076
-0.0426432
-0.0540873
-0.0351615
-0.0313798
-0.0551055
-0.0656425
-0.0531198
-0.0369305
-0.0284438
-0.0198752
-0.0075614
-0.00521997
-0.000522107
-0.00391291
-0.000916582
0.000268301
-0.0164505
-0.0272008
-0.0521082
-0.0310838
-0.00654871
-0.0336271
-0.0335231
-0.0618724
-0.0749071
-0.078145
-0.0541097
-0.0643342
-0.0123184
0.0044103
-0.00885581
-0.00359655
-0.0242947
3.8051e-05
-0.00511791
-0.00465737
-0.00540115
-0.0412381
-0.020229
0.0106974
-0.00737159
-0.00302486
0.0142479
-0.00229414
0.012845
-0.00257827
0.00142475
-0.00739644
-0.0103895
0.00562683
0.00155111
0.0131109
-0.00409998
-0.00101625
0.00147844
0.00179847
0.010302
-0.00307591
0.00528058
0.00786286
-0.018595
0.00690679
0.00350819
-0.00514626
-0.00699632
0.0120427
0.000963377
-0.00830577
0.00438852
0.00579916
0.000657895
-0.00351236
0.00998379
0.0183714
0.0018965
0.0135789
-0.00772945
-0.00511123
0.00682851
-0.0127372
0.00417246
-0.0140727
-0.0196983
-0.0259737
-0.0139052
-0.0200857
-0.0238431
-0.00263702
-0.0282694
-0.0122112
-0.00524223
-0.0196691
-0.0207857
-0.0251833
-0.00465123
0.0030268
-0.000685459
0.00153149
0.00409078
-0.000460738
-0.00679795
-0.00859839
-0.00999438
-0.0258285
-0.0180486
0.0015798
0.0144043
0.0107709
-0.0201962
-0.0122555
-0.0153394
-0.0129541
0.00302372
0.0194603
0.0223085
-0.00119067
0.00935096
0.00760091
-0.00846856
-0.00736423
-0.00679099
-0.0171834
-0.0171423
-0.000239294
0.00158437
0.0127781
0.00332186
0.0109962
-0.0033619
0.0202921
-0.00800954
-0.0158155
-0.0236315
-0.00808145
0.00241416
-0.00764314
0.00953221
-0.00120148
0.00194293
-0.0128163
-0.0127808
-0.00894841
0.0036093
-0.0049507
-0.0172854
-0.0108297
0.0104218
-0.00709833
0.01297
-0.00622429
-0.00291237
0.0174643
-0.00320861
-0.0106631
-0.00989202
-0.00691397
0.0016385
0.00338565
0.0149463
-0.00349866
-0.00110785
0.0116802
0.00104482
0.0137506
0.0076411
-0.00362252
-0.0131596
0.00182832
-0.0137235
0.00263523
-0.0195937
0.00258827
0.0162201
0.0105935
0.00135424
0.00157225
0.00249484
0.02625
-0.0206232
0.01287
-0.013695
0.0120209
-0.00276434
-0.0128142
0.0216251
0.0191787
0.0235486
0.0317562
0.0130546
0.0185913
0.0361878
0.046712
0.0425388
0.0182492
0.0594944
0.112518
0.0708275
0.0748378
0.08554
0.0980016
0.109775
0.0985445
0.10679
0.12465
0.162373
0.200376
0.24052
0.249272
0.303389
0.274043
0.292337
0.296486
0.302662
0.339031
0.384641
0.411413
0.464158
0.526462
0.524047
0.554527
0.546371
0.556401
0.622335
0.677222
0.693688
0.701043
0.705779
0.667806
0.644573
0.637764
0.69634
0.753664
0.746897
0.748092
0.768861
0.771156
0.722087
0.708056
0.724007
0.809767
0.81409
0.84705
0.877479
0.90734
0.923386
0.974726
1.08896
1.12537
1.12658
1.13608
1.12115
1.10828
1.1608
1.16429
1.13453
1.09163
1.02407
1.02548
0.996482
0.96855
0.869582
0.752839
0.688402
0.749287
0.752866
0.762213
0.742853
0.769616
0.735658
0.788355
0.814558
0.803882
0.80142
0.803791
0.76179
0.696014
0.586711
0.569883
0.612294
0.596618
0.558936
0.547465
0.525347
0.521104
0.535367
0.546433
0.51395
0.573848
0.67556
0.666441
0.710061
0.748551
0.742877
0.791483
0.726912
0.706892
0.674088
0.717471
0.810553
0.890213
0.912335
0.919371
0.945082
0.876604
0.864763
0.851066
0.870978
0.842602
0.769404
0.687039
0.664395
0.645034
0.711987
0.704485
0.646889
0.628671
0.607164
0.608817
0.528908
0.521664
0.505029
0.485189
0.491285
0.484992
0.510143
0.476087
0.513592
0.490684
0.393921
0.38969
0.409167
0.293096
0.269845
0.225655
0.162948
0.150113
0.158557
0.144914
0.138635
0.135451
0.122292
0.150404
0.149027
0.226893
0.25687
0.302808
0.3786
0.445732
0.49358
0.408538
0.299414
0.172243
0.108369
-0.00674416
0.0870788
0.0390587
0.0360505
0.0350919
0.0419908
0.0353404
0.0651887
0.00214382
0.0543852
0.0382318
0.0319031
0.0260193
0.0207473
0.00894691
-0.00825627
-0.00445692
-0.00888234
0.0129179
-0.0268367
-0.0519375
-0.0635342
-0.0453137
-0.0531196
-0.0338324
-0.00201129
0.0288196
0.0406897
0.0132392
0.00339391
0.00229816
-0.0112553
-0.0236519
-0.021139
-0.00787061
0.00087022
0.00935114
-0.00324479
-0.0185679
0.00229379
-0.00855463
-0.00382504
0.00474813
0.00085292
-0.00703867
0.00415836
0.00214232
-0.00705453
-0.000108315
0.00256981
0.000174275
0.000447365
-0.00997976
0.00661481
0.00111571
-0.00417283
0.0204886
-0.0140531
0.00835646
-0.00311794
-0.0168856
0.000231322
0.0196648
-0.0153848
0.0024402
0.00263806
0.00173789
0.00829332
0.0179137
0.00442217
-0.00123217
0.00772666
-0.00237623
0.00671177
-0.00381423
0.00944417
-0.00393078
0.00498677
-0.00564313
0.00145512
0.00360879
-0.00360823
0.00721637
0.0121095
-0.00342363
0.0142172
-0.00203418
-0.0163637
0.0154893
-0.0149093
0.0126577
0.0128417
0.00444227
0.00137796
-0.0122291
-0.00823303
0.00373706
-0.0047546
0.0201659
-0.00100426
0.020778
-0.00232225
0.0209617
0.0305376
-0.0139119
-0.0137359
-0.0124706
0.00230018
0.0103264
0.0127344
0.0150855
0.0305062
-0.00769503
-0.0152317
-0.0122959
0.00531798
-0.018093
-0.00730059
-0.00723809
-0.018092
-0.0113341
-0.00391656
0.00428817
-0.00619559
0.0224756
0.0066472
0.0104205
0.00728113
-0.00722077
-0.0160447
0.00527991
0.0186541
0.00728558
0.00290936
-0.00215374
0.00167714
0.00728075
-0.0101424
-0.00166937
-0.00617593
-0.00672205
-0.00386335
-0.00548328
0.0222028
0.00309564
-0.00835418
-0.0368148
-0.0739018
0.00300579
0.000773385
0.0145121
0.0132493
-0.00172421
-0.00836326
-0.0226839
-0.0147578
0.0110938
-0.00633146
0.00826451
0.0284324
-9.76254e-05
-0.0114155
0.0130811
-0.00786448
0.0171485
0.0206971
0.00814058
-0.00869387
0.00893149
-0.00828445
0.00216184
-0.0062815
0.00551556
0.0143618
0.0186666
-0.0224493
0.00138262
-0.00923938
-0.0146806
-0.000708223
0.00764024
0.00192345
0.0138511
-0.0242596
-0.000430947
-0.00291791
-0.000514922
0.00977641
0.00973403
0.00106072
0.00530684
-0.00571569
0.000326505
0.0207193
0.0192136
0.00990887
-0.000229591
-0.0134125
-0.0312095
-0.0216646
-0.0146642
-0.0149223
0.0182392
-0.00860171
0.00380357
-0.00536213
0.0224194
0.0163438
0.00646554
0.0214748
0.0426426
0.0367824
0.0215115
0.0304317
0.029431
0.0390859
0.068302
-0.00794485
0.0167942
0.0182891
0.0234266
0.0578463
0.0632624
0.0929316
0.110947
0.120908
0.0947873
0.092255
0.108498
0.0916279
0.144077
0.205361
0.214004
0.149536
0.155074
0.14073
0.157774
0.145457
0.149695
0.112562
0.0989113
0.08971
0.0576455
0.0587417
0.020442
0.00261252
0.00453165
-0.00470053
0.010535
-0.0197707
-0.00177858
-0.00312246
-0.00698914
-0.0133665
-0.0281461
-0.0110655
-0.00477676
0.000979973
-0.000873953
-0.0105042
0.0127413
0.00199728
0.011324
0.0986757
0.0991537
0.150908
0.199871
0.224732
0.284692
0.300097
0.345196
0.309513
0.36506
0.393428
0.384511
0.395465
0.406153
0.35489
0.407274
0.370206
0.402548
0.420874
0.391012
0.382593
0.357115
0.318469
0.327249
0.260221
0.245417
0.215139
0.199417
0.194811
0.147531
0.15952
0.16524
0.13964
0.110581
0.136699
0.135635
0.202586
0.217434
0.185258
0.195886
0.245058
0.263009
0.270663
0.295785
0.315938
0.340719
0.33178
0.351165
0.354485
0.381367
0.353112
0.401257
0.359575
0.317786
0.314613
0.276625
0.259225
0.253001
0.26272
0.268594
0.24346
0.269277
0.240246
0.259999
0.233239
0.23419
0.235171
0.213422
0.237191
0.246681
0.180284
0.217956
0.193756
0.16838
0.186968
0.173336
0.155334
0.13657
0.129048
0.145644
0.148212
0.0975962
0.0679143
0.0804454
0.109832
0.0867956
0.142521
0.133513
0.138954
0.0880651
0.052694
0.0345915
0.046677
0.0524002
0.0519979
0.0519371
0.0813783
0.101917
0.0894082
0.0625316
0.068347
0.10067
0.0788363
0.0807409
0.0932272
0.134785
0.175294
0.23261
0.233247
0.208587
0.231187
0.213773
0.210539
0.174823
0.0959842
0.10555
0.0476295
0.00401259
0.0214865
0.0352246
0.0261712
0.0100653
0.0112953
0.0235319
-0.0105196
-0.00173793
0.00771294
0.121592
0.121221
0.123151
0.137862
0.125891
0.21658
0.25938
0.257968
0.266644
0.268065
0.281844
0.289982
0.239821
0.236775
0.229304
0.228058
0.221342
0.186789
0.221473
0.188043
0.206304
0.260899
0.267679
0.268131
0.29648
0.330164
0.363887
0.341298
0.371659
0.311876
0.302563
0.223061
0.194308
0.172169
0.175896
0.199441
0.14513
0.113298
0.146267
0.182098
0.229121
0.181101
0.119924
0.168319
0.157542
0.136256
0.123259
0.115926
0.112673
0.131569
0.145864
0.147719
0.151969
0.176288
0.226572
0.268925
0.322229
0.350066
0.417304
0.464102
0.506723
0.51083
0.506529
0.504132
0.522847
0.555226
0.521812
0.510999
0.529383
0.471574
0.466336
0.460533
0.449065
0.521845
0.553388
0.548881
0.584942
0.633365
0.688028
0.679029
0.67254
0.637421
0.678887
0.59709
0.544358
0.592785
0.604128
0.633751
0.672993
0.70747
0.749627
0.74385
0.75947
0.664514
0.620528
0.604327
0.646172
0.655202
0.669892
0.646689
0.657236
0.671258
0.598455
0.59882
0.554534
0.604792
0.663936
0.721817
0.767941
0.745931
0.683863
0.612671
0.630667
0.65725
0.733666
0.736319
0.77033
0.76503
0.825363
0.795769
0.76246
0.724955
0.747233
0.826516
0.883192
0.918099
0.903002
0.904293
0.863474
0.870374
0.878812
0.849191
0.833937
0.805232
0.739026
0.720883
0.766561
0.789204
0.810261
0.86382
0.890194
0.885247
0.857013
0.853963
0.912207
0.906815
0.949692
0.9398
0.895286
0.900523
0.925356
0.964933
1.00022
0.95456
0.952607
0.953076
0.996427
1.00226
1.02258
1.04157
0.977197
0.971584
1.01731
1.02976
1.08337
1.14661
1.06721
1.04764
1.07053
1.12168
1.15683
1.15224
1.14392
1.16429
1.22089
1.22109
1.20341
1.19966
1.12664
1.13308
1.18562
1.14896
1.09408
1.06825
0.961357
0.94523
0.99243
0.961844
0.907995
0.813873
0.764533
0.765201
0.789324
0.747587
0.698109
0.666758
0.566909
0.583968
0.527017
0.540203
0.573394
0.561405
0.562999
0.563675
0.601314
0.613588
0.649921
0.612538
0.621587
0.692012
0.720315
0.776915
0.795569
0.759807
0.760711
0.756285
0.720002
0.734353
0.775395
0.789912
0.782009
0.797854
0.768866
0.763471
0.723758
0.682678
0.689399
0.692823
0.716749
0.679789
0.681112
0.578688
0.562372
0.559662
0.49388
0.492905
0.478183
0.457057
0.448459
0.408063
0.394522
0.410667
0.311818
0.328405
0.24087
0.140571
0.248802
0.290179
0.179023
0.189751
0.167579
0.22884
0.177549
0.147849
0.196466
0.194951
0.0286806
0.117437
0.119199
0.119427
0.10614
0.0952438
0.0983358
0.100709
0.101074
0.0344956
0.0427882
0.0105806
0.000131671
0.00934383
-0.0029509
-0.011877
0.0276064
0.00553128
0.00329477
-0.0232174
-0.00861655
-0.0060204
0.0192062
0.00666224
0.00229548
0.000883753
-0.0138939
0.0150534
0.00768213
-0.00639938
-0.0168531
-0.0201878
0.00700688
0.0156898
0.0052786
0.00444937
-0.000379696
-0.013963
0.0115022
-0.00908573
0.00244295
0.0153215
0.00767788
0.0144514
-0.0117202
-0.0165822
0.00944005
0.00889977
-0.000713094
-0.01198
-0.00288335
0.00312149
-0.00673462
-0.00183386
0.00390043
0.00345525
-0.00434988
-0.0204575
0.00880846
0.00225397
-0.0110932
0.00236285
-0.00539098
0.00193692
0.00514144
0.0202275
-0.0245943
0.00584755
0.0023548
-0.00269205
-0.00710144
0.0125568
0.0260035
-0.0194434
0.00916794
0.00520305
-0.00915264
0.00395601
0.00656585
-0.000765564
-0.00117697
-0.014593
0.00656201
0.0077106
0.0176786
0.00657068
0.00224043
0.010638
0.00940976
-0.017951
0.00818319
-0.0121125
-0.0158257
-0.0104491
0.00548507
0.00684095
-0.00342813
0.00433275
0.00229665
-0.00169488
0.00102048
-0.000392444
0.00835677
0.014512
-0.0109707
-0.00619101
-0.00378224
-0.00103063
-0.0126996
0.00818837
0.00297436
0.0115064
0.0160238
0.0269258
-0.00495791
0.00461728
0.0197058
-0.00732848
0.01007
-0.00260019
-0.0040364
-0.00345428
0.0106438
-0.00319258
-0.00647202
0.00987927
0.00509266
-0.0110815
-0.000225748
-0.0115634
-0.0141799
0.00129528
0.0169513
0.00057174
-0.00621017
0.0105527
0.0228936
-0.0119649
0.00614385
0.0106778
0.0205444
-0.00957328
-0.0011215
0.00070593
-0.0117464
