-0.674085
-0.674046
-0.674099
-0.674092
-0.674137
-0.674087
-0.674045
-0.674104
-0.674103
-0.674059
-0.674085
-0.674111
-0.674046
-0.674077
-0.674051
-0.674096
-0.674076
-0.674068
-0.674117
-0.674048
-0.674087
-0.674081
-0.674079
-0.674112
-0.674117
-0.674056
-0.674098
-0.674052
-0.674094
-0.674125
-0.674047
-0.674102
-0.674102
-0.674102
-0.674084
-0.674116
-0.674053
-0.674114
-0.674042
-0.674115
-0.674103
-0.674146
-0.674083
-0.674083
-0.674092
-0.674106
-0.674065
-0.674118
-0.674107
-0.674097
-0.674084
-0.674111
-0.674034
-0.674091
-0.674129
-0.674098
-0.674121
-0.674095
-0.674111
-0.674097
-0.674126
-0.674086
-0.67408
-0.674059
-0.674058
-0.674153
-0.674074
-0.674116
-0.674097
-0.674083
-0.674097
-0.674077
-0.67408
-0.674112
-0.674092
-0.674104
-0.674088
-0.674105
-0.674156
-0.6741
-0.67406
-0.674054
-0.674075
-0.674082
-0.674121
-0.674113
-0.674071
-0.674069
-0.67405
-0.674075
-0.674063
-0.67408
-0.674109
-0.674066
-0.674067
-0.674097
-0.674031
-0.674092
-0.674125
-0.674107
-0.67406
-0.674095
-0.674055
-0.674092
-0.674096
-0.674059
-0.674098
-0.67411
-0.67405
-0.674097
-0.67407
-0.674044
-0.674084
-0.674134
-0.674235
-0.674211
-0.674203
-0.67422
-0.674231
-0.674226
-0.674061
-0.673986
-0.674013
-0.674171
-0.67455
-0.674851
-0.675327
-0.676017
-0.67645
-0.676972
-0.677323
-0.677603
-0.677784
-0.677964
-0.678027
-0.67811
-0.678127
-0.678161
-0.67816
-0.678158
-0.678107
-0.678053
-0.677941
-0.677976
-0.677885
-0.677874
-0.677881
-0.67788
-0.677878
-0.677788
-0.677708
-0.677575
-0.677376
-0.676956
-0.6765
-0.676441
-0.67635
-0.67631
-0.676293
-0.676287
-0.676267
-0.676289
-0.676304
-0.676243
-0.67624
-0.676243
-0.676214
-0.676183
-0.676158
-0.676074
-0.676063
-0.675982
-0.675802
-0.675652
-0.675546
-0.675367
-0.675167
-0.674833
-0.674718
-0.674661
-0.674605
-0.674518
-0.674488
-0.674494
-0.674481
-0.674545
-0.674552
-0.674609
-0.674721
-0.67469
-0.674753
-0.674866
-0.675118
-0.675454
-0.675916
-0.676728
-0.677699
-0.678441
-0.679117
-0.679837
-0.680698
-0.681544
-0.682516
-0.684733
-0.686066
-0.687406
-0.688967
-0.690603
-0.692407
-0.694362
-0.696341
-0.698514
-0.700765
-0.702994
-0.705213
-0.707427
-0.709733
-0.712059
-0.714269
-0.716207
-0.7181
-0.719965
-0.721938
-0.723895
-0.725961
-0.728156
-0.730423
-0.732821
-0.735434
-0.737879
-0.740559
-0.743051
-0.745725
-0.74848
-0.751227
-0.75444
-0.757684
-0.761136
-0.764973
-0.768861
-0.773509
-0.778182
-0.787918
-0.793259
-0.798888
-0.80464
-0.810348
-0.816286
-0.822283
-0.828215
-0.834258
-0.840212
-0.845937
-0.851582
-0.857017
-0.862286
-0.86752
-0.872793
-0.878074
-0.883373
-0.888735
-0.894237
-0.8998
-0.905482
-0.911475
-0.917379
-0.923463
-0.929875
-0.936274
-0.942814
-0.949553
-0.956327
-0.963172
-0.970334
-0.97756
-0.985023
-0.992712
-1.00065
-1.00882
-1.01698
-1.02634
-1.03478
-1.04343
-1.05992
-1.06877
-1.07787
-1.08678
-1.096
-1.10517
-1.11488
-1.12436
-1.13427
-1.14386
-1.15376
-1.16366
-1.17383
-1.18412
-1.19436
-1.20444
-1.21436
-1.22409
-1.23358
-1.24289
-1.25168
-1.26033
-1.26843
-1.27657
-1.28426
-1.29197
-1.29927
-1.3064
-1.31345
-1.3202
-1.32689
-1.33336
-1.33977
-1.34582
-1.35149
-1.35686
-1.36193
-1.36678
-1.37096
-1.37806
-1.38123
-1.38382
-1.38603
-1.38784
-1.38905
-1.38953
-1.39039
-1.39097
-1.39118
-1.3911
-1.39104
-1.39108
-1.39098
-1.39094
-1.39084
-1.39078
-1.39069
-1.39053
-1.39044
-1.39037
-1.39034
-1.39034
-1.39036
-1.39036
-1.3904
-1.39047
-1.3906
-1.39064
-1.39068
-1.39067
-1.39062
-1.39059
-1.39049
-1.39036
-1.39032
-1.3901
-1.39007
-1.3899
-1.38952
-1.38921
-1.38881
-1.38858
-1.38823
-1.38784
-1.38748
-1.38701
-1.3865
-1.386
-1.38539
-1.38462
-1.38377
-1.38279
-1.38171
-1.38043
-1.37896
-1.37724
-1.37534
-1.37317
-1.37101
-1.36863
-1.36622
-1.36349
-1.36064
-1.35759
-1.3543
-1.35061
-1.34669
-1.3427
-1.33861
-1.33441
-1.33027
-1.32588
-1.32126
-1.31651
-1.31151
-1.30636
-1.30106
-1.29597
-1.29084
-1.28556
-1.28033
-1.2752
-1.26992
-1.26452
-1.2532
-1.24727
-1.24145
-1.23589
-1.23053
-1.22512
-1.21999
-1.21478
-1.20951
-1.2042
-1.19886
-1.19356
-1.18814
-1.18294
-1.17774
-1.17258
-1.16754
-1.16264
-1.15775
-1.15278
-1.14788
-1.14312
-1.13843
-1.13365
-1.12888
-1.12421
-1.1197
-1.11522
-1.11081
-1.10642
-1.10215
-1.0978
-1.09342
-1.08913
-1.08484
-1.08055
-1.0761
-1.07183
-1.06776
-1.06383
-1.06006
-1.0564
-1.05272
-1.04912
-1.04563
-1.03881
-1.03557
-1.0324
-1.02928
-1.02632
-1.02335
-1.02036
-1.01745
-1.01444
-1.0111
-1.0079
-1.00453
-1.00117
-0.99761
-0.994005
-0.990262
-0.986451
-0.982755
-0.979094
-0.97542
-0.971684
-0.96786
-0.964131
-0.96017
-0.956155
-0.952174
-0.948364
-0.944798
-0.941227
-0.937522
-0.934139
-0.930796
-0.927538
-0.923986
-0.920435
-0.916691
-0.912854
-0.909202
-0.905381
-0.901261
-0.89712
-0.8929
-0.888437
-0.880253
-0.876564
-0.873539
-0.870587
-0.868064
-0.86499
-0.862437
-0.859939
-0.858006
-0.856431
-0.855009
-0.853887
-0.85312
-0.852756
-0.852503
-0.8523
-0.852147
-0.851915
-0.851655
-0.851254
-0.8509
-0.850575
-0.850286
-0.850023
-0.849869
-0.849797
-0.849786
-0.849755
-0.849705
-0.849565
-0.849419
-0.849223
-0.849006
-0.848884
-0.84889
-0.848916
-0.84887
-0.84892
-0.848822
-0.848913
-0.848872
-0.848854
-0.848936
-0.84894
-0.848962
-0.848987
-0.84901
-0.849006
-0.849104
-0.849182
-0.849288
-0.849309
-0.849311
-0.849316
-0.849306
-0.849284
-0.84921
-0.849232
-0.84921
-0.849145
-0.849176
-0.849172
-0.84917
-0.849203
-0.849148
-0.849184
-0.849183
-0.849189
-0.84916
-0.849086
-0.849107
-0.849089
-0.849047
-0.849092
-0.849131
-0.849136
-0.849052
-0.849132
-0.849111
-0.849123
-0.849101
-0.849126
-0.849132
-0.849138
-0.849128
-0.849114
-0.849113
-0.849142
-0.849165
-0.849157
-0.849238
-0.849286
-0.849294
-0.849313
-0.849344
-0.849332
-0.849383
-0.849432
-0.849374
-0.849351
-0.849293
-0.849317
-0.849319
-0.849359
-0.849345
-0.849361
-0.849314
-0.849366
-0.84934
-0.849366
-0.849253
-0.849346
-0.849297
-0.849257
-0.849325
-0.849329
-0.849271
-0.849318
-0.849301
-0.849295
-0.849253
-0.849223
-0.849272
-0.849258
-0.849244
-0.849272
-0.849254
-0.849276
-0.849277
-0.849283
-0.849229
-0.849214
-0.849193
-0.849174
-0.849156
-0.849135
-0.849119
-0.849112
-0.849124
-0.849161
-0.849151
-0.849076
-0.849081
-0.849032
-0.849012
-0.849047
-0.849012
-0.849027
-0.84903
-0.849004
-0.849011
-0.849009
-0.848995
-0.848979
-0.84904
-0.849045
-0.849034
-0.849046
-0.849056
-0.848992
-0.849029
-0.849027
-0.849018
-0.849012
-0.849048
-0.849047
-0.849027
-0.849041
-0.848996
-0.848974
-0.849058
-0.849009
-0.849014
-0.849048
-0.849089
-0.849021
-0.849032
-0.84897
-0.84898
-0.849068
-0.849014
-0.849053
-0.849043
-0.849035
-0.849033
-0.84903
-0.849013
-0.849073
-0.849045
-0.849027
-0.84904
-0.849035
-0.849015
-0.849105
-0.849
-0.848997
-0.849045
-0.849009
-0.84902
-0.848983
-0.849057
-0.849094
-0.848953
-0.848989
-0.849029
-0.849016
-0.848997
-0.849005
-0.84901
-0.848995
-0.849007
-0.849006
-0.848985
-0.848999
-0.849024
-0.848969
-0.848948
-0.84897
-0.848889
-0.848928
-0.848912
-0.848899
-0.848922
-0.848936
-0.848981
-0.848976
-0.848873
-0.848946
-0.848952
-0.848904
-0.848913
-0.848937
-0.848942
-0.848975
-0.848871
-0.84883
-0.848884
-0.848907
-0.848826
-0.848818
-0.848853
-0.848846
-0.848865
-0.848824
-0.848801
-0.848781
-0.848801
-0.848844
-0.848769
-0.848716
-0.848605
-0.848587
-0.84859
-0.848557
-0.848451
-0.848521
-0.848455
-0.848366
-0.848368
-0.848227
-0.84817
-0.84804
-0.84786
-0.847724
-0.847483
-0.847356
-0.847233
-0.847013
-0.846988
-0.846952
-0.846927
-0.846859
-0.846842
-0.846835
-0.846833
-0.846816
-0.846818
-0.846762
-0.846722
-0.84668
-0.846701
-0.846652
-0.846592
-0.846627
-0.846607
-0.846625
-0.846633
-0.846604
-0.846596
-0.84657
-0.846573
-0.846547
-0.846538
-0.846504
-0.846526
-0.846479
-0.846421
-0.846423
-0.846352
-0.846352
-0.846417
-0.846414
-0.846397
-0.846386
-0.846377
-0.846415
-0.846409
-0.846337
-0.846401
-0.846433
-0.846331
-0.846385
-0.846353
-0.846332
-0.846358
-0.846319
-0.846344
-0.846277
-0.84628
-0.846266
-0.846249
-0.846234
-0.846206
-0.846172
-0.846204
-0.846173
-0.846175
-0.846153
-0.846093
-0.846081
-0.846096
-0.846071
-0.845991
-0.845946
-0.845939
-0.845909
-0.845926
-0.845909
-0.845895
-0.845924
-0.845869
-0.845819
-0.845567
-0.845214
-0.844788
-0.844343
-0.843805
-0.843325
-0.84295
-0.842568
-0.84223
-0.841901
-0.841359
-0.840911
-0.840353
-0.839594
-0.838925
-0.838013
-0.837232
-0.836644
-0.836167
-0.835745
-0.835514
-0.835535
-0.835702
-0.836124
-0.836681
-0.837858
-0.838703
-0.839544
-0.840516
-0.841544
-0.842418
-0.843143
-0.843663
-0.843726
-0.843657
-0.84336
-0.842714
-0.841437
-0.840637
-0.840252
-0.839941
-0.839499
-0.839069
-0.838586
-0.838204
-0.837956
-0.837914
-0.837931
-0.838193
-0.838495
-0.839337
-0.840383
-0.841035
-0.841686
-0.842301
-0.842953
-0.843902
-0.84493
-0.846023
-0.847288
-0.848614
-0.849783
-0.850907
-0.851922
-0.852805
-0.853942
-0.854254
-0.85437
-0.854457
-0.854418
-0.854434
-0.854337
-0.854244
-0.854045
-0.853832
-0.853533
-0.853434
-0.853387
-0.85359
-0.853861
-0.853999
-0.854208
-0.854403
-0.854625
-0.854819
-0.855133
-0.855513
-0.855944
-0.856286
-0.856632
-0.856928
-0.857466
-0.858057
-0.858886
-0.859853
-0.860939
-0.862335
-0.863666
-0.865299
-0.866755
-0.868451
-0.870151
-0.871979
-0.873482
-0.875269
-0.876747
-0.878084
-0.879138
-0.879929
-0.880405
-0.880262
-0.879742
-0.878858
-0.877851
-0.876889
-0.875879
-0.874718
-0.87329
-0.870869
-0.868888
-0.866645
-0.864299
-0.861781
-0.859642
-0.857437
-0.855409
-0.853692
-0.851768
-0.850202
-0.848111
-0.846471
-0.844394
-0.842503
-0.840576
-0.838798
-0.836786
-0.834902
-0.832999
-0.830814
-0.828845
-0.827098
-0.825073
-0.823425
-0.822
-0.82069
-0.819163
-0.817773
-0.81655
-0.81399
-0.812276
-0.810778
-0.809105
-0.807164
-0.804922
-0.802469
-0.799532
-0.796405
-0.792962
-0.789318
-0.785059
-0.781352
-0.776863
-0.772849
-0.768079
-0.764225
-0.75964
-0.755851
-0.752524
-0.749606
-0.747026
-0.744481
-0.74228
-0.739907
-0.737594
-0.735385
-0.733179
-0.731059
-0.729045
-0.726728
-0.724329
-0.721787
-0.719047
-0.716097
-0.712992
-0.709759
-0.706546
-0.703148
-0.699548
-0.695372
-0.691357
-0.687117
-0.682701
-0.678153
-0.673504
-0.665084
-0.662264
-0.659949
-0.65793
-0.656282
-0.654908
-0.653933
-0.652789
-0.651982
-0.65142
-0.650785
-0.650332
-0.649806
-0.649217
-0.648594
-0.647948
-0.647179
-0.646436
-0.645508
-0.644422
-0.643587
-0.642766
-0.641752
-0.640683
-0.639722
-0.638823
-0.637887
-0.636799
-0.635425
-0.634174
-0.632855
-0.631551
-0.630353
-0.629094
-0.627944
-0.627069
-0.626252
-0.624938
-0.624398
-0.623861
-0.623286
-0.622745
-0.622137
-0.621527
-0.620856
-0.620169
-0.619392
-0.618605
-0.617743
-0.616742
-0.615851
-0.615109
-0.61458
-0.614065
-0.613342
-0.612394
-0.611491
-0.61049
-0.609355
-0.608255
-0.607175
-0.606272
-0.605522
-0.604843
-0.60443
-0.604129
-0.603897
-0.603832
-0.603734
-0.603666
-0.603573
-0.603313
-0.602826
-0.602214
-0.601313
-0.600259
-0.599052
-0.597711
-0.596221
-0.594296
-0.59257
-0.59054
-0.588512
-0.584572
-0.582399
-0.580342
-0.578207
-0.576132
-0.574746
-0.573417
-0.572267
-0.571216
-0.570172
-0.568924
-0.567607
-0.566173
-0.56483
-0.563369
-0.561172
-0.558996
-0.557016
-0.555266
-0.553318
-0.551813
-0.550558
-0.549707
-0.549191
-0.549084
-0.549153
-0.549183
-0.549282
-0.549377
-0.549456
-0.549602
-0.549681
-0.549752
-0.549845
-0.549848
-0.549838
-0.549867
-0.549889
-0.549888
-0.549845
-0.549874
-0.549919
-0.550041
-0.5502
-0.550487
-0.550776
-0.551159
-0.551509
-0.551829
-0.552015
-0.552104
-0.552064
-0.551875
-0.551784
-0.551766
-0.551633
-0.551428
-0.551344
-0.551188
-0.550952
-0.550686
-0.550544
-0.550527
-0.550626
-0.550802
-0.551077
-0.551372
-0.551729
-0.552371
-0.553223
-0.554283
-0.55551
-0.55629
-0.556779
-0.556754
-0.556566
-0.556097
-0.555083
-0.553947
-0.551316
-0.549306
-0.546899
-0.54428
-0.542007
-0.540112
-0.538399
-0.53711
-0.53599
-0.534993
-0.53412
-0.533335
-0.532394
-0.531199
-0.529904
-0.528613
-0.527352
-0.52607
-0.524874
-0.523796
-0.522713
-0.522124
-0.521911
-0.521891
-0.521983
-0.522201
-0.522538
-0.523093
-0.523534
-0.524129
-0.524816
-0.525691
-0.526686
-0.528084
-0.529555
-0.531122
-0.532892
-0.534918
-0.537141
-0.539058
-0.541666
-0.544255
-0.54887
-0.551204
-0.553992
-0.55653
-0.559406
-0.562372
-0.565551
-0.568754
-0.571906
-0.575033
-0.578543
-0.581896
-0.585451
-0.588886
-0.592533
-0.59634
-0.60016
-0.603862
-0.607403
-0.610821
-0.614129
-0.617436
-0.620735
-0.624065
-0.627157
-0.630487
-0.633588
-0.636807
-0.639738
-0.64292
-0.645867
-0.648295
-0.650883
-0.651994
-0.653733
-0.655457
-0.656916
-0.658787
-0.660411
-0.663096
-0.664326
-0.665239
-0.66587
-0.666386
-0.666737
-0.667023
-0.667286
-0.667527
-0.66781
-0.668043
-0.668236
-0.668462
-0.668704
-0.668946
-0.669211
-0.669479
-0.669765
-0.670092
-0.670377
-0.670564
-0.670678
-0.670697
-0.670759
-0.670742
-0.670771
-0.670747
-0.670753
-0.670745
-0.670747
-0.670759
-0.670764
-0.670787
-0.670781
-0.670878
-0.670896
-0.670888
-0.670981
-0.671044
-0.671082
-0.671101
-0.671198
-0.67123
-0.671264
-0.671174
-0.671076
-0.671055
-0.67099
-0.670798
-0.670613
-0.669524
-0.668131
-0.667253
-0.66609
-0.66451
-0.662715
-0.660965
-0.658872
-0.656557
-0.65431
-0.651799
-0.649397
-0.646897
-0.64428
-0.641602
-0.638862
-0.636071
-0.633097
-0.630382
-0.627509
-0.624771
-0.621306
-0.619037
-0.615793
-0.613638
-0.61138
-0.609542
-0.607625
-0.605581
-0.603448
-0.601429
-0.599556
-0.596252
-0.594931
-0.593978
-0.593426
-0.593001
-0.592819
-0.592832
-0.592881
-0.592903
-0.592902
-0.592861
-0.59284
-0.59281
-0.592888
-0.592847
-0.592907
-0.592872
-0.592928
-0.592952
-0.593027
-0.593362
-0.593899
-0.594947
-0.59572
-0.596666
-0.597932
-0.599693
-0.6015
-0.603329
-0.60551
-0.60751
-0.609394
-0.611421
-0.613179
-0.61499
-0.617181
-0.619422
-0.621953
-0.624729
-0.626777
-0.629011
-0.632139
-0.633469
-0.634648
-0.635795
-0.637215
-0.638677
-0.640644
-0.642931
-0.645352
-0.648199
-0.65068
-0.653126
-0.654957
-0.656301
-0.657397
-0.658311
-0.659189
-0.659884
-0.660442
-0.66078
-0.661024
-0.661138
-0.661158
-0.661129
-0.661124
-0.661169
-0.661138
-0.661148
-0.661069
-0.661106
-0.661122
-0.661111
-0.661044
-0.661045
-0.660974
-0.661044
-0.660937
-0.660908
-0.660865
-0.660899
-0.660846
-0.660797
-0.660779
-0.660785
-0.660735
-0.660727
-0.66069
-0.660616
-0.660655
-0.660607
-0.660473
-0.660398
-0.660327
-0.660156
-0.66004
-0.659935
-0.659815
-0.65954
-0.659431
-0.659371
-0.659329
-0.659259
-0.659192
-0.659174
-0.659145
-0.659161
-0.659196
-0.659131
-0.659174
-0.659127
-0.659165
-0.659083
-0.659114
-0.659138
-0.659109
-0.659074
-0.659144
-0.659149
-0.659119
-0.659111
-0.659088
-0.659075
-0.659109
-0.65909
-0.659106
-0.659119
-0.65911
-0.659115
-0.659071
-0.65906
-0.659063
-0.659042
-0.659113
-0.65904
-0.659041
-0.659098
-0.659048
-0.659003
-0.659026
-0.658997
-0.659051
-0.65898
-0.659015
-0.659013
-0.658997
-0.659002
-0.658877
-0.658952
-0.658904
-0.658905
-0.658892
-0.658903
-0.658923
-0.65891
-0.658938
-0.658907
-0.6589
-0.658893
-0.658899
-0.658897
-0.658954
-0.658903
-0.658876
-0.658884
-0.658928
-0.658903
-0.658869
-0.658853
-0.65884
-0.658857
-0.658853
-0.658848
-0.658894
-0.65883
-0.658861
-0.658916
-0.658852
-0.658955
-0.658905
-0.658853
-0.658924
-0.658895
-0.658901
-0.658912
-0.65891
-0.658863
-0.658884
-0.658862
-0.658852
-0.658868
-0.658887
-0.658873
-0.658871
-0.658819
-0.658883
-0.658839
-0.65883
-0.658827
-0.658827
-0.658817
-0.658868
-0.658862
-0.658857
-0.658826
-0.658861
-0.65888
-0.658873
-0.658819
-0.658864
-0.658857
-0.658847
-0.658859
-0.658842
-0.658845
-0.658834
-0.658823
-0.658815
-0.658863
-0.658837
-0.658882
-0.658855
-0.658832
-0.658868
-0.65883
-0.65885
-0.658823
-0.658847
-0.658844
-0.658843
-0.658831
-0.65879
-0.658886
-0.658841
-0.658864
-0.65884
-0.658834
-0.658849
-0.65883
-0.658831
-0.658837
-0.658852
-0.658818
-0.658838
-0.65885
-0.658862
-0.658857
-0.658857
-0.658862
-0.658837
-0.6588
-0.65877
-0.658809
