0.0208665
0.0204807
0.0217025
0.0191683
0.0196349
0.0219613
0.0185945
0.0199481
0.021935
0.0175212
0.0200916
0.0203455
0.01916
0.0179499
0.0195821
0.0211072
0.0199135
0.0207808
0.0212194
0.0168123
0.0194733
0.0197404
0.0216266
0.019376
0.0217849
0.0208204
0.0210578
0.0207
0.0192425
0.0196975
0.0208237
0.020794
0.0196036
0.0200223
0.0195277
0.0210067
0.0199597
0.0218558
0.0181922
0.0195656
0.0206934
0.0227264
0.0173761
0.019132
0.0190941
0.0218756
0.0202334
0.0207709
0.0204477
0.0212787
0.0205219
0.0218393
0.019714
0.0203488
0.0198195
0.0201542
0.0219399
0.0218542
0.0207412
0.0193843
0.0212804
0.0197882
0.0199102
0.0187759
0.0200899
0.019165
0.0182071
0.021221
0.018822
0.0211748
0.0190133
0.0186226
0.0225335
0.0222235
0.0196843
0.0224989
0.018461
0.0210644
0.0221642
0.0205648
0.0199053
0.0199069
0.0186176
0.0194585
0.0204906
0.0213496
0.0226753
0.0188567
0.0174981
0.0194189
0.0205681
0.0185995
0.0213232
0.020024
0.0206753
0.0186127
0.0177323
0.0208946
0.0223307
0.0207396
0.0170596
0.0213298
0.0202416
0.0197239
0.0191221
0.0175872
0.0184791
0.0189028
0.0189655
0.0225665
0.0202416
0.018184
0.0204889
0.0189193
0.0200355
0.0194832
0.0180867
0.0186209
0.0217223
0.0231766
0.0205384
0.0189902
0.0201048
0.0188946
0.0180867
0.0184923
0.0217569
0.0327667
0.0375408
0.0419613
0.03795
0.0318611
0.0250069
0.0219003
0.0233217
0.0191567
0.0205598
0.0218064
0.0219086
0.0204263
0.0214667
0.0185121
0.0187066
0.0202119
0.0182879
0.0191023
0.0185764
0.0167134
0.0159979
0.0162188
0.0189243
0.0165568
0.0140064
0.0136173
0.016288
0.0166178
0.0141498
0.0150301
0.0159253
0.0168502
0.0153022
0.0167876
0.017635
0.0145092
0.0155148
0.0142256
0.0168469
0.0130815
0.0107852
0.0124123
0.011283
0.0107308
0.00468276
0.00286955
0.000942624
-7.60594e-05
-0.00415741
-0.00828339
-0.0099335
-0.00932521
-0.00750368
-0.00829658
-0.0117056
-0.0107297
-0.0115738
-0.00656737
-0.00897904
-0.00604647
-0.00206398
-0.00423489
-0.00389532
-0.000242543
0.00743886
0.0115369
0.0108264
0.0137542
0.021935
0.0306274
0.038214
0.0446795
0.0483028
0.0468748
0.0518277
0.0539894
0.0592272
0.0605788
0.0660193
0.0719585
0.0793772
0.0841069
0.0905738
0.092294
0.0977337
0.0941853
0.0882029
0.0907163
0.0926885
0.0957919
0.0935521
0.0886568
0.0849962
0.0804614
0.080809
0.0836731
0.0883387
0.0891737
0.0976077
0.101217
0.104533
0.103534
0.101894
0.0988964
0.10057
0.10563
0.111016
0.11981
0.121559
0.129262
0.134556
0.142392
0.150087
0.163767
0.188552
0.200984
0.208564
0.205643
0.208713
0.212003
0.21237
0.217326
0.219028
0.20467
0.205758
0.205533
0.198726
0.197335
0.200641
0.199143
0.204731
0.205446
0.207564
0.207417
0.210389
0.204638
0.208718
0.215456
0.21521
0.218266
0.219476
0.223734
0.229367
0.235965
0.235433
0.244283
0.25082
0.252829
0.265809
0.271983
0.274501
0.277031
0.285452
0.28972
0.29525
0.3013
0.304495
0.312676
0.312467
0.315384
0.315984
0.320926
0.325721
0.333463
0.333487
0.335438
0.335255
0.336306
0.338906
0.339641
0.325836
0.324292
0.31837
0.318374
0.306551
0.297894
0.287184
0.275345
0.26891
0.265682
0.255449
0.251247
0.245602
0.249595
0.250868
0.245332
0.239804
0.232497
0.21619
0.20417
0.192537
0.192699
0.183095
0.169824
0.150998
0.139941
0.122257
0.108832
0.0915449
0.0748317
0.0726217
0.0656275
0.0506901
0.0381002
0.0366945
0.0324219
0.0311947
0.0296938
0.0286713
0.0260887
0.0273519
0.0244133
0.0221609
0.0201823
0.0198624
0.0182928
0.0198723
0.0235262
0.0185764
0.0223752
0.0244529
0.0225434
0.0279127
0.027784
0.0243473
0.0228765
0.0227775
0.0210891
0.0189919
0.0199943
0.0141086
0.0119622
0.0149065
0.00321241
0.00163658
-0.00356565
-0.00800315
-0.014251
-0.0192499
-0.0236427
-0.0234844
-0.0302495
-0.0262054
-0.0267199
-0.0287651
-0.0286991
-0.0308137
-0.0389936
-0.0472665
-0.055554
-0.0612022
-0.066258
-0.072554
-0.0754503
-0.0800665
-0.084619
-0.0917679
-0.100286
-0.109709
-0.115863
-0.129488
-0.137273
-0.142741
-0.148045
-0.148484
-0.152274
-0.165299
-0.172271
-0.177291
-0.182047
-0.189965
-0.197409
-0.195506
-0.19459
-0.197715
-0.19332
-0.186945
-0.196019
-0.204323
-0.207817
-0.205608
-0.199333
-0.198885
-0.194983
-0.196077
-0.191722
-0.195157
-0.194379
-0.19656
-0.194077
-0.191844
-0.191538
-0.194617
-0.194202
-0.184395
-0.183356
-0.176808
-0.178591
-0.180116
-0.183227
-0.179332
-0.17647
-0.175383
-0.174765
-0.171462
-0.165134
-0.159701
-0.158874
-0.161432
-0.161893
-0.163747
-0.162929
-0.165817
-0.161412
-0.162398
-0.166727
-0.166302
-0.159119
-0.151737
-0.142108
-0.140462
-0.143023
-0.138675
-0.133068
-0.124996
-0.128383
-0.121764
-0.122191
-0.114864
-0.1158
-0.117489
-0.121738
-0.118608
-0.125339
-0.123075
-0.124746
-0.127455
-0.132834
-0.135354
-0.141051
-0.143722
-0.137618
-0.138966
-0.135879
-0.136237
-0.143019
-0.13925
-0.1517
-0.152956
-0.150694
-0.15057
-0.140278
-0.136745
-0.137195
-0.1274
-0.129496
-0.127096
-0.137113
-0.136727
-0.140114
-0.14554
-0.143403
-0.149106
-0.153785
-0.160038
-0.165977
-0.172733
-0.154374
-0.140388
-0.121383
-0.110729
-0.102317
-0.111902
-0.110647
-0.103495
-0.0924812
-0.0762978
-0.066172
-0.0539912
-0.0457987
-0.0407445
-0.037487
-0.0332221
-0.0330159
-0.0304491
-0.0291725
-0.0271735
-0.0252786
-0.0251021
-0.0252687
-0.028262
-0.0268172
-0.0272444
-0.0229979
-0.0232568
-0.0223581
-0.0258195
-0.0268403
-0.0252588
-0.0246634
-0.0233871
-0.0204585
-0.0183299
-0.0208691
-0.0182821
-0.0181304
-0.0167966
-0.0156903
-0.0189416
-0.0177347
-0.0156392
-0.0165443
-0.0132009
-0.0163547
-0.0165394
-0.0182458
-0.0132355
-0.0154381
-0.0159755
-0.0160085
-0.01771
-0.016851
-0.017212
-0.0184865
-0.0121062
-0.0152501
-0.0148429
-0.0147374
-0.0144307
-0.0160959
-0.0137499
-0.0177248
-0.0140598
-0.0153837
-0.0134713
-0.0134284
-0.0167768
-0.0117815
-0.0130739
-0.0154859
-0.0145775
-0.0149435
-0.0142444
-0.0156755
-0.0127179
-0.013224
-0.0120683
-0.0136608
-0.0170241
-0.014068
-0.0165658
-0.0141027
-0.0129948
-0.0133723
-0.016386
-0.0126222
-0.0140862
-0.0142692
-0.0123865
-0.0132108
-0.0143285
-0.0146154
-0.0140845
-0.0122859
-0.0102418
-0.0140779
-0.0130674
-0.0164339
-0.0146418
-0.0134614
-0.0133509
-0.0137614
-0.0130838
-0.0157843
-0.012891
-0.0144143
-0.0127212
-0.0147522
-0.0136988
-0.0127887
-0.0172236
-0.0123783
-0.0127327
-0.0121227
-0.0115309
-0.0120189
-0.0121475
-0.0126997
-0.012276
-0.0112144
-0.0134696
-0.011643
-0.012797
-0.0125926
-0.0116974
-0.0118062
-0.0109193
-0.0147588
-0.0116958
-0.0132668
-0.0130278
-0.0104396
-0.0104445
-0.0113314
-0.013651
-0.0126453
-0.0108616
-0.0102896
-0.0140895
-0.0123783
-0.0139197
-0.0149319
-0.0149204
-0.0142543
-0.0143961
-0.0148693
-0.014317
-0.0142708
-0.015992
-0.0171758
-0.0162607
-0.01465
-0.0142527
-0.0134103
-0.0136097
-0.0123618
-0.0148973
-0.0147308
-0.0132965
-0.0144571
-0.0134053
-0.014617
-0.0152155
-0.0132932
-0.0109984
-0.0161206
-0.0179194
-0.0137795
-0.0144703
-0.0145214
-0.0107099
-0.0113529
-0.0134152
-0.0132965
-0.0158651
-0.018447
-0.0141554
-0.0137136
-0.0139658
-0.0146517
-0.0131036
-0.0155452
-0.0142956
-0.0142395
-0.0134383
-0.0119084
-0.0138191
-0.0153243
-0.0139807
-0.0136905
-0.01161
-0.0139873
-0.0156375
-0.0121128
-0.0163663
-0.0138785
-0.0133394
-0.0119167
-0.0112671
-0.015842
-0.0173093
-0.0142708
-0.0128596
-0.0156194
-0.0152419
-0.0146418
-0.0140549
-0.0154414
-0.0127294
-0.0160596
-0.0141389
-0.0150523
-0.0169384
-0.0150127
-0.0170323
-0.0176325
-0.0161849
-0.0173472
-0.0178039
-0.0178732
-0.017799
-0.0150836
-0.0138125
-0.0180298
-0.0135471
-0.0151479
-0.0163382
-0.0173143
-0.0169384
-0.0173637
-0.0137499
-0.0199606
-0.0190306
-0.0162591
-0.0151677
-0.0174824
-0.0180941
-0.0171675
-0.0182128
-0.01648
-0.0184552
-0.0171873
-0.019954
-0.0178814
-0.0147308
-0.015875
-0.019245
-0.0228544
-0.021555
-0.0177281
-0.017672
-0.0192582
-0.0167339
-0.0186316
-0.0203827
-0.0211445
-0.0195863
-0.0220547
-0.0210868
-0.0235371
-0.0221602
-0.0207322
-0.0235322
-0.0234893
-0.0252357
-0.0238405
-0.0199853
-0.023054
-0.0231875
-0.0207669
-0.0204025
-0.0194214
-0.0203827
-0.0211989
-0.0228017
-0.0204866
-0.021649
-0.0235981
-0.0244045
-0.0235569
-0.0225609
-0.0224982
-0.022457
-0.0201024
-0.0217133
-0.0215468
-0.0237647
-0.0223614
-0.023707
-0.0243369
-0.0224851
-0.0230803
-0.0218024
-0.0243254
-0.0235965
-0.0241671
-0.0233904
-0.0218238
-0.0223004
-0.022772
-0.0232865
-0.0236938
-0.0234959
-0.0201634
-0.0231793
-0.0224356
-0.022058
-0.025051
-0.0221899
-0.0233607
-0.0230853
-0.0240665
-0.0231562
-0.0233293
-0.0252505
-0.0240384
-0.0217744
-0.0221355
-0.0211989
-0.0257057
-0.0250081
-0.021997
-0.0236674
-0.0206152
-0.0222509
-0.0235882
-0.0235932
-0.0221734
-0.0235668
-0.02249
-0.0245612
-0.0229896
-0.0210933
-0.0236146
-0.0231512
-0.0223597
-0.0196786
-0.0210093
-0.0241423
-0.0277111
-0.0320129
-0.0330456
-0.0310166
-0.0316054
-0.0281812
-0.0262977
-0.0243913
-0.0271636
-0.0313201
-0.0348801
-0.0367758
-0.0365646
-0.0383038
-0.0366834
-0.0394969
-0.0397774
-0.0386025
-0.0340667
-0.0290521
-0.0234151
-0.0182244
-0.0180644
-0.0112391
-0.00963842
-0.00337608
0.0127782
0.0320475
0.0388641
0.0413838
0.0368677
0.0283563
0.0245073
0.0174948
0.013314
0.00722787
0.00171405
-0.00265904
-0.0102583
-0.0179325
-0.0239543
-0.0235602
-0.0251252
-0.0279668
-0.0251697
-0.021499
-0.0206135
-0.0196869
-0.0130937
-0.0104577
-0.00132387
-0.00890321
0.00661466
0.0188336
0.0224774
0.0314323
0.0378543
0.0443577
0.0468022
0.0492685
0.0494468
0.0451565
0.0462443
0.0420356
0.0361253
0.0232343
0.01947
0.0218905
0.0192689
0.016626
0.0181263
0.0132975
0.0102939
0.00884661
0.00316626
0.000299766
-0.000730457
-0.00200134
-0.00192222
0.00425418
0.00843451
0.0120463
0.0180076
0.0204197
0.0229606
0.0243226
0.0262239
0.027916
0.0223323
0.0257507
0.0252378
0.0307395
0.0335551
0.0421412
0.046893
0.0473717
0.0528169
0.0588671
0.0633499
0.0644837
0.0688728
0.0675766
0.0711366
0.0737118
0.0700005
0.0684975
0.0589728
0.0523743
0.0428888
0.0142734
0.00987524
0.0051476
0.00732677
-0.00988899
-0.0273912
-0.0428802
-0.0501363
-0.0552847
-0.0641795
-0.0722247
-0.0877964
-0.0928959
-0.0890398
-0.089393
-0.0831542
-0.0785529
-0.0742966
-0.0719649
-0.0700573
-0.0752086
-0.0769865
-0.0793196
-0.0837623
-0.081052
-0.0788278
-0.0808714
-0.0789089
-0.0817991
-0.087745
-0.0771157
-0.0766836
-0.0740186
-0.0713957
-0.0633033
-0.053091
-0.0600238
-0.0590041
-0.0562876
-0.0625775
-0.0650972
-0.0715794
-0.0731332
-0.0810934
-0.0920084
-0.0994204
-0.114517
-0.122996
-0.132584
-0.13576
-0.145407
-0.152078
-0.154694
-0.161979
-0.160603
-0.15945
-0.159665
-0.158326
-0.126177
-0.108203
-0.096213
-0.0934052
-0.0873073
-0.0902719
-0.0913731
-0.0902056
-0.0937072
-0.0899303
-0.0848129
-0.0885076
-0.0967159
-0.104588
-0.105572
-0.114337
-0.121521
-0.125288
-0.13011
-0.132813
-0.135993
-0.142294
-0.146123
-0.158238
-0.162721
-0.166009
-0.174971
-0.163949
-0.122649
-0.0962993
-0.0782581
-0.0688629
-0.0567303
-0.0538871
-0.0477502
-0.0460299
-0.0410201
-0.0398666
-0.0352513
-0.0308483
-0.0302858
-0.0326397
-0.0380827
-0.0426459
-0.0441083
-0.0510462
-0.0520686
-0.0494923
-0.0455528
-0.0479137
-0.048911
-0.0466605
-0.0501297
-0.0485841
-0.0473441
-0.0554896
-0.0597246
-0.0598932
-0.0571913
-0.0548519
-0.0530299
-0.0493255
-0.0490167
-0.0437732
-0.034108
-0.031165
-0.0308829
-0.0346194
-0.0358172
-0.0353206
-0.0363699
-0.0354064
-0.0371174
-0.0429793
-0.0436032
-0.0477717
-0.044691
-0.0437765
-0.0416952
-0.0357809
-0.0332468
-0.0350599
-0.0427284
-0.0435471
-0.0516606
-0.0555804
-0.0558547
-0.0503923
-0.0478427
-0.0371339
-0.0348174
-0.0306355
-0.0300434
-0.0266193
-0.0244342
-0.0239494
-0.0238059
-0.0247442
-0.0266474
-0.0336164
-0.0385167
-0.0423999
-0.0492941
-0.05506
-0.0590751
-0.0711938
-0.0754933
-0.0782018
-0.0842627
-0.0902719
-0.086457
-0.0894096
-0.0845395
-0.085257
-0.0838551
-0.0652427
-0.058462
-0.0553987
-0.0479797
-0.0490315
-0.0571021
-0.0615312
-0.066215
-0.0655172
-0.0647731
-0.0811911
-0.0955624
-0.0882108
-0.0777101
-0.0795547
-0.0688033
-0.0576904
-0.045944
-0.0334448
-0.0301968
-0.0285638
-0.0242825
-0.0198353
-0.0203612
-0.0163696
-0.0109358
-0.0125827
-0.011493
-0.00806085
-0.00929224
-0.00898728
-0.00829658
-0.00741301
-0.00949501
-0.0100489
-0.0117254
-0.0066943
-0.0051959
-2.35019e-07
0.00491353
0.0119919
0.0188385
0.0226819
0.0241511
0.0204345
0.017607
0.0151043
0.0110588
0.00900486
0.00777349
0.00653389
-0.000153532
-0.00358048
-0.0065921
-0.00926587
-0.0121672
-0.0114897
-0.0151133
-0.0111732
-0.00909773
-0.0082768
-0.000479907
0.00771415
0.0245188
0.0381332
0.0427221
0.0491216
0.0372142
0.0206571
0.00835373
0.00310527
-0.00275135
-0.0041739
-0.0213737
-0.0548436
-0.077715
-0.094263
-0.0976024
-0.093523
-0.0766008
-0.0660976
-0.0550832
-0.0480342
-0.0412066
-0.0378748
-0.0415615
-0.0452804
-0.0553904
-0.0596602
-0.0611956
-0.0578143
-0.055635
-0.0565783
-0.052863
-0.04884
-0.0389111
-0.0283115
-0.0241786
-0.0230177
-0.0237581
-0.0209136
-0.0189053
-0.0093895
-1.88338e-06
0.013014
0.0284206
0.0350151
0.0419911
0.0515916
0.0573274
0.0632524
0.0719684
0.0816151
0.0816284
0.0865795
0.0943246
0.0890113
0.0834794
0.0958085
0.0996379
0.106529
0.109176
0.114441
0.11732
0.116295
0.119945
0.125798
0.128402
0.13024
0.130819
0.136234
0.142227
0.142625
0.138607
0.137161
0.133294
0.128134
0.129177
0.120725
0.128594
0.127856
0.133406
0.128396
0.127315
0.122737
0.125255
0.125435
0.107312
0.101906
0.0686992
0.0659813
0.0628955
0.0684776
0.0754538
0.0764233
0.0663119
0.0610579
0.0501155
0.03877
0.031678
0.0269199
0.0276966
0.0278797
0.0278434
0.0279061
0.0282804
0.0248321
0.0289665
0.0281304
0.0237636
0.0276389
0.0260359
0.0249674
0.0275696
0.0270897
0.0219399
0.0256913
0.0240027
0.0238312
0.0218905
0.0247151
0.0205499
0.0223093
0.0232096
0.0207346
0.0191188
0.0212161
0.0221246
0.0189177
0.0244084
0.0237158
0.0238263
0.0249707
0.0259139
0.0238147
0.0240258
0.0268902
0.0267038
0.0271722
0.0227874
0.021188
0.0204856
0.0193365
0.0172904
0.0178856
0.0106698
-0.00555195
-0.0231381
-0.0361159
-0.0492958
-0.0679548
-0.0691292
-0.0779535
-0.0888491
-0.0877234
-0.0932161
-0.0955292
-0.0962279
-0.100566
-0.10585
-0.104878
-0.106729
-0.105902
-0.100096
-0.102295
-0.104181
-0.117684
-0.101757
-0.11024
-0.0928611
-0.0848096
-0.071998
-0.0749521
-0.0766372
-0.0821022
-0.0853498
-0.0827301
-0.0698438
-0.0590685
-0.0508877
-0.040667
-0.0261361
-0.0230061
-0.0222212
-0.0177363
-0.0194461
-0.0166713
-0.0190389
-0.0196308
-0.021311
-0.0204635
-0.0200793
-0.0191576
-0.0189795
-0.0167751
-0.0176341
-0.0163976
-0.0107957
-0.00739982
-0.0114584
0.00435473
0.0246788
0.0434219
0.0610827
0.072501
0.0776478
0.0800757
0.0766517
0.0739119
0.074299
0.0676559
0.0686926
0.0774426
0.082428
0.097538
0.109181
0.0978581
0.0891836
0.0621783
0.0558392
0.051869
0.0519202
0.058986
0.0682478
0.0789601
0.0961517
0.108392
0.117463
0.108923
0.0996163
0.0811168
0.0640788
0.04894
0.0391842
0.0411412
0.0361286
0.0367027
0.029966
0.0277032
0.02255
0.0201509
0.0173794
0.0169294
0.0199646
0.0187973
0.0166062
0.0153582
0.0149197
0.0169788
0.0176267
0.0138745
0.0132942
0.0143608
0.0161512
0.0132002
0.0164018
0.0147186
0.0149626
0.0168898
0.0151472
0.0154637
0.0162501
0.0153566
0.0129414
0.0138564
0.0137904
0.0128227
0.0135695
0.012948
0.0120067
0.0117133
0.0124601
0.0137838
0.013469
0.0119737
0.0113556
0.00926037
0.00931971
0.00629982
0.00656027
0.00341351
0.00252999
0.00424099
0.00304098
0.00511958
-0.000516171
0.00383385
0.00159372
0.00300307
-0.000257379
0.000248667
0.00201406
0.00125087
-0.000161774
0.00296846
0.00358989
0.00180801
0.00172889
0.0020668
0.00089647
0.00477507
0.00135142
0.00226131
0.0014157
0.00326681
0.00182449
0.00283329
0.00116515
0.00177175
0.00127065
0.00272944
0.00219043
0.00219702
0.00216735
0.00449319
0.00194318
0.000672294
-0.000133752
0.00116845
0.00212285
0.00497617
0.00519375
0.00612179
0.00730699
0.00416682
0.00727073
0.00501243
0.00477671
0.0065751
0.00432671
0.00452616
0.00658994
0.00799108
0.00717182
0.00504045
0.00486078
0.00672346
0.00894882
0.00805537
0.00559266
0.00537508
0.00673335
0.00788723
0.00670203
0.00622399
0.00555805
0.00324044
0.0061119
0.00353714
0.00626685
0.00548717
0.00450638
0.00659818
0.00662455
0.00506848
0.00954555
0.0079713
0.00676467
0.00888617
0.00556134
0.00738941
0.00757074
0.00852517
0.0044322
0.00583497
0.00542288
0.00595201
0.00599157
0.00703665
0.00624213
0.00608388
0.00263219
0.00850209
0.00330472
0.00557453
0.00402506
0.00732677
0.00508496
0.008029
0.00732842
0.00542947
0.00480639
0.00716193
0.00707292
0.00733666
0.00347945
0.00665422
0.00703171
0.00527617
0.00654873
0.00664763
0.00636905
0.00540969
0.00346461
0.00536519
0.00839165
0.0037844
0.00817076
0.00790866
0.00579047
0.00601959
0.00733172
0.00471243
0.00727897
0.00543277
0.00466133
0.00726248
0.00621081
0.00337725
0.00908399
0.00511298
0.00462671
0.00599981
0.00611685
0.00591904
0.00722622
0.00602784
0.00810977
0.00676796
0.00578882
0.00723446
0.00665258
0.00566354
0.00686027
0.00782789
0.00697401
0.00814933
0.00496628
0.00432176
0.00718336
