0.0142483
0.0231195
-0.0216748
0.00240977
-0.0208774
-0.00510944
0.0197511
-0.00765005
-0.00674889
0.0218481
0.000236564
-0.00384704
0.0189253
0.000390577
0.0101312
0.000115076
0.0107793
-0.00280827
-0.00155575
0.00426612
0.00556703
0.00921587
0.00792837
-0.00909574
-0.0116334
0.00893875
0.010297
0.0151097
0.00169709
-0.0209618
0.00683401
0.00894746
-0.0116088
0.00598791
0.00959655
-0.0160491
0.00825405
-0.00706482
0.0217941
-0.0007685
-0.00746231
-0.0222172
0.00521738
0.0140104
-0.0144743
-0.00339752
0.00671482
-0.00851907
-0.0010033
-0.00424437
-0.00330877
-0.00325381
0.0119066
0.00241526
-0.0162511
0.000327557
-0.00459769
-0.00723066
-0.00416052
-0.0041735
-0.00730416
0.00746163
0.0113054
0.01234
0.00950495
-0.0232937
0.00452911
-0.00928473
-0.0163525
0.0135013
-0.000514464
0.0138802
-0.00323117
-0.00346156
0.003883
0.000474484
0.0131697
-0.0178964
-0.0178963
-0.0120376
0.0139298
0.00765559
0.00405035
0.00800443
-0.00655513
-0.0132297
0.0101023
0.0136892
0.0237339
-0.00318704
0.00315768
0.00854207
-0.00952152
-0.000492467
0.0122245
0.00432345
0.0204664
0.00661307
-0.0157325
-0.00867319
0.0107756
-0.00179697
0.00563912
-0.0020966
0.0014762
0.0168737
0.00172249
-0.0193199
0.0154244
0.00135441
0.00726392
0.0191914
0.00996316
-0.00949559
-0.00554508
-0.00633974
0.00482015
0.0126003
-0.00383001
-0.00378238
0.0221874
0.0278047
0.00393612
-0.0356504
-0.0153868
-0.0240969
-0.0636824
-0.0670645
-0.0281507
-0.065194
-0.0434856
-0.029718
-0.00828443
-0.00769645
-0.00377765
-0.000290945
-0.00176847
0.0142774
2.49036e-06
0.00160262
-4.19705e-05
0.0031132
0.0128577
-0.00620257
-0.00632847
0.0156738
0.0147803
0.0140847
0.00447384
0.0256635
0.0170094
-0.00601448
0.00423808
0.049258
0.0270347
-0.0241829
0.00256016
0.011207
-0.00264786
-0.0101454
0.00236061
-0.00807248
-0.0184657
0.0131272
-0.00651132
-0.00446037
0.00775201
-0.00131007
0.00882601
0.0112167
-0.0134211
0.0058325
0.00897177
0.0263756
0.0146781
0.0182866
0.00652101
0.0280503
0.0201861
0.00702991
0.00546008
-0.00411263
-0.00474873
0.00668807
0.01152
-0.00519201
-0.00402715
-0.00481581
-0.0160306
-0.00529939
-0.0162565
-0.0092928
-0.0319815
-0.0452363
-0.0335489
-0.112077
-0.0536734
-0.0721697
-0.0764802
-0.0641205
-0.0817241
-0.0985545
-0.115309
-0.126445
-0.133726
-0.148035
-0.171299
-0.147779
-0.175245
-0.206201
-0.204848
-0.229707
-0.248271
-0.204893
-0.220993
-0.212938
-0.234956
-0.207117
-0.212106
-0.174931
-0.173196
-0.176029
-0.198474
-0.198275
-0.200743
-0.234988
-0.215342
-0.245972
-0.263186
-0.243871
-0.268662
-0.245771
-0.275814
-0.268243
-0.301913
-0.327621
-0.349638
-0.340443
-0.394776
-0.383231
-0.422738
-0.475176
-0.540614
-0.532457
-0.560047
-0.556322
-0.556972
-0.580917
-0.580083
-0.592602
-0.589693
-0.56985
-0.539892
-0.560516
-0.563605
-0.525649
-0.559651
-0.548114
-0.503924
-0.513347
-0.536173
-0.557263
-0.585105
-0.579527
-0.616924
-0.604132
-0.623144
-0.650205
-0.662483
-0.673965
-0.678021
-0.65902
-0.688905
-0.731459
-0.738342
-0.745081
-0.76984
-0.806564
-0.814169
-0.810358
-0.842684
-0.869871
-0.876077
-0.888254
-0.867361
-0.917242
-0.8741
-0.95794
-0.909919
-0.9486
-0.965085
-0.979028
-0.987149
-0.985644
-1.02081
-0.997654
-1.06005
-1.02354
-1.00198
-0.964701
-0.953857
-0.949336
-0.928071
-0.872892
-0.847771
-0.804005
-0.79506
-0.752205
-0.756472
-0.710926
-0.710042
-0.698689
-0.69177
-0.665441
-0.626668
-0.635489
-0.570379
-0.558939
-0.50978
-0.495226
-0.418068
-0.408643
-0.356559
-0.291465
-0.239238
-0.193326
-0.163624
-0.104018
-0.0172518
-0.116602
-0.0356739
-0.0230307
0.0104626
0.0178888
-0.00279611
0.00598568
0.00420723
0.00927329
0.00342284
0.00357564
0.00230588
0.0166508
0.0168816
0.0274666
0.00245187
-0.00421529
0.00759576
-0.0145747
-0.00841172
-0.0100183
0.00223702
-0.00110486
-0.00493838
-7.53701e-05
-0.00811809
0.00864359
0.0179621
0.0132968
0.0322935
0.000984365
0.0145219
0.0519336
0.0314982
0.0428078
0.0339015
0.0579414
0.0431785
0.02005
0.0307032
0.0561096
0.0453446
0.064573
0.0775441
0.109575
0.0967239
0.116353
0.125421
0.163536
0.178517
0.199605
0.239508
0.223162
0.25443
0.214324
0.271621
0.287544
0.304306
0.311938
0.347653
0.414102
0.408861
0.411833
0.435153
0.417596
0.420237
0.460347
0.507214
0.5056
0.497923
0.496358
0.524811
0.525326
0.549523
0.541053
0.523288
0.525336
0.538668
0.579627
0.6046
0.563711
0.556613
0.530341
0.515043
0.493394
0.525431
0.545372
0.528801
0.532555
0.514519
0.528982
0.498968
0.504005
0.516282
0.524961
0.488675
0.456693
0.479034
0.486805
0.485814
0.477233
0.465697
0.471828
0.471904
0.46662
0.451526
0.425974
0.438222
0.43853
0.419314
0.427499
0.424757
0.435252
0.41542
0.423061
0.434667
0.390669
0.387271
0.396022
0.354056
0.37139
0.365336
0.33561
0.337457
0.345029
0.297202
0.323363
0.302615
0.299552
0.289733
0.302889
0.300423
0.337198
0.293655
0.326033
0.331744
0.351523
0.351124
0.373894
0.382674
0.359816
0.361773
0.387804
0.379949
0.391963
0.394098
0.403697
0.421339
0.420619
0.344824
0.374802
0.353135
0.354916
0.344201
0.320019
0.334532
0.318565
0.35464
0.394645
0.391541
0.401467
0.365923
0.414637
0.438341
0.41144
0.456233
0.363097
0.325177
0.286582
0.258576
0.274975
0.273838
0.26313
0.24097
0.183197
0.168771
0.126709
0.0869736
0.0797586
0.0141311
0.0298791
0.0123454
0.0273013
0.0299374
0.029915
0.0410869
0.0371184
0.028424
0.0258017
0.0335536
0.0171121
0.0133526
0.00208571
0.0131488
0.00192104
0.014637
0.0133904
0.00633942
0.0222006
0.0387297
0.00925902
-0.00391144
0.011601
-0.0107668
0.0162807
-0.0178749
-0.0150884
0.0057768
-0.00623175
-0.0035415
-0.0108437
-0.0107757
-0.00817938
-0.00297445
-0.00347769
-0.0177361
-0.015558
0.00612197
-0.00223096
0.00751956
0.000437072
0.00346651
0.015751
0.00462088
-0.00650771
-0.000136886
-0.00955517
-0.00721524
0.0128454
-0.0132252
0.00508204
0.0038071
-0.00342094
-0.00539713
0.00572684
0.00295512
-0.020382
-0.00614577
0.0061801
0.000255767
-0.0154261
-0.00725112
0.00243625
-0.0100709
-0.0162604
-0.0203342
0.00810654
0.0139292
-0.000526325
0.00863618
0.0022842
0.00928106
0.0225373
-0.00332802
-0.00537952
0.00382627
0.00486125
-0.0195675
-0.0217236
-0.000453409
-0.0150905
0.00463143
-0.0071914
-0.0296301
-0.0210463
0.00336594
0.0151244
0.0208141
0.00937391
-0.00116386
-0.000786899
-0.00594407
0.020129
0.00733348
-0.0014042
-0.012134
0.0356753
-0.00376353
-0.00529769
0.0258647
-0.00522133
-0.0129005
0.000580488
-0.00454865
-0.0180241
-0.0067458
-0.00152588
0.0208163
-0.0154263
0.00705512
-0.00241087
-0.00241394
-0.00316947
-0.00648854
-0.00163461
-0.0153518
0.00301997
0.00474212
0.00900893
0.0163998
-0.0103675
0.00565191
0.00830051
0.00760607
-0.00205727
-0.0203049
-0.00174995
0.00532245
0.00591764
-0.0138081
0.019375
-0.00871495
-0.00947087
-0.0118041
-0.00484269
0.00649992
0.0106201
-0.00714742
0.0148134
0.0150707
0.00560152
-0.00912694
-0.000845647
-0.0010437
-0.0180514
0.00556915
-0.000779642
0.000301845
-0.003572
0.0073406
0.00897738
-0.00808307
0.00491261
-0.00478082
0.0022457
-0.000610938
-0.00908856
0.00701199
0.0136381
0.00517626
-0.00741165
-0.0210062
0.00447503
0.0279018
0.0181154
-0.00728305
0.00174133
-0.0118879
-0.00269255
0.00652041
0.00508558
0.000830621
0.00207517
-0.021881
0.00435936
-0.00471144
0.00128395
0.000235672
0.0121553
-0.0163312
0.0106597
0.013653
-0.0171387
-0.00369621
0.0104078
0.01697
0.00311308
-0.0308386
0.0217133
0.0176
0.00551428
-0.00792973
-0.00453159
-0.00405168
-0.00785013
-0.00951276
-0.00431417
-0.00608966
-0.00942397
0.00504365
-0.0111606
0.00349644
0.0163292
-0.00624943
0.0163404
0.0087214
0.00983439
0.0195273
0.00177469
0.0110398
-0.0281346
-0.0191657
0.0100382
-0.00648516
-0.0246737
0.00280059
-0.0136598
-0.0116953
-0.00625751
-0.0166208
-0.0064732
0.0127489
-0.00589067
-0.0011249
0.0108664
0.0152732
0.00180759
-0.00631875
-0.00854209
-0.00185245
-0.00153846
0.00666485
0.00928676
-0.00299726
-0.00432621
-0.0111039
0.0207227
0.0157085
-0.00539972
-0.00932265
0.0194991
-0.00634031
-0.0123363
0.0110375
0.0137183
0.0211609
0.00938234
-0.000317204
0.00418457
0.00832834
0.0224004
0.001461
0.003885
0.0280831
0.0157023
-0.00246059
-0.00960484
-0.00597383
0.0125458
0.00907884
0.00234598
0.00574438
0.00178486
-0.00934612
0.0099712
0.0142726
-0.00761078
0.0194659
0.0110768
-0.00357579
-0.00833864
0.00248408
-0.00567992
0.0140795
0.00946297
0.0100527
0.00772561
-0.00580051
0.0172199
0.00611671
0.00412836
-0.0138265
0.0139218
-0.00232254
0.0206809
0.00905535
-0.0131324
-0.0118108
0.00536575
-0.00518732
0.0022498
0.00103095
-0.00615793
0.0114192
0.00562449
-0.0111609
0.0222618
0.0136029
0.0154198
0.0176665
0.0015823
0.00397382
-0.0263401
0.00547961
-0.00109734
0.00425388
0.0032365
-0.00461425
0.016372
0.00396966
-0.0246291
-0.0138767
-0.00833277
0.000693061
0.00869128
0.00502729
-0.0189998
-0.0165335
0.0133652
0.0200584
0.00277687
3.938e-05
-0.00649359
0.00444509
-0.00328864
-0.0136683
-0.00285202
-0.00103205
0.0335647
0.028037
0.0377149
0.0521431
0.0487361
0.0685104
0.0566045
0.0302787
0.0434195
0.047795
0.0492199
0.0533768
0.0575969
0.0803845
0.0660141
0.0945475
0.0736941
0.0615624
0.0437976
0.0249277
0.024324
-0.00690423
-0.0341782
-0.0426725
-0.0823259
-0.025046
-0.0910487
-0.0860147
-0.0987165
-0.0891863
-0.0707607
-0.0647428
-0.0460746
0.0150658
0.0132929
0.0398046
0.0750505
0.126509
0.0567909
0.0628107
0.0420971
0.0428004
0.0403041
0.0436787
0.0286425
0.0184637
0.00786751
0.00139859
-0.0363716
-0.0556153
-0.0646253
-0.183279
-0.034407
-0.0676426
-0.0728984
-0.0803497
-0.0767986
-0.102851
-0.107453
-0.12297
-0.143328
-0.121844
-0.117747
-0.106965
-0.0859841
-0.0259805
-0.0162636
-0.00381222
-0.0147229
0.0198089
-0.000182719
0.014385
-0.00102297
0.0261121
0.016343
0.0182551
-0.00354653
0.0240626
-0.0172615
-0.0332674
-0.0364548
-0.00203101
-0.0262631
-0.0383784
-0.0197927
-0.016783
-0.0577179
-0.0461375
-0.0155493
-0.0343504
-0.035852
-0.053912
-0.0611426
-0.0989524
-0.0977109
-0.104637
-0.146267
-0.139633
-0.151641
-0.171075
-0.177269
-0.158145
-0.167858
-0.165015
-0.165697
-0.13455
-0.128178
-0.094333
-0.0737289
0.0136386
0.0330496
0.0735759
0.12236
0.0613777
0.109854
0.114954
0.138689
0.138356
0.27581
0.230253
0.266396
0.231441
0.236818
0.24464
0.188165
0.183468
0.19843
0.152239
0.177173
0.187203
0.189623
0.210334
0.215508
0.190196
0.198098
0.220706
0.174183
0.186416
0.214199
0.159612
0.195926
0.217108
0.150742
0.133732
0.123385
0.125738
0.139053
0.142745
0.143535
0.161988
0.148653
0.156411
0.191266
0.228704
0.250009
0.315866
0.302158
0.349781
0.377114
0.389056
0.430986
0.411893
0.426457
0.450024
0.441147
0.435239
0.402771
0.298565
0.290088
0.257407
0.27197
0.211492
0.235296
0.232656
0.228687
0.203675
0.194481
0.20381
0.237888
0.244858
0.26426
0.273859
0.285663
0.302931
0.333284
0.295292
0.349424
0.37328
0.369515
0.433511
0.436998
0.447544
0.46026
0.46961
0.284213
0.354534
0.237206
0.180516
0.137134
0.130641
0.0837671
0.0983611
0.0766941
0.0543305
0.0699739
0.0489452
0.0480501
0.063915
0.0709889
0.0544483
0.0756912
0.0751868
0.109548
0.126389
0.0849554
0.0799311
0.0869142
0.118178
0.099341
0.101413
0.100704
0.109276
0.159627
0.132374
0.128753
0.131626
0.136398
0.0974796
0.120505
0.0774149
0.0852856
0.0742812
0.0573365
0.0584451
0.0566879
0.0584263
0.060733
0.0535345
0.0655647
0.0567878
0.0796625
0.0858624
0.0855019
0.09888
0.0754253
0.0847747
0.0449863
0.0396793
0.0749705
0.0913797
0.0966593
0.110789
0.133593
0.109544
0.0814709
0.0578864
0.0699526
0.0662364
0.0461834
0.0356314
0.0167749
-0.00388861
-0.00482371
0.0138462
0.00719601
0.0350415
0.0621424
0.0676188
0.0923501
0.102528
0.118456
0.133099
0.150726
0.167952
0.174712
0.206793
0.216135
0.19016
0.24048
0.187279
0.240953
0.160001
0.147846
0.121591
0.120474
0.105133
0.10067
0.111763
0.148624
0.18044
0.153438
0.166738
0.213795
0.216982
0.181008
0.168328
0.180691
0.132982
0.116014
0.0581639
0.0354995
0.00709719
0.00662375
0.00452296
-0.00572379
-0.00265201
-0.0182436
-0.022214
-0.0229847
0.000240966
-0.00847238
0.00257446
-0.00241062
0.0036181
-0.00982035
-0.00889126
0.0256976
0.00546414
-0.0106473
-0.0209074
-0.0275648
-0.0485827
-0.0390454
-0.0572674
-0.0493049
-0.0255024
-0.0219229
-0.0166252
-0.0111186
0.0309222
-0.00414044
-9.88727e-05
0.0109529
0.0416175
0.0120943
0.0189768
0.0167798
0.0207781
-0.000597232
-0.00635066
-0.0290979
-0.0474601
-0.0420419
-0.0448539
-0.0467149
-0.0871197
-0.104643
-0.117554
-0.118416
-0.0765183
-0.023529
0.0111496
0.0519732
0.0399383
0.11481
0.0728757
0.185113
0.192902
0.236789
0.264557
0.195859
0.182196
0.1544
0.0936664
0.0953773
0.103357
0.0820003
0.0956045
0.0904485
0.124232
0.134809
0.112231
0.121614
0.110004
0.107012
0.0799915
0.106928
0.0513189
0.0183276
0.00802072
0.0151465
-0.0192818
-0.0218114
-0.0533524
-0.0352131
-0.0537877
-0.0638053
-0.104417
-0.0924109
-0.146407
-0.162642
-0.155124
-0.190412
-0.195407
-0.20557
-0.219131
-0.236175
-0.242905
-0.200818
-0.268613
-0.243853
-0.287282
-0.283499
-0.244479
-0.330201
-0.310029
-0.339727
-0.323
-0.365905
-0.330961
-0.373964
-0.327168
-0.365428
-0.391556
-0.370287
-0.347436
-0.350499
-0.365272
-0.337151
-0.34006
-0.319554
-0.322093
-0.312379
-0.35216
-0.309287
-0.322023
-0.306682
-0.327506
-0.324914
-0.181063
-0.26053
-0.183978
-0.124539
-0.157699
-0.15862
-0.171435
-0.169575
-0.148254
-0.117226
-0.0748474
-0.0481688
-0.0382722
-0.0225282
-0.0332087
-0.0160441
-0.0180581
-0.0263846
-0.0192059
-0.0150012
-0.0329187
-0.0264821
-0.0149622
-0.0138019
-0.025948
-0.0419865
-0.0269111
-0.0358684
-0.0178191
-0.022947
-0.00316056
-0.00920647
0.0130278
-0.00829838
-0.00310353
-0.00892102
0.0104187
-0.00474778
0.0014264
0.00452402
-0.000674421
0.00606407
-0.0083029
-0.019539
-0.00138759
-0.00429609
-0.0119965
-0.000855346
-0.004115
-0.0101648
-0.000315295
-0.00740637
-0.00576657
0.00383841
0.0109738
0.00498385
0.0153471
0.016
0.133913
0.0462066
0.0954232
0.142623
0.149668
0.192754
0.191513
0.213124
0.260634
0.234163
0.247287
0.240162
0.282093
0.25137
0.283364
0.28004
0.279406
0.29263
0.243378
0.271161
0.284004
0.345242
0.260461
0.275845
0.239603
0.242842
0.169715
0.180535
0.193571
0.213566
0.198198
0.172084
0.134782
0.122643
0.063911
0.0433046
0.0321185
0.0144117
-0.0014936
-0.00613942
0.00226738
-0.00114661
0.00364532
-0.00493622
-0.000286454
-0.00707195
-0.000601844
-0.00295202
-0.00198372
-0.0176618
-0.00734897
-0.0063357
-0.0293974
-0.0326447
-0.13371
-0.0751739
-0.0813964
-0.133229
-0.177714
-0.183898
-0.189625
-0.212957
-0.210331
-0.179177
-0.202691
-0.146198
-0.203554
-0.226708
-0.205084
-0.250497
-0.263461
-0.1976
-0.213606
-0.123334
-0.143909
-0.129127
-0.125892
-0.152344
-0.157019
-0.204233
-0.225459
-0.270525
-0.28057
-0.231636
-0.227386
-0.16081
-0.141873
-0.102116
-0.0802034
-0.0782595
-0.0607646
-0.0446688
-0.0203038
-0.00408043
-0.0062486
-0.00713023
0.00270315
0.00260402
-0.00771657
0.00261562
-0.0165417
0.00916958
0.00814402
-0.00356266
0.00431243
0.0221457
0.0150031
0.0298956
-0.00167751
0.00355918
0.00255896
0.0127675
-0.00774617
-0.00631971
-0.00284312
0.00741632
-0.00402762
0.00867602
0.00309565
0.0029989
0.0314695
0.00522029
-0.00101911
0.0201901
0.0122555
0.0186497
0.029891
0.0155366
0.0165959
0.0215911
0.0227686
0.0102569
0.0252441
-0.0105885
-0.0123856
0.0018592
0.00889946
0.012189
-0.0080239
0.00108923
0.0185853
-0.000399483
0.00463847
-0.00497835
0.0111349
0.0113657
0.0149541
0.0120366
0.0156323
-0.0110214
0.00328596
-0.00753407
-0.000621199
0.00107029
0.00326329
-0.0105969
-0.00396289
0.00100666
-0.00686464
-0.00217923
-0.00847458
0.00295219
0.0111338
0.00687182
0.0113339
-0.0265987
-0.00116513
0.00145686
-0.0247635
0.0023441
0.0226594
0.000828108
0.00952517
-0.00573735
0.0168216
-0.00493753
-0.00421392
-0.00612729
-0.0042559
0.0203644
0.00156181
0.00624559
0.0109687
0.00175046
0.00911647
-0.00188545
0.00215887
0.000707504
-0.0131174
-0.0102092
-0.00348899
-0.000579581
0.00400243
-0.0266068
-0.00532158
0.0143885
-0.00525735
-0.00753241
-0.0180613
0.00738004
0.0167269
0.0133753
0.0114108
0.0048902
0.00680682
-0.00890756
0.0152231
0.00508274
-0.0118045
0.00665974
-0.0251695
-0.0150429
0.0084613
-0.0330386
-0.00787677
-0.00517193
-0.0221779
-0.00670661
0.00347995
-0.0117468
0.0056531
0.0134118
0.00133841
0.00330448
-0.00129776
0.00960527
0.0161031
-0.0101043
-0.00138343
0.00378755
0.0157903
0.00651206
0.00546832
-0.013243
-0.0129269
0.0028474
9.79053e-05
0.00287404
-0.0172937
-0.00949983
0.0159307
0.00936378
-0.0097267
0.0118028
0.000734532
-0.000361377
0.0021535
0.00504244
0.00373492
0.0052814
-0.0159622
0.0075674
-0.023764
0.00225813
-0.00763862
-0.0168814
0.00993223
0.00500886
0.0031795
-0.00145974
-0.00843923
-0.00967079
-0.00348198
0.0136892
-0.0257382
0.00722211
-0.00908802
-0.00205093
0.00494325
0.0109221
0.0028382
-0.0134991
-0.00725115
0.00690007
0.000640273
0.00800003
-0.015606
-0.0114898
0.0113601
-0.0110408
-0.014038
-0.00379643
0.0136902
0.0181375
0.0143938
