-0.606291
-0.606271
-0.606348
-0.606275
-0.606325
-0.606332
-0.606329
-0.606308
-0.606335
-0.60634
-0.606305
-0.606337
-0.606281
-0.606324
-0.606241
-0.606324
-0.606289
-0.606299
-0.606342
-0.606292
-0.606351
-0.606304
-0.606338
-0.606258
-0.606371
-0.606259
-0.606285
-0.6063
-0.606308
-0.606289
-0.606333
-0.606306
-0.606274
-0.606288
-0.606359
-0.606253
-0.606311
-0.606317
-0.606305
-0.606361
-0.606331
-0.606279
-0.6063
-0.606293
-0.606279
-0.606355
-0.606354
-0.606299
-0.606304
-0.606334
-0.606298
-0.606287
-0.606269
-0.606324
-0.606278
-0.606279
-0.606339
-0.606349
-0.606319
-0.606287
-0.606319
-0.606289
-0.606302
-0.60628
-0.606292
-0.606319
-0.606256
-0.606323
-0.606327
-0.606315
-0.60629
-0.60636
-0.606335
-0.606297
-0.60635
-0.606273
-0.606288
-0.606277
-0.606344
-0.606305
-0.606252
-0.606328
-0.606321
-0.60629
-0.606353
-0.606325
-0.606307
-0.606326
-0.606325
-0.606283
-0.606323
-0.606309
-0.606313
-0.606303
-0.606319
-0.606283
-0.60631
-0.606328
-0.606362
-0.606338
-0.606296
-0.606295
-0.606286
-0.606295
-0.606313
-0.606318
-0.606301
-0.606273
-0.60626
-0.606323
-0.606338
-0.606322
-0.606315
-0.606301
-0.606323
-0.606334
-0.606359
-0.606287
-0.606306
-0.606312
-0.606592
-0.606559
-0.606559
-0.606558
-0.606878
-0.607452
-0.607813
-0.608184
-0.608479
-0.60863
-0.608605
-0.608664
-0.608672
-0.608737
-0.608806
-0.608794
-0.608806
-0.608795
-0.608754
-0.608686
-0.608629
-0.60856
-0.60852
-0.60855
-0.608583
-0.608575
-0.608584
-0.608599
-0.608578
-0.608429
-0.608427
-0.608606
-0.608642
-0.609087
-0.609401
-0.609596
-0.609646
-0.609644
-0.609653
-0.609833
-0.609924
-0.610126
-0.610151
-0.610201
-0.610187
-0.610158
-0.610215
-0.610227
-0.610308
-0.610537
-0.610942
-0.611419
-0.611881
-0.612491
-0.613152
-0.613772
-0.614385
-0.614792
-0.615449
-0.616003
-0.616473
-0.617034
-0.617875
-0.619004
-0.620506
-0.622296
-0.6241
-0.626326
-0.628264
-0.630359
-0.633183
-0.636037
-0.639029
-0.642154
-0.645544
-0.649101
-0.652632
-0.656168
-0.659736
-0.663203
-0.666616
-0.669973
-0.673488
-0.680446
-0.684075
-0.687505
-0.691072
-0.694953
-0.698931
-0.703322
-0.707667
-0.712309
-0.717237
-0.722265
-0.727042
-0.73212
-0.737565
-0.742977
-0.748143
-0.753079
-0.75802
-0.762714
-0.767559
-0.772783
-0.777929
-0.783096
-0.788523
-0.793971
-0.799505
-0.804896
-0.810355
-0.815411
-0.8205
-0.825641
-0.830931
-0.836405
-0.841856
-0.847338
-0.852951
-0.858716
-0.864701
-0.870823
-0.882732
-0.888785
-0.895164
-0.901557
-0.908158
-0.915015
-0.922142
-0.929464
-0.936789
-0.943974
-0.951521
-0.959555
-0.967736
-0.976427
-0.985355
-0.994477
-1.00371
-1.01295
-1.02241
-1.03234
-1.04248
-1.0531
-1.06393
-1.07479
-1.08605
-1.09712
-1.10834
-1.11972
-1.13128
-1.1424
-1.15356
-1.16466
-1.17531
-1.18579
-1.19561
-1.20481
-1.21366
-1.22251
-1.23088
-1.23903
-1.24696
-1.26179
-1.26899
-1.2759
-1.28267
-1.28934
-1.29589
-1.30228
-1.30826
-1.31347
-1.31798
-1.32208
-1.32623
-1.33037
-1.33429
-1.33835
-1.34209
-1.34576
-1.34934
-1.35274
-1.35625
-1.3595
-1.3626
-1.36532
-1.36778
-1.36993
-1.37196
-1.37348
-1.37466
-1.37565
-1.37635
-1.37663
-1.37653
-1.37633
-1.37595
-1.37563
-1.37538
-1.37525
-1.37494
-1.3741
-1.37224
-1.37098
-1.36947
-1.36791
-1.36599
-1.36393
-1.36204
-1.36005
-1.35788
-1.35539
-1.35254
-1.35003
-1.34744
-1.34461
-1.34162
-1.33817
-1.33445
-1.33078
-1.32679
-1.32303
-1.31901
-1.31458
-1.31004
-1.30524
-1.30029
-1.29528
-1.2903
-1.28548
-1.28039
-1.27501
-1.26923
-1.26317
-1.25691
-1.25064
-1.24432
-1.23805
-1.2321
-1.22598
-1.21999
-1.20864
-1.20267
-1.19639
-1.19019
-1.1839
-1.17787
-1.172
-1.16657
-1.16138
-1.15647
-1.15181
-1.14703
-1.14168
-1.13603
-1.13029
-1.12453
-1.11876
-1.11281
-1.10714
-1.10187
-1.09659
-1.09136
-1.0856
-1.07926
-1.07272
-1.06609
-1.05935
-1.05268
-1.0461
-1.03961
-1.03357
-1.02779
-1.02213
-1.0162
-1.01001
-1.00355
-0.997358
-0.991138
-0.985062
-0.979017
-0.973482
-0.968036
-0.962614
-0.957133
-0.95115
-0.945084
-0.932442
-0.926231
-0.920156
-0.914083
-0.908282
-0.902769
-0.897331
-0.891646
-0.885709
-0.879573
-0.873384
-0.867065
-0.860811
-0.854873
-0.849388
-0.844006
-0.838704
-0.833332
-0.827865
-0.822445
-0.817051
-0.81176
-0.806333
-0.80073
-0.795419
-0.790211
-0.78541
-0.780587
-0.775888
-0.770848
-0.765763
-0.760661
-0.755269
-0.749795
-0.744445
-0.739098
-0.733873
-0.728841
-0.723903
-0.719108
-0.714225
-0.708941
-0.703493
-0.698034
-0.692708
-0.682319
-0.677164
-0.672351
-0.667801
-0.663477
-0.659038
-0.654771
-0.650499
-0.645772
-0.64081
-0.635962
-0.631175
-0.626346
-0.621501
-0.616813
-0.612465
-0.608592
-0.604657
-0.600804
-0.596829
-0.592634
-0.588382
-0.584192
-0.57965
-0.575202
-0.570794
-0.566308
-0.561744
-0.557168
-0.552718
-0.54877
-0.544773
-0.54093
-0.537072
-0.53298
-0.528907
-0.52447
-0.519931
-0.515313
-0.510714
-0.505918
-0.501224
-0.496628
-0.489026
-0.486337
-0.483796
-0.481574
-0.479387
-0.476641
-0.473927
-0.471434
-0.469069
-0.466992
-0.464933
-0.463133
-0.461786
-0.460618
-0.459647
-0.458888
-0.458313
-0.45801
-0.457459
-0.456879
-0.456242
-0.455873
-0.455532
-0.455095
-0.454639
-0.454557
-0.454349
-0.453862
-0.453611
-0.453227
-0.452967
-0.452737
-0.452526
-0.452527
-0.452463
-0.452531
-0.4525
-0.452389
-0.452357
-0.45234
-0.452358
-0.452358
-0.452321
-0.452315
-0.452286
-0.452349
-0.45234
-0.452344
-0.452351
-0.45231
-0.452354
-0.45235
-0.45238
-0.452343
-0.452321
-0.452338
-0.452405
-0.452325
-0.452305
-0.452405
-0.45239
-0.452327
-0.452385
-0.452438
-0.452459
-0.45248
-0.45249
-0.452468
-0.452461
-0.452436
-0.452438
-0.452472
-0.452457
-0.45248
-0.45249
-0.452501
-0.452476
-0.452458
-0.452448
-0.4525
-0.452588
-0.452544
-0.452596
-0.452665
-0.45259
-0.45264
-0.452676
-0.452691
-0.452764
-0.45283
-0.452879
-0.452978
-0.453086
-0.453131
-0.453139
-0.453168
-0.453167
-0.453199
-0.453274
-0.453194
-0.4532
-0.453224
-0.453182
-0.453211
-0.453167
-0.453145
-0.453196
-0.453174
-0.453194
-0.453189
-0.45319
-0.453234
-0.453216
-0.453212
-0.45316
-0.453156
-0.453204
-0.45316
-0.453192
-0.453246
-0.45322
-0.453218
-0.453148
-0.45322
-0.453197
-0.453225
-0.453254
-0.453257
-0.453248
-0.453304
-0.453318
-0.453395
-0.453363
-0.453412
-0.453489
-0.453472
-0.453532
-0.453573
-0.45359
-0.453711
-0.453729
-0.453786
-0.453811
-0.453799
-0.453874
-0.453865
-0.453949
-0.453929
-0.453977
-0.453987
-0.454063
-0.453993
-0.45407
-0.454094
-0.454045
-0.454061
-0.454125
-0.454159
-0.454117
-0.45414
-0.454148
-0.454159
-0.454126
-0.454165
-0.454174
-0.45419
-0.454226
-0.454179
-0.454207
-0.454169
-0.454205
-0.454197
-0.454229
-0.454263
-0.454254
-0.454195
-0.454231
-0.454197
-0.454188
-0.454205
-0.454201
-0.454224
-0.454211
-0.45423
-0.454198
-0.454264
-0.454219
-0.454238
-0.454189
-0.454292
-0.454299
-0.45419
-0.454218
-0.454231
-0.454228
-0.454246
-0.454263
-0.454251
-0.454267
-0.454275
-0.454288
-0.454261
-0.454233
-0.454307
-0.45425
-0.45426
-0.454195
-0.454216
-0.454215
-0.454235
-0.454209
-0.454211
-0.454253
-0.45422
-0.454247
-0.4542
-0.454225
-0.454233
-0.454251
-0.454219
-0.454235
-0.454203
-0.454258
-0.454246
-0.454292
-0.454245
-0.454236
-0.454266
-0.454236
-0.454181
-0.454297
-0.454219
-0.454248
-0.454246
-0.454263
-0.454251
-0.454263
-0.454176
-0.454241
-0.454237
-0.454224
-0.454274
-0.454235
-0.454211
-0.454279
-0.454254
-0.454225
-0.454243
-0.454236
-0.454217
-0.454247
-0.454258
-0.454253
-0.454226
-0.454266
-0.454281
-0.454236
-0.45426
-0.454255
-0.454296
-0.454293
-0.454264
-0.454273
-0.454302
-0.454293
-0.45426
-0.45424
-0.454211
-0.454171
-0.454221
-0.454203
-0.454212
-0.454218
-0.454222
-0.454273
-0.454258
-0.454208
-0.454167
-0.45421
-0.454209
-0.454194
-0.454195
-0.454172
-0.454207
-0.454251
-0.454222
-0.454206
-0.454164
-0.454169
-0.454261
-0.454211
-0.454203
-0.454226
-0.454217
-0.454225
-0.454204
-0.454192
-0.454169
-0.45424
-0.454199
-0.454236
-0.454268
-0.454215
-0.454226
-0.454163
-0.454192
-0.45422
-0.454265
-0.454193
-0.454203
-0.454232
-0.454196
-0.454194
-0.454244
-0.454231
-0.454148
-0.45428
-0.454199
-0.454212
-0.454195
-0.454306
-0.454227
-0.454228
-0.454226
-0.454206
-0.454201
-0.454236
-0.454179
-0.454215
-0.454161
-0.454191
-0.4542
-0.454227
-0.454153
-0.454217
-0.454236
-0.454166
-0.454171
-0.454234
-0.454158
-0.454213
-0.454226
-0.454197
-0.454139
-0.45402
-0.454177
-0.454173
-0.454385
-0.454473
-0.45445
-0.454489
-0.454679
-0.454975
-0.455296
-0.455923
-0.45659
-0.45731
-0.458366
-0.459329
-0.460504
-0.461733
-0.463102
-0.46474
-0.466815
-0.468852
-0.471054
-0.473539
-0.478475
-0.480914
-0.483715
-0.486595
-0.489128
-0.491916
-0.494608
-0.497248
-0.499779
-0.502594
-0.505063
-0.507555
-0.510341
-0.513326
-0.516501
-0.520114
-0.524166
-0.528539
-0.533142
-0.538048
-0.543117
-0.54845
-0.55378
-0.559076
-0.564292
-0.569545
-0.574973
-0.580043
-0.584935
-0.589865
-0.594865
-0.599932
-0.605225
-0.610492
-0.615961
-0.62128
-0.626582
-0.632359
-0.637224
-0.642191
-0.651876
-0.65691
-0.662102
-0.667473
-0.673079
-0.678611
-0.684134
-0.690008
-0.695892
-0.701793
-0.708612
-0.714863
-0.721918
-0.728188
-0.734458
-0.740976
-0.74753
-0.753686
-0.75969
-0.76599
-0.772484
-0.779237
-0.786096
-0.792879
-0.799391
-0.806043
-0.81295
-0.819852
-0.826992
-0.834029
-0.841197
-0.848713
-0.856288
-0.863946
-0.8715
-0.878914
-0.886245
-0.893364
-0.900458
-0.907503
-0.914526
-0.921624
-0.929447
-0.936119
-0.947442
-0.953238
-0.95868
-0.963789
-0.968468
-0.973059
-0.977393
-0.981423
-0.985296
-0.988736
-0.991369
-0.993641
-0.995795
-0.997212
-0.998181
-0.998821
-0.999335
-0.999398
-0.999176
-0.998902
-0.998598
-0.99832
-0.998235
-0.997742
-0.996949
-0.99641
-0.995628
-0.994992
-0.994196
-0.993295
-0.992513
-0.991476
-0.989981
-0.988341
-0.987287
-0.986058
-0.984917
-0.984012
-0.982383
-0.978084
-0.97553
-0.972794
-0.969923
-0.966715
-0.963332
-0.959771
-0.955971
-0.952123
-0.947871
-0.943249
-0.938567
-0.933522
-0.928209
-0.922656
-0.917051
-0.911414
-0.905665
-0.900907
-0.895281
-0.889662
-0.884134
-0.87825
-0.871917
-0.865416
-0.859147
-0.852727
-0.846718
-0.840817
-0.834572
-0.827531
-0.819973
-0.811915
-0.80315
-0.794249
-0.785684
-0.776444
-0.767487
-0.758456
-0.748873
-0.7388
-0.728335
-0.717954
-0.707768
-0.696354
-0.68533
-0.665314
-0.661168
-0.656357
-0.652839
-0.649916
-0.647611
-0.645538
-0.644089
-0.642767
-0.64248
-0.641978
-0.641809
-0.641805
-0.641649
-0.641572
-0.64156
-0.641395
-0.641206
-0.640993
-0.640799
-0.640517
-0.640402
-0.6403
-0.640245
-0.640362
-0.640521
-0.640649
-0.640606
-0.640546
-0.640643
-0.64061
-0.640543
-0.640428
-0.640318
-0.640019
-0.639724
-0.639225
-0.638
-0.637017
-0.63614
-0.635327
-0.634269
-0.633224
-0.632076
-0.631145
-0.630174
-0.628947
-0.627959
-0.626913
-0.625661
-0.624414
-0.623576
-0.622735
-0.621745
-0.620626
-0.620017
-0.619671
-0.619101
-0.619061
-0.619071
-0.619042
-0.618908
-0.618943
-0.618915
-0.618911
-0.618966
-0.618921
-0.61895
-0.618904
-0.618845
-0.618846
-0.618913
-0.618877
-0.618859
-0.618699
-0.618478
-0.618208
-0.617813
-0.617476
-0.617082
-0.616529
-0.615829
-0.614908
-0.612991
-0.611757
-0.610144
-0.609289
-0.608094
-0.607597
-0.606939
-0.606005
-0.60534
-0.604567
-0.603815
-0.60336
-0.602404
-0.602368
-0.60275
-0.602522
-0.600651
-0.599421
-0.598822
-0.597992
-0.596769
-0.595878
-0.5953
-0.594884
-0.594882
-0.594864
-0.59489
-0.594891
-0.59491
-0.59489
-0.594855
-0.594881
-0.594796
-0.594894
-0.594909
-0.595133
-0.595515
-0.595844
-0.596238
-0.596573
-0.597055
-0.597434
-0.597991
-0.598516
-0.599163
-0.59975
-0.600136
-0.600423
-0.600548
-0.600516
-0.600386
-0.600393
-0.600312
-0.600041
-0.599812
-0.599544
-0.599356
-0.598972
-0.597943
-0.596514
-0.595232
-0.593786
-0.592172
-0.590743
-0.589437
-0.588235
-0.586991
-0.586225
-0.586125
-0.586281
-0.586697
-0.587667
-0.588857
-0.590106
-0.591131
-0.592249
-0.593675
-0.595468
-0.597366
-0.600542
-0.602408
-0.604056
-0.60518
-0.605873
-0.606546
-0.606552
-0.606586
-0.606716
-0.606789
-0.607235
-0.607674
-0.608024
-0.608136
-0.608133
-0.60813
-0.608311
-0.608224
-0.6082
-0.608192
-0.607954
-0.607667
-0.60768
-0.607581
-0.607362
-0.607127
-0.607153
-0.607099
-0.607034
-0.606894
-0.606907
-0.606905
-0.607003
-0.607268
-0.607621
-0.607894
-0.60826
-0.608621
-0.609115
-0.609474
-0.609731
-0.610048
-0.610494
-0.609726
-0.609836
-0.610171
-0.610829
-0.611267
-0.611343
-0.611422
-0.611413
-0.611291
-0.610989
-0.610807
-0.610617
-0.61033
-0.609988
-0.609734
-0.609376
-0.608202
-0.607118
-0.606188
-0.605648
-0.605326
-0.605202
-0.605345
-0.605803
-0.606358
-0.607019
-0.607901
-0.609185
-0.610626
-0.61241
-0.613519
-0.615059
-0.614166
-0.613802
-0.613586
-0.613482
-0.613419
-0.613345
-0.613398
-0.613554
-0.613699
-0.613749
-0.613865
-0.61402
-0.614115
-0.614094
-0.614201
-0.614171
-0.614238
-0.614208
-0.614289
-0.61427
-0.614283
-0.614294
-0.61436
-0.614356
-0.614384
-0.614423
-0.614501
-0.614408
-0.614477
-0.614445
-0.614478
-0.614451
-0.614476
-0.614404
-0.61443
-0.614443
-0.614406
-0.614341
-0.614329
-0.614274
-0.614243
-0.614159
-0.614213
-0.614114
-0.614131
-0.614066
-0.614051
-0.614132
-0.614292
-0.614752
-0.61544
-0.616355
-0.617365
-0.618321
-0.619455
-0.620868
-0.622048
-0.623074
-0.623966
-0.624498
-0.624456
-0.624423
-0.624539
-0.624496
-0.624483
-0.624585
-0.624673
-0.624874
-0.625324
-0.62608
-0.627189
-0.628727
-0.630578
-0.632579
-0.634302
-0.636111
-0.637938
-0.639031
-0.640229
-0.640169
-0.641154
-0.641308
-0.64124
-0.641149
-0.640846
-0.640561
-0.640178
-0.639905
-0.638906
-0.638453
-0.63818
-0.637912
-0.637525
-0.637053
-0.636742
-0.636325
-0.635924
-0.635738
-0.63573
-0.635654
-0.63571
-0.635657
-0.635783
-0.6359
-0.635963
-0.635934
-0.635979
-0.635977
-0.635906
-0.635915
-0.635962
-0.636017
-0.636218
-0.636306
-0.636534
-0.636732
-0.636811
-0.637177
-0.637435
-0.637631
-0.638011
-0.638154
-0.638037
-0.638264
-0.638832
-0.639363
-0.639893
-0.639965
-0.640164
-0.639924
-0.639305
-0.639096
-0.639194
-0.639616
-0.640159
-0.640759
-0.641246
-0.641638
-0.642008
-0.641984
-0.641892
-0.641881
-0.641961
-0.641977
-0.642086
-0.642424
-0.642893
-0.643361
-0.643715
-0.643896
-0.643892
-0.643873
-0.643853
-0.643821
-0.643879
-0.643866
-0.643928
-0.643948
-0.64396
-0.644
-0.643961
-0.643972
-0.643942
-0.643927
-0.64391
-0.643875
-0.643863
-0.643924
-0.643926
-0.64388
-0.64398
-0.643945
-0.643861
-0.643748
-0.643717
-0.643604
-0.643637
-0.643647
-0.643586
-0.643501
-0.643196
-0.642931
-0.642691
-0.642552
-0.642353
-0.642207
-0.641997
-0.641637
-0.640747
-0.640278
-0.640014
-0.639822
-0.639928
-0.639908
-0.639957
-0.639926
-0.639811
-0.639638
-0.63966
-0.639642
-0.63971
-0.639678
-0.639666
-0.639677
-0.639631
-0.639634
-0.639627
-0.639638
-0.639674
-0.63957
-0.639623
-0.639643
-0.639669
-0.639674
-0.639664
-0.639616
-0.639628
-0.639626
-0.639646
-0.6396
-0.639631
-0.639636
-0.639597
-0.639613
-0.639648
-0.639596
-0.639618
-0.639607
-0.639634
-0.639584
-0.639585
-0.639583
-0.639609
-0.639599
-0.639576
-0.639578
-0.639575
-0.639593
-0.639551
-0.639545
-0.63954
-0.639541
-0.639483
-0.639564
-0.639517
-0.639552
-0.639544
-0.639517
-0.639497
-0.639521
-0.639504
-0.639545
-0.639522
-0.63952
-0.639562
-0.639509
-0.639455
-0.639497
-0.639501
-0.639499
-0.639466
-0.639522
-0.6395
-0.639514
-0.639514
-0.639506
-0.639517
-0.639523
-0.639472
-0.639432
-0.639463
-0.639556
-0.639478
-0.639494
-0.639463
-0.639438
-0.639508
-0.639427
-0.639486
-0.639462
-0.639486
-0.639432
-0.639459
-0.639509
-0.639446
-0.639432
-0.639491
-0.639407
-0.639429
-0.639422
-0.63946
-0.639461
-0.639446
-0.639445
-0.639426
-0.639387
-0.639389
-0.639402
-0.639457
-0.639452
-0.639432
-0.639365
-0.639424
-0.639403
-0.639445
-0.639402
-0.639385
-0.639418
-0.639374
-0.639381
-0.639472
-0.639387
-0.639393
-0.639441
-0.639444
-0.639414
-0.639467
-0.639387
-0.639405
-0.639466
-0.639452
-0.639434
-0.639383
-0.639485
-0.639403
-0.639435
-0.6394
-0.639423
-0.639443
-0.639423
-0.639446
-0.639401
-0.639394
-0.639347
-0.639397
-0.639399
-0.639407
-0.639421
-0.639418
-0.63942
-0.639454
