0.0150328
0.0146007
0.0174373
0.0127723
0.0157676
0.0149417
0.0142714
0.0152121
0.0158588
0.0164672
0.0143655
0.0171992
0.0145566
0.0152679
0.0127928
0.0158441
0.0141921
0.0148182
0.0158029
0.0145918
0.0142861
0.0137688
0.0179458
0.0147359
0.0162585
0.0150886
0.0156412
0.0140569
0.0160293
0.0166554
0.0164496
0.0138452
0.0147329
0.0175872
0.0158382
0.0143537
0.0152679
0.0168846
0.014974
0.0160351
0.0162527
0.0122667
0.0148094
0.0149828
0.0170786
0.0150945
0.0173432
0.0164643
0.0135248
0.0171169
0.0155501
0.0150739
0.0136953
0.0155795
0.0145654
0.0164231
0.0170522
0.0172726
0.0141156
0.0144302
0.0163908
0.0128781
0.0163614
0.0170199
0.0156119
0.0162791
0.0148593
0.0179663
0.0157089
0.013854
0.0146065
0.0148329
0.0160498
0.0158705
0.0179869
0.0135689
0.0143684
0.0146536
0.0181486
0.0147094
0.0139334
0.018078
0.0161263
0.0145007
0.0175636
0.0157471
0.014145
0.0155795
0.0149446
0.014342
0.0144331
0.0157265
0.0157383
0.0133161
0.015315
0.0166436
0.0159205
0.0156501
0.0171786
0.0151562
0.0156501
0.0156765
0.0137129
0.0150298
0.0136365
0.0152621
0.0138099
0.0138658
0.014295
0.0150093
0.015944
0.0166348
0.0162438
0.0150004
0.0165348
0.0165995
0.0170875
0.0161468
0.0162056
0.0146418
0.0209968
0.0205207
0.0209469
0.0218845
0.0294148
0.0386936
0.0352137
0.029597
0.0243799
0.0188981
0.0120962
0.0080188
0.0109732
0.0110849
0.0120139
0.00971797
0.0105352
0.0111173
0.0102824
0.00763662
0.00286511
0.00403524
0.00364716
0.00446448
0.00393822
0.00594033
0.00446154
0.00455562
0.00324144
-0.0016775
-0.000401407
0.00534352
0.00683111
0.016526
0.0211879
0.0172403
0.0145566
0.011664
0.0109615
0.0146448
0.0162703
0.0208822
0.0190186
0.0172256
0.0168611
0.0159793
0.0158088
0.0175313
0.0178605
0.0214847
0.02689
0.0267872
0.0303935
0.0293001
0.0306257
0.0299086
0.0280921
0.0256026
0.0366274
0.0433022
0.0451245
0.0482049
0.0550947
0.0574081
0.0566497
0.0639372
0.0718754
0.0922897
0.101565
0.105856
0.109834
0.11024
0.111241
0.115961
0.116468
0.121747
0.122448
0.127224
0.122256
0.124283
0.120262
0.116857
0.121729
0.128606
0.132211
0.136298
0.146144
0.151831
0.160566
0.163594
0.160418
0.168858
0.171791
0.178471
0.174281
0.178299
0.189653
0.192326
0.195678
0.191499
0.191884
0.179021
0.176905
0.185474
0.18718
0.188723
0.195479
0.200446
0.204635
0.20581
0.203181
0.209153
0.207464
0.20438
0.203329
0.199449
0.194495
0.191034
0.196031
0.202303
0.208206
0.217747
0.218363
0.214856
0.214906
0.213174
0.218755
0.227379
0.231773
0.24652
0.252774
0.256764
0.26951
0.271857
0.277052
0.288849
0.301164
0.309373
0.323694
0.326757
0.332262
0.335617
0.340282
0.349762
0.368818
0.376279
0.392191
0.387237
0.378472
0.381164
0.389505
0.389239
0.378435
0.375566
0.359724
0.345557
0.337337
0.3181
0.292902
0.292297
0.278333
0.27299
0.275509
0.267991
0.257772
0.24855
0.236659
0.226593
0.220173
0.218413
0.210652
0.202015
0.193505
0.178947
0.167336
0.155719
0.152838
0.155454
0.149095
0.146521
0.14573
0.135802
0.138291
0.13378
0.130478
0.12492
0.118963
0.106907
0.104246
0.0914983
0.0749628
0.0624732
0.046018
0.0301231
0.0231748
0.0177312
0.0122461
0.00313265
-0.00165397
-0.00192448
-0.00646463
-0.01447
-0.0375328
-0.0487276
-0.0647266
-0.0743094
-0.0808289
-0.0875343
-0.0934395
-0.104489
-0.118105
-0.124042
-0.128354
-0.130279
-0.132365
-0.12945
-0.135382
-0.140825
-0.149469
-0.147232
-0.1515
-0.155562
-0.152925
-0.162776
-0.171816
-0.177805
-0.185961
-0.199392
-0.203615
-0.213827
-0.214324
-0.220245
-0.225943
-0.219538
-0.214988
-0.214187
-0.212852
-0.209562
-0.209009
-0.228569
-0.236469
-0.229088
-0.222147
-0.221662
-0.213887
-0.209365
-0.209524
-0.20435
-0.205667
-0.215213
-0.211309
-0.205168
-0.198606
-0.205886
-0.210346
-0.206794
-0.205814
-0.203707
-0.206938
-0.212954
-0.218332
-0.21832
-0.213504
-0.224487
-0.235593
-0.236637
-0.235593
-0.228042
-0.223294
-0.219269
-0.224448
-0.225404
-0.22478
-0.217437
-0.21477
-0.220817
-0.221224
-0.215389
-0.218041
-0.218248
-0.216718
-0.219613
-0.221982
-0.215949
-0.21562
-0.216802
-0.217778
-0.221805
-0.218616
-0.215856
-0.220374
-0.224631
-0.225736
-0.219275
-0.217143
-0.214193
-0.212888
-0.209742
-0.216024
-0.218404
-0.219254
-0.223126
-0.225548
-0.217089
-0.212559
-0.21346
-0.208462
-0.208857
-0.209748
-0.20389
-0.207045
-0.212894
-0.213184
-0.209144
-0.213098
-0.209539
-0.211743
-0.209225
-0.21115
-0.211052
-0.208926
-0.20423
-0.207344
-0.210026
-0.216156
-0.214626
-0.211261
-0.20892
-0.208062
-0.208782
-0.207117
-0.201999
-0.198633
-0.199308
-0.210597
-0.205396
-0.210125
-0.209084
-0.202005
-0.196514
-0.194392
-0.196544
-0.195872
-0.191465
-0.189909
-0.188713
-0.192143
-0.184951
-0.184993
-0.184364
-0.182147
-0.179773
-0.184349
-0.177135
-0.175346
-0.181784
-0.182439
-0.179645
-0.177632
-0.180801
-0.184203
-0.184513
-0.17991
-0.184227
-0.177602
-0.17612
-0.180905
-0.175256
-0.175158
-0.177659
-0.183106
-0.178424
-0.178055
-0.177546
-0.175456
-0.152441
-0.138968
-0.120431
-0.119076
-0.11296
-0.119508
-0.127723
-0.119925
-0.107605
-0.0946533
-0.0893439
-0.078619
-0.0657642
-0.0626987
-0.0531252
-0.0446547
-0.0397554
-0.0355429
-0.0375858
-0.0339034
-0.0318785
-0.0353104
-0.0387221
-0.0411214
-0.0415925
-0.0327526
-0.0309044
-0.0320728
-0.0316872
-0.0292888
-0.0292005
-0.0278998
-0.0275438
-0.0287973
-0.0277233
-0.0263315
-0.0262079
-0.0288327
-0.0270877
-0.026152
-0.0255547
-0.022889
-0.0247102
-0.0248103
-0.0243631
-0.0237658
-0.0241718
-0.022892
-0.0225507
-0.0231421
-0.0241365
-0.0235981
-0.0212386
-0.0243454
-0.0236216
-0.0237011
-0.0217564
-0.0230155
-0.0239511
-0.0215975
-0.0213563
-0.0230214
-0.0233362
-0.0223448
-0.0196618
-0.0201413
-0.021318
-0.0228508
-0.0219741
-0.0219535
-0.0233627
-0.022842
-0.0223359
-0.0209297
-0.0212621
-0.0205855
-0.0217328
-0.021168
-0.0227096
-0.021115
-0.0184321
-0.0206296
-0.0187057
-0.0175496
-0.0190675
-0.0201177
-0.0177555
-0.0171555
-0.0151229
-0.0159965
-0.0172261
-0.0139552
-0.0109288
-0.0118435
-0.0102024
-0.0105553
-0.01137
-0.00946128
-0.00817613
-0.0106612
-0.0106582
-0.0107465
-0.0115258
-0.00987889
-0.0109435
-0.0150082
-0.01047
-0.0107024
-0.0119523
-0.0115552
-0.0131993
-0.0119199
-0.0105818
-0.0118111
-0.0129258
-0.0136552
-0.0116788
-0.0131846
-0.0123052
-0.0108053
-0.0116611
-0.0125729
-0.0127758
-0.0115347
-0.0121258
-0.0131993
-0.01077
-0.0118758
-0.01107
-0.0108435
-0.0108788
-0.00690279
-0.010073
-0.00888193
-0.00505607
-0.00891133
-0.00616174
-0.0074527
-0.00347702
-0.00188332
-0.00352112
-0.00118058
0.000224864
-0.00200387
0.0010834
0.00112456
0.00189194
0.00218889
0.00275045
0.00252994
0.00405876
0.00188018
0.00547582
0.00324438
0.00409992
0.00221241
0.00356484
0.0037383
0.00614612
0.00587859
0.00588447
0.00477318
0.00480258
0.00549052
0.00735146
0.00646069
0.00955335
0.00673409
0.00692224
0.00593151
0.00833335
0.00750139
0.00791002
0.0105911
0.00511421
0.00629311
0.0080041
0.00560518
0.00589329
0.00586095
0.00608732
0.0066606
0.00642835
0.00501719
0.00721329
0.00760428
0.00723681
0.00753079
0.00575805
0.00901244
0.0069193
0.00731618
0.00649596
0.00858617
0.00701044
0.00693694
0.0072956
0.00835393
0.00692518
0.0082922
0.00573747
0.00910945
0.00829808
0.00904478
0.00982086
0.00695752
0.0061667
0.00774246
0.00595797
0.00772776
0.00616964
0.00808935
0.00664002
0.00707805
0.00872728
0.00618728
0.00560812
0.00635191
0.0066018
0.00653712
0.00861263
0.00675761
0.00709569
0.00838333
0.00666942
0.00524651
0.00874198
0.00815403
0.00699574
0.00457914
0.00951513
0.0059903
0.00550816
0.00788945
0.00849504
0.00712803
0.00631075
0.00466734
0.00807759
0.00720741
0.00592269
0.00780713
0.00519065
0.00560518
0.00637249
0.0061814
0.00607556
0.0037971
0.00384414
0.0046497
0.00591975
0.0061961
0.00632545
0.00509363
0.00706924
0.00584331
0.00424986
0.00446742
0.00507011
0.00956805
0.005614
0.0042969
0.00600794
0.00676349
0.00649302
0.00506423
0.00513185
0.00418812
0.00431454
0.00371478
0.004488
0.00458796
0.00246526
0.00421164
0.00546112
0.00522887
0.00342666
0.00305915
0.00443802
0.00398526
0.004341
0.00323262
0.0045321
0.00377946
0.00480552
0.00453504
0.00403818
0.00273575
0.00270047
0.00591975
0.00463206
0.00397056
0.00273281
0.0053347
0.00402642
0.00598148
0.00426456
0.00258286
0.00483197
0.00405288
0.00422928
0.00633133
0.00391176
0.00530237
0.00214185
0.00358836
0.00374418
0.0045468
0.00384414
0.00203012
0.00557578
0.00492605
0.00310325
0.00556696
0.00421164
0.00228297
0.00708687
0.003753
0.00489665
0.00360894
0.00665178
0.00444684
0.00461736
0.00477906
0.00298565
0.00475848
0.00497309
0.00429984
0.00439392
0.00357072
0.0044733
0.0025564
0.00483491
0.00495545
0.00562576
0.00582567
0.00439392
0.0032679
0.00618728
0.00259756
0.00441156
0.00537292
0.00492311
0.000354233
0.000621792
0.00350016
0.00482903
0.00896834
0.00924762
0.00871258
0.0109556
0.0147271
0.0182573
0.0261053
0.0281803
0.0293795
0.0300731
0.0373534
0.0460739
0.0473466
0.0450246
0.0475082
0.0553534
0.0663332
0.0729427
0.0770065
0.0866709
0.0936431
0.0919867
0.0954379
0.104128
0.0974653
0.0974683
0.100555
0.101883
0.102477
0.104908
0.113514
0.113237
0.10759
0.112112
0.113443
0.123184
0.13643
0.146026
0.161783
0.168805
0.173719
0.184355
0.190053
0.196265
0.193535
0.197362
0.202742
0.200585
0.195589
0.188065
0.183695
0.186582
0.192566
0.196051
0.196324
0.196205
0.195654
0.199633
0.194036
0.190832
0.186916
0.182774
0.181806
0.192373
0.201962
0.206635
0.209221
0.212619
0.22061
0.222639
0.235986
0.224956
0.230811
0.221535
0.215625
0.217575
0.22092
0.213869
0.21092
0.214651
0.220355
0.227197
0.232166
0.228736
0.222187
0.223037
0.232318
0.247234
0.260557
0.254707
0.250644
0.250623
0.249333
0.253431
0.254749
0.253114
0.255676
0.24956
0.239229
0.232369
0.23618
0.231145
0.239023
0.233191
0.213189
0.20211
0.193784
0.187947
0.182682
0.175917
0.168663
0.158108
0.153003
0.140137
0.12822
0.108314
0.101388
0.0903892
0.0759744
0.0534369
0.0415035
0.0348375
0.0260435
0.0153767
0.00919176
0.00137742
0.00417048
0.00145974
-0.0136023
-0.0237128
-0.0369676
-0.0390871
-0.0439627
-0.0457708
-0.0422167
-0.0430823
-0.0553937
-0.067825
-0.0672795
-0.0765275
-0.0895152
-0.0902179
-0.0917001
-0.107283
-0.121464
-0.130587
-0.134146
-0.134884
-0.144855
-0.141136
-0.144535
-0.142275
-0.15272
-0.166563
-0.174051
-0.18558
-0.197012
-0.208286
-0.216593
-0.21676
-0.225023
-0.206866
-0.212715
-0.208414
-0.204732
-0.206394
-0.220332
-0.229184
-0.227676
-0.235908
-0.248167
-0.242227
-0.242645
-0.260923
-0.272042
-0.282926
-0.302647
-0.3114
-0.315368
-0.335903
-0.34152
-0.340058
-0.345129
-0.349714
-0.363423
-0.377186
-0.379763
-0.37697
-0.377659
-0.354743
-0.220425
-0.166857
-0.128283
-0.107019
-0.0935015
-0.0883697
-0.0777812
-0.0763033
-0.0687743
-0.0565486
-0.0453821
-0.0394845
-0.0355664
-0.0336032
-0.0293006
-0.0300274
-0.0344038
-0.0344303
-0.0342478
-0.0369852
-0.0297125
-0.0310457
-0.0312634
-0.0283501
-0.0251486
-0.0238541
-0.0240218
-0.0242277
-0.0230126
-0.0234363
-0.0255517
-0.0267581
-0.030975
-0.0365378
-0.0402588
-0.0424935
-0.0460358
-0.0517142
-0.0582959
-0.0565928
-0.0617644
-0.0581604
-0.0605355
-0.0572676
-0.055158
-0.0578628
-0.0546454
-0.0570525
-0.065723
-0.0735809
-0.0670967
-0.0648121
-0.0611721
-0.0634945
-0.0500412
-0.0485361
-0.0478617
-0.048919
-0.0478057
-0.0472756
-0.0497849
-0.0466896
-0.0499705
-0.0471991
-0.0462508
-0.0499764
-0.0487099
-0.047791
-0.0498203
-0.0497879
-0.0489779
-0.0485744
-0.0486687
-0.0522916
-0.0592359
-0.063692
-0.0731768
-0.0759759
-0.0796369
-0.0842638
-0.0879977
-0.0923704
-0.086752
-0.07856
-0.083588
-0.0735455
-0.0796369
-0.0725693
-0.0696058
-0.0683586
-0.0584344
-0.051511
-0.0493519
-0.047844
-0.0528189
-0.0434887
-0.0328027
-0.0354664
-0.0458267
-0.0620945
-0.0554467
-0.0533815
-0.0568433
-0.0506803
-0.0481474
-0.039564
-0.0412716
-0.0357872
-0.0291828
-0.0277439
-0.0244719
-0.0253399
-0.0269317
-0.0273054
-0.0283854
-0.0249486
-0.025128
-0.0198765
-0.0132935
-0.00720862
0.00214479
0.00502013
0.0152503
0.0195301
0.0286388
0.0288299
0.0316191
0.0278805
0.0186277
0.014486
0.010447
0.00433512
-0.000298498
0.000886409
-0.00241847
-0.00642052
-0.015167
-0.0190646
-0.0235893
-0.0301834
-0.0328292
-0.0518851
-0.0600728
-0.0560094
-0.0748521
-0.0758018
-0.0689394
-0.061732
-0.0627813
-0.0519528
-0.0404443
-0.0327379
-0.0216151
-0.00571476
0.0146742
0.0304699
0.037756
0.0469468
0.0499185
0.0571377
0.0575463
0.0634962
0.0639195
0.059066
0.0477581
0.0295999
0.0254586
0.0115788
0.00970034
0.0116993
0.0141744
0.0239714
0.0247679
0.0228574
0.0159146
0.00951219
0.00647245
0.00754549
0.00254464
0.0041499
0.00245644
-0.00504725
-0.0111082
-0.00945834
-0.0120876
-0.0171555
-0.0245161
-0.021368
-0.0224418
-0.0235922
-0.0255723
-0.0244543
-0.0265257
-0.023501
-0.017332
-0.00902603
-0.00496491
0.00396468
0.0100443
0.0166524
0.0241948
0.0167465
0.0194772
0.0170992
-0.00412686
-1.53329e-06
0.0091653
0.0212878
0.0258466
0.0192538
0.0129545
0.0134954
0.0103735
0.00427926
0.000474782
-0.00458852
-0.0116905
-0.019194
-0.0242424
-0.0279352
-0.0290857
-0.0430617
-0.049081
-0.044958
-0.0391931
-0.0369676
-0.0352986
-0.0252163
-0.00931129
0.00223593
0.0168582
0.0367773
0.051638
0.0608563
0.0489573
0.0506797
0.00656358
-0.00258313
-0.00809085
-0.0113523
-0.0130758
-0.013467
-0.0125582
-0.00904661
-0.00514723
-0.00376518
-0.00146873
0.00257992
0.00473202
0.00427926
0.0070516
0.0060344
0.00816579
0.0069634
0.00843331
0.00922116
0.00899774
0.00857148
0.0110555
0.00977677
0.0113554
0.0106528
0.0150739
0.0113671
0.0133572
0.0128281
0.0135307
0.0134895
0.0135072
0.0104264
0.0131456
0.0120873
0.0111937
0.0113936
0.00832747
0.00799528
0.00778361
0.00671645
0.00627841
0.00438216
0.00459972
0.00144504
0.0033267
0.00588153
0.00793648
0.0197623
0.0342291
0.0554298
0.0680237
0.0663244
0.0577491
0.0524904
0.0484018
0.0496951
0.0526961
0.0541717
0.0447689
0.0419855
0.0449041
0.0413712
0.0411067
0.0437607
0.046647
0.0516556
0.0591689
0.0704552
0.0709492
0.0714049
0.0742806
0.0757627
0.0704494
0.0665714
0.0637284
0.0462885
0.0420825
0.016141
0.0260288
0.0168876
0.00681053
-0.00116
-0.00829376
-0.0124817
-0.0222536
-0.0228773
-0.0294124
-0.0351838
-0.0350307
-0.0340094
-0.0327585
-0.0332029
-0.0313282
-0.0328556
-0.0355547
-0.0329999
-0.0343155
-0.0284589
-0.0228684
-0.0261432
-0.0229008
-0.0204413
-0.0210944
-0.0209503
-0.0201266
-0.0187057
-0.0210856
-0.0214739
-0.0198765
-0.0190558
-0.0132876
-0.0135788
-0.00798792
-0.00604411
-0.00512076
0.00213597
0.00572865
0.00997961
0.0173226
0.0173167
0.0134219
0.0147329
0.0262434
0.029453
0.0305846
0.0188393
0.0186983
0.00835393
-0.00841139
-0.0111376
-0.00814672
0.00427926
0.011714
0.0251324
0.0252147
0.021958
0.0165025
0.00816873
0.00141858
0.000266027
0.00293861
0.00332082
0.00513773
0.0125988
0.0206088
0.0255556
0.0239596
0.0198681
0.018078
0.0161351
0.0125165
0.0142185
0.0153914
0.0140951
0.0166348
0.0160645
0.0157206
0.0155854
0.0183573
0.0156207
0.0146124
0.0142597
0.0157588
0.0119139
0.0126429
0.0147212
0.0147241
0.0133014
0.0166995
0.0146859
0.0139804
0.0118757
0.00926232
0.00785417
0.00846564
0.00777185
0.00700162
0.00386178
-0.00127173
-0.00675575
-0.0143464
-0.0177055
-0.0215916
-0.0229008
-0.0262903
-0.0299038
-0.0319639
-0.0305159
-0.0303659
-0.0335973
-0.0313164
-0.0291004
-0.0292564
-0.0243219
-0.0289033
-0.0292829
-0.0291946
-0.0288709
-0.0283913
-0.0281058
-0.0298008
-0.0283324
-0.0287797
-0.0284913
-0.0279675
-0.0289357
-0.0283324
-0.028303
-0.0300716
-0.0288268
-0.0280911
-0.0263079
-0.0285001
-0.0279528
-0.0282677
-0.0282412
-0.028559
-0.0297891
-0.0295654
-0.0275997
-0.0290004
-0.0277821
-0.026764
-0.0276909
-0.029071
-0.0295507
-0.0274202
-0.0288444
-0.030513
-0.0285972
-0.0285766
-0.0286237
-0.0304483
-0.0296713
-0.030254
-0.0305454
-0.0292594
-0.0308455
-0.0309633
-0.0301128
-0.0301628
-0.0286267
-0.0291446
-0.0312281
-0.027585
-0.0272907
-0.0311516
-0.0298597
-0.0292417
-0.0292123
-0.0300598
-0.0283648
-0.0277615
-0.027582
-0.0301952
-0.0286473
-0.0279175
-0.0300951
-0.0310986
-0.0292594
-0.0305513
-0.0285855
-0.0287385
-0.0277351
-0.0297361
-0.027379
-0.0287002
-0.0283736
-0.0306484
-0.0284442
-0.0290328
-0.0272201
-0.0307543
-0.0305925
-0.0273496
-0.0308485
-0.0291152
-0.0308573
-0.0284148
-0.0291446
-0.0285649
-0.0271259
-0.0283177
-0.0291887
-0.0285149
-0.0298656
-0.02933
-0.0303659
-0.0294124
-0.027329
-0.0294859
-0.0296478
-0.0302658
-0.0301922
-0.0316284
-0.0319433
-0.027941
-0.0271054
-0.0303923
-0.0312399
-0.0294006
-0.0296331
-0.027944
-0.0290563
-0.0303865
-0.0297685
-0.0316608
-0.030975
-0.0273761
-0.0301039
-0.0306484
-0.0283648
-0.0284707
-0.0291976
-0.0295301
-0.0316814
-0.0291711
-0.0269082
-0.0288415
-0.0284589
-0.0291887
-0.0282794
-0.0307749
-0.0295095
-0.0293212
-0.0284854
-0.0318874
-0.0292005
-0.0300804
-0.0311634
-0.0308249
-0.0330734
-0.0290563
-0.031749
-0.0299156
-0.029177
-0.0285354
-0.03139
-0.029689
