0.00521343
0.0113662
-0.0128392
0.017142
-0.0142874
-0.00565971
-0.00741616
-0.0036556
-0.00528138
-0.00523846
-0.00604022
-0.0189681
-0.00285676
-0.00494154
0.013703
-0.00439609
0.0083917
-0.00231331
-0.0153977
-0.00329575
-0.0186688
-0.000922335
-0.0044938
0.0232087
-0.00546837
0.0154359
0.00399452
0.00389023
0.00710804
-0.00649935
0.00124633
-0.00269768
0.0134865
0.00702328
-0.00927654
0.019511
-0.0105516
-0.00580942
-0.0059967
-0.0300033
-0.000630786
-0.00171028
0.0157187
0.00535596
0.00510527
-0.0119133
-0.0152083
-0.0137994
-0.000513346
-0.00316583
-0.00941723
-0.00704323
0.0031826
-0.0019664
0.0149264
0.0207352
-0.00283131
-0.0204104
0.0061335
-0.00366115
-0.00650156
0.00179639
0.00423156
0.0171325
0.00728299
-0.00670659
0.00979983
-0.0086721
-0.0124894
-0.0058804
-0.0117961
-0.0280952
-0.00770838
0.0052432
-0.00832699
0.00655834
0.00105506
0.00129587
-0.0217219
-0.00313617
0.0196367
-0.0205846
0.00876051
0.00636457
-0.00929573
-0.0104438
0.00756133
0.00387775
-0.019125
0.00473153
-0.00652741
2.5088e-05
-0.00156059
0.0120459
-0.000245684
0.0116048
0.000252602
0.00509632
-0.0122975
-0.0292379
-0.00587301
-0.00259677
0.00552014
0.00299319
-0.00313526
-0.00527272
0.0114724
0.0217083
0.0104037
-0.00574069
-0.00764637
-0.0125445
-0.00558389
0.00118168
0.000834935
-0.018768
-0.0105158
0.00513728
-0.00251304
-0.00504149
-0.0240687
0.011193
0.00767773
0.00815964
-0.0408354
-0.0560129
-0.0291274
-0.016786
-0.0648697
0.00395928
0.0120589
-0.00859253
0.00661036
-0.00234035
-0.00609705
-0.00844278
-0.0196671
-0.00297548
0.000206183
0.00156963
-0.00859672
-0.00139469
0.0125863
0.0119642
-6.7242e-05
0.00200438
-0.00551554
-0.00583781
-0.0083837
0.0204287
0.00656466
-0.0290833
0.015568
-0.0416789
-0.034016
0.00448936
-0.00101297
0.00816867
-0.000464243
-0.0171086
-0.0161982
-0.0297227
-0.0153661
-0.00504596
-0.00983572
0.000336279
-0.0152066
-0.00520468
-0.00123708
-0.00826386
-0.0301789
-0.0632906
-0.0430078
-0.0637516
-0.0543436
-0.0574255
-0.0602702
-0.0124088
-0.0634215
-0.0470531
-0.0526144
-0.0497557
-0.0946303
-0.121857
-0.165481
-0.187381
-0.170883
-0.219078
-0.184228
-0.217776
-0.299446
-0.273132
-0.31547
-0.31649
-0.330915
-0.352412
-0.353795
-0.36376
-0.366622
-0.350229
-0.333612
-0.324978
-0.339422
-0.344272
-0.383122
-0.323921
-0.38939
-0.431966
-0.395139
-0.441553
-0.467667
-0.470797
-0.455873
-0.472486
-0.464898
-0.560344
-0.552362
-0.533542
-0.486783
-0.486944
-0.474125
-0.491733
-0.496716
-0.521637
-0.489522
-0.525349
-0.549185
-0.5356
-0.553268
-0.547324
-0.555092
-0.494894
-0.495809
-0.544157
-0.547498
-0.567239
-0.548037
-0.528145
-0.529955
-0.557335
-0.581645
-0.614004
-0.558582
-0.58702
-0.640579
-0.625943
-0.651965
-0.689806
-0.732948
-0.754198
-0.722905
-0.702897
-0.760233
-0.820811
-0.815725
-0.878028
-0.904622
-0.925248
-0.923455
-0.933593
-0.929235
-1.01824
-1.03494
-1.06997
-1.08229
-1.07446
-1.14255
-1.1112
-1.10589
-1.13859
-1.15445
-1.10318
-1.08168
-1.12014
-1.05188
-1.01345
-0.97275
-0.910617
-0.865552
-0.885956
-0.792696
-0.806314
-0.801787
-0.727944
-0.723411
-0.683591
-0.709428
-0.692994
-0.671097
-0.622792
-0.590479
-0.52292
-0.475811
-0.404495
-0.394774
-0.433145
-0.403199
-0.373347
-0.383334
-0.358524
-0.37255
-0.354084
-0.330414
-0.317426
-0.296241
-0.285605
-0.264695
-0.212686
-0.187715
-0.162163
-0.110786
-0.0739251
-0.0567866
-0.0149392
0.00426834
0.0255437
0.0455958
0.0251658
0.0324737
0.0187998
0.0365227
0.078482
0.114093
0.128586
0.146714
0.166328
0.201263
0.197078
0.170748
0.216684
0.24573
0.260451
0.284763
0.245073
0.305928
0.279821
0.331209
0.339746
0.380455
0.36113
0.404239
0.425976
0.400005
0.465715
0.481312
0.504425
0.478682
0.456246
0.471717
0.530799
0.546869
0.558129
0.563521
0.578572
0.62931
0.613894
0.628347
0.640914
0.625221
0.590425
0.601478
0.592463
0.587315
0.62568
0.624293
0.624117
0.567638
0.570989
0.544151
0.483997
0.494917
0.461868
0.490934
0.538462
0.555587
0.571995
0.586632
0.575332
0.592773
0.573174
0.505781
0.533333
0.542318
0.564421
0.641667
0.672653
0.649775
0.659688
0.678749
0.652922
0.633104
0.561012
0.563914
0.599905
0.621168
0.631025
0.631257
0.618735
0.614501
0.60575
0.616987
0.576682
0.563341
0.572527
0.576782
0.623779
0.616923
0.642934
0.63843
0.621795
0.647709
0.56646
0.55477
0.585307
0.594795
0.593504
0.6213
0.626111
0.62839
0.635818
0.59055
0.528404
0.512873
0.527142
0.525774
0.535901
0.533784
0.53764
0.538872
0.54304
0.557905
0.508866
0.516012
0.492246
0.473587
0.463614
0.515215
0.541862
0.526618
0.556716
0.558938
0.500058
0.493983
0.525338
0.482379
0.50623
0.519961
0.495218
0.490041
0.524265
0.540071
0.541147
0.511581
0.501092
0.475722
0.446081
0.457015
0.419329
0.431697
0.436075
0.470788
0.502118
0.504855
0.484836
0.470578
0.456033
0.441134
0.424948
0.382599
0.40263
0.411794
0.38891
0.43885
0.457263
0.417631
0.440254
0.485312
0.456886
0.437362
0.463933
0.478417
0.446199
0.371243
0.363363
0.418509
0.385676
0.414141
0.425783
0.449681
0.450748
0.440443
0.448058
0.468448
0.474946
0.436328
0.325509
0.195317
0.222097
0.245935
0.253137
0.285659
0.281397
0.245379
0.215403
0.196438
0.186158
0.159186
0.120375
0.125997
0.0951394
0.0533275
0.0484077
0.010668
0.0582811
0.0571748
0.0487785
0.0443815
0.0245223
0.0405749
0.0380805
0.00367578
0.0274982
0.0405722
0.0336813
0.0297503
0.0444148
0.0127751
0.0308511
0.0032895
0.0223456
-0.0150877
-0.00900349
0.0146209
-0.00626963
-0.0028942
-0.00186664
-0.0116139
-0.00167039
0.00923087
0.00932374
-0.0112368
-0.00929455
0.00781281
0.00772711
0.0118405
0.0113094
-0.00415761
-0.00539258
0.00549546
0.0152862
0.00669102
-0.0206414
0.0020578
0.0215613
-0.00401882
-0.00596136
0.0260603
-0.0113766
-0.0209638
-0.0117933
0.0053377
-0.0123453
-7.96425e-05
0.0055997
0.00145921
0.0218103
-0.0086072
0.0134444
-0.0109659
0.0045345
0.00561402
0.0236474
0.0187129
0.0185566
0.00282387
-0.0104253
0.0131977
0.0156401
-0.00965929
0.00471702
-0.00887196
0.00112437
0.00634113
0.00432562
-0.00609718
-0.0033977
-0.0162237
-0.0171541
-0.0131668
-0.000903448
-0.00824592
0.00874489
-0.00833905
-0.0260011
-0.0124649
0.00484803
-0.00159627
-0.0042011
-0.0022538
0.0119456
0.0105499
0.0024909
0.00140152
-0.00530672
0.00160615
0.00714579
-0.00594487
-0.00027014
0.000713635
0.00789404
0.020578
-0.000431843
0.0148764
0.00601224
-0.0153371
-0.00651097
-0.00823575
0.00606699
-0.00859318
-1.33524e-05
-0.0142366
-0.0136433
-0.0108278
0.00464644
0.000922697
-0.0107799
-0.0204614
0.0109247
0.00804248
-0.00564319
-0.00562071
-0.0107526
-0.00482341
0.00384168
-0.0218503
-0.00401699
-0.0101244
-0.00863806
-0.0101347
-0.0234998
-9.23602e-05
-0.00890397
-0.00451385
-0.00179572
0.00382722
9.98173e-05
0.0100094
0.00851049
-0.00983191
0.00782465
0.00992481
-0.0272965
-0.0152102
0.00276656
0.00769807
-0.0129906
-0.0183383
-0.00603357
0.00379663
-0.000200889
-0.00968848
-0.00583866
-0.00263931
-0.00652048
0.00375665
-0.000968439
-0.00662294
-0.0164574
-0.0195889
-0.015115
0.00107653
-0.0182531
-0.00926961
-0.000567238
0.00414299
0.00366625
-0.00377601
0.00688728
-0.00675629
0.00152948
0.00489712
0.00610049
-0.00713743
0.00819776
-0.0337664
-0.0255752
0.000312611
0.00734705
0.00467594
0.00382264
0.00428586
-0.0137562
-0.00158651
-0.0217236
-0.00445444
-0.0181412
-0.017442
0.0031002
-0.0132626
0.00355753
-0.00903891
0.0153805
0.0252801
0.0112114
0.00131725
-0.00193874
-0.000756509
0.00605658
0.0250508
-0.00651564
-0.00125337
0.00455729
0.0045712
-0.00875703
0.000671141
-0.006328
0.00613353
-0.00439544
-0.0131173
-0.0136497
-0.00171905
-0.00918149
-0.016993
0.0141366
0.0240374
-0.0126148
-0.000569312
0.0113524
0.000581576
-0.0186454
0.00316815
-0.0103567
0.0218895
0.00458222
0.00369603
0.0043703
-0.00664874
-0.0163759
0.00894293
-0.0114404
-0.00832454
0.0115315
-0.00112265
0.0067499
0.0145269
0.00298622
0.00820519
-0.000711749
0.0131748
-0.00170076
0.00347702
0.0145245
-0.00803297
-0.00339236
-0.00947137
0.00395787
0.0076046
-0.0155048
0.000888057
0.00273544
0.000325532
-0.0100988
0.00857298
0.0140211
-0.00519497
0.00146811
0.0168627
0.000589624
-0.00153441
-0.0246412
-0.0114018
0.00655147
0.00263657
0.00793611
-0.00849248
-0.00805398
0.00615416
0.00029692
0.0119884
-0.00530962
0.00711551
-0.00996372
0.0146491
0.0120624
-0.0102567
-0.00249403
0.00132997
-0.00661724
-0.00883902
0.00189791
-0.00439046
-0.0113762
0.0154663
-0.00962391
0.00682022
-0.00316776
-0.0259803
0.00577739
-0.00501127
0.0137128
0.00931646
0.00978672
-0.0194758
-0.00721543
0.000967828
0.00273426
0.00110406
0.0153966
-0.0110747
-0.00551957
0.024048
-0.000805539
0.00669884
0.00378159
-0.00092904
-0.019426
0.00450531
0.00128314
-0.0105582
0.00574757
0.0103692
-0.0201737
-0.00253917
-0.00752623
0.0122795
0.00442179
-0.00815727
-0.0150926
0.022161
-0.0149736
-0.0194923
-0.00337304
0.00551139
-0.0171168
0.011352
0.0143109
0.0115074
-0.00738858
0.00167841
0.0139852
-0.0127046
0.00266475
-0.0348234
-0.0118843
0.0112042
0.00704641
-0.0311416
-0.0171957
-0.0330447
-0.0553633
-0.0738056
-0.0770601
-0.100073
-0.114476
-0.118018
-0.119387
-0.129204
-0.175414
-0.186386
-0.2206
-0.255086
-0.241968
-0.219879
-0.245096
-0.287873
-0.27384
-0.277714
-0.253761
-0.248114
-0.247276
-0.21199
-0.288778
-0.239649
-0.257507
-0.29263
-0.300035
-0.303389
-0.375924
-0.433099
-0.474908
-0.452442
-0.472403
-0.517813
-0.555323
-0.579909
-0.532105
-0.540744
-0.505392
-0.5078
-0.500152
-0.50798
-0.530379
-0.531648
-0.501647
-0.512829
-0.527129
-0.547072
-0.536644
-0.548576
-0.522791
-0.480939
-0.484908
-0.507902
-0.514525
-0.517927
-0.54057
-0.571552
-0.576606
-0.573602
-0.610877
-0.612459
-0.63
-0.79688
-0.57447
-0.696611
-0.721323
-0.643455
-0.657196
-0.607066
-0.597307
-0.585025
-0.617009
-0.639235
-0.672232
-0.673497
-0.672794
-0.646954
-0.676386
-0.701086
-0.699166
-0.752514
-0.724322
-0.706187
-0.746071
-0.747663
-0.766509
-0.753784
-0.745552
-0.748618
-0.735426
-0.72078
-0.695848
-0.681284
-0.717323
-0.729571
-0.65998
-0.585298
-0.601885
-0.554232
-0.506732
-0.459703
-0.429767
-0.439521
-0.415803
-0.361529
-0.321377
-0.225025
-0.224016
-0.212296
-0.143053
-0.0793106
-0.0622908
-0.0492312
0.00869459
0.0207529
0.0473286
0.0237608
0.032416
0.0239373
0.0858178
0.0983665
0.0642354
0.0967723
0.0727744
0.0864295
0.0915974
0.070483
0.141166
0.162683
0.165118
0.120316
0.126002
0.110907
0.0880804
0.174445
0.261282
0.266645
0.263977
0.305982
0.323417
0.350964
0.343789
0.392564
0.412875
0.398794
0.485105
0.498762
0.521314
0.542667
0.534602
0.528757
0.528803
0.535172
0.519102
0.570698
0.576764
0.588827
0.604242
0.664676
0.674344
0.635159
0.650734
0.608854
0.587643
0.666705
0.72789
0.737415
0.798466
0.891038
0.882299
0.873907
0.914192
0.897203
0.935028
0.989039
1.01411
1.06981
1.03743
1.00936
1.04457
1.12031
0.641513
0.652694
0.331822
0.33409
0.270015
0.207906
0.203994
0.141758
0.105128
0.0256027
0.0574731
-0.0010241
0.00215143
0.00226469
-0.000380134
0.0038761
0.0321852
0.0298613
0.0190312
0.0205956
0.0109172
0.00439908
-0.00218009
0.000875827
0.00392966
-0.0243778
-0.0174423
0.00192326
0.0230028
-0.00354856
-0.00835317
-0.00304406
0.0222798
0.014896
0.0490522
0.0471623
0.0298456
0.134266
0.0617695
0.0875873
0.0862946
0.122167
0.0933198
0.121875
0.0874143
0.0858192
0.122899
0.0875795
0.117305
0.0957169
0.164637
0.0738426
0.0287783
0.173976
0.0972307
0.0512914
0.0169681
0.0643174
-0.00997816
-0.00762221
0.0069231
-0.00532365
-0.00433609
0.00537811
0.0153351
-0.0213757
0.00542747
-0.00239109
-0.0130588
-0.00821061
0.00943827
-0.0100105
-0.00786315
0.000801105
0.00764459
0.0414084
0.0228811
0.0326336
0.0369186
0.0354653
0.0661983
0.0725742
0.10509
0.122821
0.159992
0.132185
0.111292
0.0686119
0.0853517
0.0531735
0.0801716
0.0880343
0.0471274
0.0405261
0.060698
0.170741
-0.0266758
-0.15242
0.110254
0.186805
0.055349
0.0501004
0.101266
0.100967
0.0954709
0.050515
0.0307157
-0.00577146
-0.00312001
-0.00163596
0.00506684
-0.00157858
0.00755071
0.0225733
-0.0135671
0.0166814
-0.00715633
-0.0154639
-0.051284
-0.0536718
-0.0442795
-0.042035
-0.0325473
-0.0235334
-0.0313017
-0.052138
-0.0628405
-0.07944
-0.058832
-0.0311332
-0.0293467
-0.020861
-0.00531193
0.0151273
-0.00204895
0.00331761
0.0429898
0.0230757
0.00989669
0.0312515
0.0458486
0.124292
0.149994
0.125586
0.141508
0.171574
0.163669
0.126283
0.125798
0.123444
0.0379897
0.00191983
-0.0304756
-0.0495821
-0.0895086
-0.123051
-0.129286
-0.118678
-0.104266
-0.152925
-0.188067
-0.189585
-0.185787
-0.172836
-0.138947
-0.103551
-0.0721791
-0.053182
-0.00592012
-0.00867818
-0.0130753
-0.00862935
-0.0345604
-0.036272
-0.0386552
-0.000809388
-0.00142106
0.0154739
-0.020664
0.0093642
0.00126155
-0.010333
0.0374289
0.0313286
0.0117584
0.0105811
0.000327222
0.0219694
0.00271952
-0.00513791
0.00332266
0.0106526
0.0120676
0.00681657
-0.00485417
-0.0295292
-0.0286123
-0.0144008
-0.0349908
-0.0352285
-0.0713576
-0.047281
-0.0114214
-0.042532
0.0488243
0.0528379
-0.0363426
-0.0561736
-0.0522544
-0.0261838
0.00865888
-0.0260732
-0.000238126
0.0212802
0.0399968
0.00162109
0.0249364
0.0214636
0.039723
0.0150085
0.0348796
0.134829
0.0981276
0.0953273
0.0407097
0.0387759
-0.0118545
-0.0276417
-0.0563864
-0.0626584
-0.086262
-0.0881025
-0.134521
-0.148949
-0.189237
-0.00124485
-0.2045
0.115059
0.0215334
0.0246811
-0.00437121
-0.00231931
0.00138295
-0.0217764
-0.0192919
-0.0205972
0.00403422
-0.0150192
-0.0120215
-0.0083624
0.00478874
-0.0149287
0.00634647
-0.0117652
0.0190867
-0.00125518
0.0100773
-0.00222937
0.00478106
-0.0116408
-0.00891266
0.00840151
-0.0192293
-0.0106293
-0.00158336
-0.00150806
0.0206896
0.00753583
0.00825366
-0.000122134
0.0221042
-0.0106831
-0.0235231
-0.0043794
0.016237
0.00177455
-0.00940301
0.00478188
0.0148513
0.000581022
0.014473
-0.000357897
0.00790442
0.0133294
-0.0106814
-0.0331704
-0.0686517
-0.096317
-0.0952219
-0.0934193
-0.0966097
-0.127902
-0.136622
-0.0950973
-0.116655
-0.06553
-0.038658
0.00188746
0.0102881
0.000728869
0.0142042
0.0271841
-0.0115257
-0.00537867
-0.00962776
-0.0532111
-0.0970466
-0.140287
-0.176127
-0.214156
-0.20135
-0.159534
-0.173522
-0.169093
-0.103717
-0.104714
-0.00913641
-0.0881011
0.00146943
0.0227244
0.00998096
0.0506692
0.0494268
0.0620987
0.0328916
0.0478398
0.0424818
0.022558
0.0244188
0.0204408
0.0322584
0.0169095
0.0509888
0.0434669
-0.00279948
-0.0177259
0.0129874
0.0049077
0.0106042
-0.0236933
-0.0293707
0.0127348
0.00495213
0.00421841
0.00348623
0.00958326
0.0144138
0.00570664
0.00896573
-0.0415085
-0.0276901
-0.0122491
-0.0230794
-0.00253106
-0.0312335
-0.0313574
-0.017431
-0.0547512
0.00860291
0.00538183
-0.0395095
-0.0582641
-0.0536746
-0.0584872
0.00344202
-0.0238751
0.0344307
0.0652105
-0.00167755
-0.0257507
-0.0426639
-0.0605118
-0.0673856
-0.0627922
-0.0241465
-0.0142667
0.00699337
0.00852694
0.0214843
0.00124529
-0.0205846
-0.0186656
-0.0346644
-0.0523595
-0.0617946
-0.0330337
-0.014396
0.0119663
0.0072117
0.00909721
0.0103677
-0.0140344
0.00474415
0.00111075
-0.0196089
-0.00391136
-0.0204227
-0.00306606
-0.00280968
-0.00458173
-0.00124389
-0.00630169
0.0146177
0.0143753
0.00161375
0.00367326
0.0148175
-0.00724367
-0.0043039
0.00599664
0.0105803
-0.018014
0.00476522
0.00934839
-0.00380982
0.0112399
0.0117033
0.0394976
0.0255621
0.0125383
0.0104889
0.00921033
0.00162541
0.0399647
0.04633
0.098193
0.0187925
0.00962212
0.0213699
-0.00335218
0.00484713
0.00691368
0.00927486
0.0153481
0.0116245
-0.0115635
0.00495594
-0.00386838
-0.00756208
0.0140412
-4.4005e-05
0.00096691
-0.00310878
0.0125858
0.0104268
-0.0170408
0.0262103
0.0116163
-0.0110182
-0.0138449
-0.00670963
-0.00585288
0.0211686
-0.00443616
-0.00539816
-0.00265931
0.0114369
-0.00686824
-0.0138501
-0.00186277
0.0175876
-0.0181864
0.017018
-0.00482074
-0.00999712
-0.0170268
0.0114192
0.015906
0.00496212
-0.00399171
0.00288323
-0.00303929
0.00917846
-0.0130507
-0.010739
-0.00190711
-0.00326135
0.0126166
0.0082242
0.00878811
-0.00332113
0.0100584
-0.00140792
0.0013288
-0.00690076
0.00614243
-0.00965621
0.0123207
-0.0187948
-0.00169007
0.000829023
-0.0272312
0.00592128
0.0138647
0.00237853
-0.00324337
0.00510125
0.0346801
-0.00262999
0.00716175
-0.0123477
-0.00480745
0.00349545
0.00101991
0.000540987
0.000624564
0.0204526
0.0159424
-0.0166757
-0.00724298
0.00119415
-0.00444194
0.0235934
-0.0177602
0.0140719
-0.0137514
-0.00140439
-0.000519536
-0.0118484
-0.00693284
-0.0116866
-0.00230971
0.00177646
-0.0101812
0.0100296
0.00750053
0.00860894
0.00334894
-0.00828396
0.00182001
0.0052001
-0.00259051
0.0205517
0.00782222
0.0096279
-0.0176936
0.00196844
0.00225401
0.0138236
0.0114616
0.00810293
-0.00734873
0.0169406
0.0210015
0.00369283
0.0150825
0.00660584
-0.0136113
0.00401677
0.0134323
0.00188607
-0.00990931
0.0017635
-0.00102872
0.0135576
0.00655536
-0.0132966
-0.0117828
0.00800352
-0.00347305
-0.020643
-0.00911365
-0.00608917
0.000154799
-0.000159122
-0.00822613
0.0149085
0.00409058
0.00722826
0.013164
0.0307815
-0.000867366
0.00845877
0.00628996
-0.00679467
0.00235543
0.00268103
-0.00439635
