-0.638805
-0.638788
-0.638779
-0.638794
-0.638767
-0.638772
-0.638774
-0.63875
-0.638816
-0.638828
-0.638758
-0.638765
-0.638786
-0.638781
-0.63879
-0.638793
-0.638767
-0.638837
-0.638782
-0.638822
-0.63878
-0.638791
-0.638783
-0.638789
-0.638801
-0.638726
-0.638806
-0.638817
-0.638808
-0.638744
-0.638815
-0.638763
-0.638805
-0.638756
-0.638777
-0.63879
-0.63881
-0.638761
-0.638808
-0.638743
-0.638773
-0.638772
-0.638781
-0.638734
-0.638743
-0.638722
-0.638709
-0.638725
-0.638723
-0.638696
-0.638735
-0.638725
-0.63875
-0.638773
-0.638747
-0.638743
-0.638737
-0.638709
-0.638754
-0.638712
-0.638674
-0.638675
-0.638655
-0.638666
-0.638678
-0.638641
-0.638545
-0.638595
-0.638576
-0.63851
-0.63851
-0.638411
-0.638386
-0.638169
-0.638
-0.637882
-0.637755
-0.637649
-0.637551
-0.63739
-0.637433
-0.637462
-0.637463
-0.637415
-0.637398
-0.637361
-0.637313
-0.637215
-0.637164
-0.637057
-0.636988
-0.636902
-0.63672
-0.636524
-0.636278
-0.635945
-0.635346
-0.634634
-0.633656
-0.632523
-0.631607
-0.630435
-0.629096
-0.627742
-0.626258
-0.62448
-0.622295
-0.620012
-0.617623
-0.615174
-0.612828
-0.608491
-0.606544
-0.604755
-0.603055
-0.601577
-0.600109
-0.598731
-0.597447
-0.59619
-0.594998
-0.593996
-0.592971
-0.591941
-0.590928
-0.590087
-0.589066
-0.587916
-0.586887
-0.585778
-0.584579
-0.583274
-0.582069
-0.580812
-0.579399
-0.577943
-0.576312
-0.574558
-0.572911
-0.571051
-0.569085
-0.567181
-0.565022
-0.562887
-0.560802
-0.558542
-0.556126
-0.553627
-0.551047
-0.548449
-0.54558
-0.542839
-0.539986
-0.534366
-0.531509
-0.528628
-0.525688
-0.522634
-0.519671
-0.516771
-0.513845
-0.510906
-0.507925
-0.504834
-0.501649
-0.4986
-0.495441
-0.492068
-0.488693
-0.485373
-0.481899
-0.478673
-0.475134
-0.471632
-0.46815
-0.464697
-0.461287
-0.457657
-0.454182
-0.450518
-0.447057
-0.443518
-0.440018
-0.436528
-0.433007
-0.429618
-0.426134
-0.422568
-0.418955
-0.415382
-0.4119
-0.408377
-0.404878
-0.401228
-0.397685
-0.393999
-0.390516
-0.386929
-0.383406
-0.376214
-0.372766
-0.369249
-0.365763
-0.362262
-0.358763
-0.355357
-0.351857
-0.348462
-0.344854
-0.341397
-0.337831
-0.334151
-0.330571
-0.326871
-0.323385
-0.319861
-0.316246
-0.312741
-0.308999
-0.305424
-0.301796
-0.298285
-0.29472
-0.290966
-0.287349
-0.283709
-0.279996
-0.276274
-0.27234
-0.268419
-0.264528
-0.260594
-0.256613
-0.252697
-0.248612
-0.244643
-0.24076
-0.232891
-0.229138
-0.225412
-0.221753
-0.217973
-0.214236
-0.210487
-0.206566
-0.202808
-0.19898
-0.195113
-0.191298
-0.187269
-0.183427
-0.179546
-0.175569
-0.171544
-0.167524
-0.163391
-0.159319
-0.155301
-0.151188
-0.146976
-0.142864
-0.138794
-0.134486
-0.130275
-0.125981
-0.12161
-0.11733
-0.112895
-0.108577
-0.104204
-0.0999138
-0.0956631
-0.0871867
-0.0831013
-0.0789418
-0.0748774
-0.0708329
-0.0668626
-0.0628252
-0.0588119
-0.0546292
-0.0505547
-0.046454
-0.0424898
-0.0384495
-0.0346803
-0.0307557
-0.0268847
-0.0229108
-0.0191483
-0.0152304
-0.0114343
-0.00759221
-0.00369366
0.000100806
0.00409028
0.00805547
0.0119999
0.0158695
0.0197481
0.0235027
0.0273801
0.0312374
0.0350406
0.0388852
0.0427308
0.046752
0.0548603
0.0588636
0.0630622
0.0672821
0.0714528
0.0757816
0.0801149
0.0844355
0.0886169
0.0929694
0.0971048
0.101235
0.105268
0.109423
0.113227
0.117285
0.121181
0.125267
0.129123
0.133082
0.136952
0.140941
0.144752
0.148699
0.152458
0.156359
0.160156
0.163914
0.167655
0.171183
0.174891
0.178383
0.181946
0.185576
0.189181
0.196816
0.200409
0.204099
0.207695
0.211229
0.214913
0.21859
0.222337
0.226071
0.229803
0.233389
0.237054
0.240581
0.244354
0.248086
0.251843
0.255774
0.259624
0.263593
0.26756
0.27144
0.275302
0.279245
0.283222
0.287255
0.29136
0.295336
0.299644
0.303909
0.308122
0.312399
0.316684
0.320998
0.325264
0.333831
0.337934
0.34201
0.34599
0.349853
0.353617
0.357459
0.361042
0.364528
0.367986
0.371383
0.374882
0.378286
0.381548
0.384751
0.38796
0.391083
0.393952
0.397048
0.399948
0.402968
0.405995
0.409046
0.411986
0.414982
0.417913
0.420976
0.423898
0.427082
0.430171
0.433267
0.436311
0.439454
0.442554
0.445765
0.448786
0.452021
0.455066
0.458051
0.461111
0.46416
0.470103
0.473035
0.476072
0.478924
0.481909
0.484718
0.487522
0.490215
0.49297
0.495617
0.49825
0.50078
0.503291
0.505839
0.508171
0.510787
0.513326
0.515745
0.518144
0.520447
0.522707
0.52477
0.526739
0.528701
0.530657
0.532453
0.534501
0.536407
0.537971
0.539893
0.54116
0.542039
0.542558
0.542706
0.542847
0.542756
0.542856
0.542806
0.542817
0.542762
0.542824
0.542804
0.542834
0.542769
0.542792
0.542852
0.54288
0.542904
0.542964
0.542947
0.543004
0.543004
0.543105
0.543081
0.543061
0.54304
0.543049
0.543092
0.543038
0.543053
0.54304
0.543032
0.54297
0.542897
0.54285
0.542718
0.542672
0.542649
0.54259
0.542494
0.542485
0.542452
0.542449
0.542407
0.542459
0.542428
0.542367
0.542452
0.542401
0.542417
0.542509
0.542487
0.542549
0.542557
0.542551
0.542605
0.542539
0.542527
0.542492
0.542544
0.542479
0.542586
0.542534
0.542512
0.542531
0.542536
0.542486
0.542438
0.54245
0.542417
0.542433
0.542418
0.542379
0.542439
0.542344
0.542378
0.542324
0.542365
0.542056
0.542115
0.542125
0.542128
0.542131
0.542078
0.541934
0.541843
0.541717
0.541683
0.54149
0.541505
0.541442
0.541432
0.541428
0.541424
0.541422
0.541398
0.541354
0.541313
0.541368
0.541366
0.541359
0.541317
0.541335
0.541346
0.541304
0.541332
0.541319
0.541344
0.541311
0.541284
0.541166
0.54114
0.541138
0.541036
0.540994
0.541018
0.54101
0.540982
0.540954
0.540969
0.540907
0.540869
0.540864
0.540844
0.540872
0.540793
0.540788
0.540754
0.540731
0.540714
0.540673
0.540697
0.540597
0.540549
0.540392
0.540427
0.540289
0.540169
0.540052
0.54004
0.540035
0.540053
0.540031
0.540027
0.540048
0.540139
0.540139
0.540125
0.540206
0.540175
0.540186
0.540079
0.539959
0.539798
0.539451
0.539414
0.539305
0.539245
0.539195
0.539138
0.539089
0.539053
0.538922
0.53884
0.53878
0.538731
0.538692
0.538615
0.538579
0.538502
0.538473
0.538448
0.538305
0.538242
0.538128
0.538028
0.537845
0.537589
0.537334
0.53706
0.536758
0.536558
0.536316
0.536175
0.536061
0.536034
0.53597
0.536007
0.536017
0.536053
0.536067
0.535974
0.536012
0.536033
0.535979
0.536041
0.536014
0.53604
0.535991
0.535999
0.536106
0.536072
0.535991
0.53602
0.535979
0.536005
0.535999
0.535989
0.535977
0.535959
0.535976
0.536006
0.535912
0.535939
0.536
0.535928
0.535961
0.535904
0.535911
0.535918
0.535875
0.535885
0.535861
0.535859
0.535867
0.53589
0.535872
0.53588
0.5359
0.5359
0.535898
0.535907
0.535894
0.535904
0.535887
0.535867
0.535859
0.535865
0.535857
0.535932
0.535866
0.535831
0.535864
0.535842
0.535916
0.53585
0.535801
0.535818
0.535857
0.535866
0.535848
0.535882
0.535903
0.536019
0.535967
0.536006
0.536149
0.536295
0.536475
0.536737
0.537024
0.537251
0.537548
0.538052
0.538227
0.538463
0.538704
0.538885
0.539123
0.53927
0.5395
0.539651
0.539814
0.540063
0.540337
0.540577
0.540737
0.540909
0.541095
0.541447
0.541737
0.542127
0.542512
0.542918
0.543437
0.543874
0.544548
0.545354
0.546127
0.546769
0.54744
0.548037
0.548604
0.549102
0.549457
0.549718
0.549968
0.550358
0.551
0.551789
0.552674
0.55502
0.556052
0.556998
0.558035
0.558937
0.559613
0.560231
0.561008
0.561737
0.562407
0.562792
0.562858
0.562914
0.562891
0.562897
0.562894
0.562916
0.562954
0.563074
0.563124
0.563087
0.563088
0.562986
0.563065
0.563114
0.563145
0.563229
0.563451
0.563638
0.563921
0.564174
0.564279
0.564277
0.564111
0.563659
0.563058
0.562502
0.561863
0.561259
0.560675
0.559908
0.559137
0.55774
0.556042
0.554311
0.552384
0.550152
0.548172
0.545968
0.543824
0.542022
0.540241
0.538516
0.537102
0.535572
0.534003
0.532947
0.532692
0.532276
0.531987
0.531907
0.531758
0.531765
0.53174
0.531703
0.53172
0.531732
0.531738
0.531697
0.531565
0.53134
0.530555
0.53001
0.529159
0.528925
0.528507
0.52826
0.52817
0.528053
0.527966
0.52788
0.527923
0.527783
0.527793
0.527756
0.527769
0.52768
0.527678
0.52763
0.527643
0.527638
0.52763
0.527622
0.527714
0.527665
0.52768
0.527674
0.527681
0.527641
0.52771
0.527653
0.527707
0.527675
0.527735
0.527702
0.527743
0.52773
0.527732
0.527752
0.527711
0.527776
0.527801
0.527856
0.527815
0.527821
0.527793
0.527842
0.527779
0.527822
0.527779
0.527896
0.527896
0.527884
0.527894
0.527847
0.527955
0.528014
0.527956
0.527954
0.528035
0.52806
0.528132
0.528171
0.528131
0.528127
0.52819
0.528234
0.528149
0.528194
0.528109
0.528162
0.528114
0.528161
0.528141
0.528131
0.528165
0.528182
0.528122
0.528185
0.528251
0.52838
0.528438
0.528528
0.528499
0.528667
0.528992
0.529455
0.529921
0.530481
0.531214
0.531859
0.532613
0.533612
0.534824
0.536244
0.537868
0.53975
0.541752
0.543693
0.545435
0.547179
0.548974
0.55059
0.552477
0.55425
0.555874
0.557449
0.559009
0.560319
0.561618
0.563065
0.565567
0.566902
0.568187
0.569406
0.570608
0.571692
0.572623
0.573461
0.574415
0.575638
0.576923
0.578373
0.579963
0.581647
0.583284
0.584929
0.586472
0.588256
0.589989
0.591729
0.59343
0.595238
0.597247
0.599422
0.601989
0.604527
0.607191
0.610185
0.613067
0.616174
0.619407
0.622771
0.626307
0.629838
0.633476
0.640228
0.643389
0.646604
0.64992
0.653149
0.656639
0.659966
0.663342
0.66671
0.670084
0.673262
0.676604
0.679929
0.683126
0.68633
0.689432
0.692791
0.695886
0.699281
0.702562
0.706023
0.709489
0.713015
0.716642
0.720032
0.723541
0.726855
0.73022
0.733535
0.736718
0.73992
0.743144
0.746243
0.749443
0.752679
0.755969
0.759562
0.762961
0.766928
0.773439
0.776868
0.780216
0.783641
0.787061
0.790635
0.794116
0.797776
0.801385
0.805081
0.808882
0.812606
0.816504
0.820513
0.824403
0.828378
0.832402
0.836348
0.840376
0.844312
0.848236
0.852189
0.856
0.859999
0.864133
0.86838
0.872638
0.876972
0.88119
0.885437
0.88959
0.897938
0.902297
0.906566
0.910853
0.915277
0.919609
0.923807
0.928026
0.932204
0.936364
0.94049
0.944699
0.948886
0.953157
0.957535
0.961786
0.965944
0.970222
0.974374
0.978685
0.983134
0.987468
0.991841
0.996314
1.00079
1.00505
1.00931
1.01354
1.01764
1.02193
1.02638
1.03072
1.03499
1.0393
1.04373
1.04806
1.05226
1.0609
1.06528
1.06948
1.07354
1.07766
1.08165
1.08555
1.08981
1.09386
1.09788
1.10207
1.10598
1.10989
1.11392
1.11778
1.12162
1.12548
1.12926
1.13307
1.1366
1.13989
1.1429
1.14549
1.14789
1.15007
1.152
1.15381
1.15544
1.15694
1.15859
1.16
1.16133
1.16269
1.16384
1.16492
1.16607
1.16707
1.16787
1.16854
1.16892
1.16901
1.1689
1.16871
1.16849
1.16828
1.16791
1.16764
1.16726
1.16688
1.16632
1.16552
1.16432
1.16291
1.16133
1.15962
1.15789
1.15618
1.15446
1.15264
1.15081
1.14879
1.14659
1.14446
1.14234
1.14026
1.13835
1.13657
1.13476
1.13314
1.1315
1.12995
1.1283
1.12673
1.12526
1.12378
1.12219
1.12068
1.11915
1.11575
1.11397
1.11208
1.11
1.1079
1.10566
1.10333
1.10111
1.09873
1.09649
1.09424
1.09205
1.08998
1.08776
1.0855
1.08303
1.08014
1.07723
1.07406
1.07108
1.06779
1.0648
1.06174
1.05879
1.0557
1.05261
1.04934
1.04602
1.04248
1.03875
1.03482
1.0309
1.02691
1.0227
1.01869
1.01456
1.01038
1.00627
0.997073
0.992309
0.987282
0.981971
0.976548
0.971
0.965303
0.959692
0.954155
0.948507
0.942725
0.936954
0.931079
0.925215
0.919178
0.913001
0.906903
0.900877
0.894665
0.888245
0.882031
0.875488
0.868816
0.862222
0.855699
0.84917
0.842747
0.836391
0.830105
0.823858
0.817572
0.811475
0.805473
0.799316
0.793435
0.787612
0.781784
0.770614
0.765204
0.76003
0.754776
0.749579
0.744551
0.739258
0.733857
0.728475
0.722862
0.717194
0.711619
0.705812
0.700253
0.694659
0.688762
0.682945
0.676904
0.670602
0.664226
0.657805
0.651104
0.644372
0.637873
0.63122
0.624573
0.617811
0.610961
0.60404
0.597019
0.590019
0.583039
0.576046
0.569085
0.562004
0.554979
0.547879
0.540554
0.533148
0.518452
0.511172
0.503764
0.49652
0.489165
0.482003
0.474824
0.467607
0.460521
0.453201
0.446106
0.439103
0.431918
0.424786
0.417554
0.410519
0.403396
0.396132
0.388911
0.38129
0.37381
0.366287
0.358807
0.351617
0.344176
0.336909
0.329506
0.322106
0.315129
0.308256
0.301904
0.296009
0.290701
0.286058
0.281758
0.277939
0.27433
0.270988
0.267941
0.261991
0.259414
0.25734
0.255699
0.254662
0.254261
0.253914
0.253922
0.253905
0.253916
0.253934
0.253916
0.253918
0.253872
0.253861
0.253948
0.254096
0.254306
0.254438
0.254657
0.25478
0.254932
0.255141
0.255318
0.255599
0.256042
0.25657
0.257197
0.25805
0.25929
0.260542
0.261908
0.26338
0.264968
0.266351
0.267733
0.270048
0.271266
0.272426
0.273687
0.274999
0.276491
0.27798
0.279608
0.281036
0.282266
0.283376
0.284406
0.285322
0.286124
0.287014
0.287882
0.288594
0.289152
0.289255
0.289048
0.288783
0.288423
0.287967
0.287641
0.28753
0.287527
0.287599
0.287529
0.287552
0.287555
0.287554
0.287553
0.28745
0.287404
0.287405
0.287443
0.28739
0.287014
0.285184
0.282753
0.276926
0.274089
0.271834
0.269957
0.268401
0.266954
0.265455
0.26383
0.262105
0.259644
0.256581
0.25299
0.249045
0.244627
0.239431
0.234037
0.228216
0.221921
0.215203
0.20822
0.200795
0.193072
0.185535
0.178573
0.172436
0.166756
0.161689
0.156889
0.15246
0.148464
0.144796
0.141748
0.138954
0.136393
0.133625
0.130687
0.12723
0.123334
0.118868
0.109665
0.105055
0.100268
0.0953695
0.0897981
0.0838924
0.0773045
0.0705499
0.0638143
0.0571734
0.0509922
0.045436
0.0406278
0.0364897
0.0324335
0.0281499
0.0240092
0.0199633
0.0158928
0.0120658
0.00834861
0.00487888
0.00159941
-0.00171592
-0.00490864
-0.00827101
-0.0118931
-0.0156156
-0.0194102
-0.0231316
-0.0269977
-0.0306751
-0.0341134
-0.0372244
-0.0404296
-0.0434707
-0.0464699
-0.049454
-0.0524118
-0.0553941
-0.0582652
-0.0635073
-0.0654882
-0.0670749
-0.068298
-0.0698052
-0.0712965
-0.0726131
-0.0739095
-0.0752035
-0.0765956
-0.0781997
-0.0800077
-0.0821604
-0.0846786
-0.0871502
-0.0905198
-0.0939436
-0.0974669
-0.101341
-0.105018
-0.108415
-0.112236
-0.116482
-0.120417
-0.124582
-0.128952
-0.133638
-0.138082
-0.14346
-0.147648
-0.152424
-0.157278
-0.161287
-0.165155
-0.169178
-0.172843
-0.176434
-0.179957
-0.18269
-0.185202
-0.187142
-0.188484
-0.188863
-0.189622
-0.191035
-0.196254
-0.198912
-0.201767
-0.205222
-0.209093
-0.213013
-0.216835
-0.220247
-0.22345
-0.226038
-0.22797
-0.22936
-0.230126
-0.230629
-0.231476
-0.232013
-0.23234
-0.23248
-0.232526
-0.232583
-0.232443
-0.232368
-0.232241
-0.231995
-0.231485
-0.230855
-0.230372
-0.230005
-0.229716
-0.229496
-0.22939
-0.229256
-0.229122
-0.228928
-0.228614
-0.228277
-0.22782
-0.227202
-0.226478
-0.225857
-0.224812
-0.224266
-0.223786
-0.223489
-0.223113
-0.222874
-0.222581
-0.222444
-0.222259
-0.222058
-0.221674
-0.221073
-0.220304
-0.219339
-0.218312
-0.217554
-0.216859
-0.216386
-0.216001
-0.215783
-0.21567
-0.215344
-0.215054
-0.214573
-0.213878
-0.212964
-0.211935
-0.210764
-0.209427
-0.208016
-0.206603
-0.205341
-0.204154
-0.203026
-0.201994
-0.201065
-0.20006
-0.199317
-0.198204
-0.197344
-0.196431
-0.195166
-0.19459
-0.195243
-0.196463
-0.197605
-0.198436
-0.198749
-0.198799
-0.198801
-0.198771
-0.198774
-0.199001
-0.199322
-0.199642
-0.199952
-0.200012
-0.199977
-0.200003
-0.199949
-0.199977
-0.200067
-0.200309
-0.200645
-0.201076
-0.201458
-0.201874
-0.202459
-0.203087
-0.203899
-0.204692
-0.205372
-0.206135
-0.206845
-0.207573
-0.208338
-0.208901
-0.209526
-0.210072
-0.210745
-0.21142
-0.212842
-0.213657
-0.214366
-0.215335
-0.216293
-0.217208
-0.218156
-0.218911
-0.219693
-0.220607
-0.221474
-0.222321
-0.223224
-0.224336
-0.225256
-0.226272
-0.227601
-0.229173
-0.230666
-0.232196
-0.233688
-0.2351
-0.236267
-0.237418
-0.238583
-0.239739
-0.241051
-0.241936
-0.243131
-0.244257
-0.245781
-0.246896
-0.247746
-0.24892
-0.249873
-0.251174
-0.25217
-0.253205
-0.25425
-0.256138
-0.256731
-0.257179
-0.257397
-0.257824
-0.25824
-0.25906
-0.260008
-0.260601
-0.261178
-0.261782
-0.26231
-0.262761
-0.263519
-0.264015
-0.264917
-0.265932
-0.26697
-0.268166
-0.269515
-0.270955
-0.272245
-0.273473
-0.274847
-0.276026
-0.277175
-0.278073
-0.278895
-0.279646
-0.280402
-0.281492
-0.282448
-0.283345
-0.284142
-0.285209
-0.286295
-0.287293
-0.288354
-0.289537
-0.29074
-0.293532
-0.295021
-0.296268
-0.296473
-0.298667
-0.299886
-0.301128
-0.302522
-0.304078
-0.30571
-0.307384
-0.309092
-0.310945
-0.312826
-0.314316
-0.315789
-0.31716
-0.318461
-0.319805
-0.320887
-0.322305
-0.323894
-0.325578
-0.32714
-0.328996
-0.330638
-0.332282
-0.333823
-0.334934
-0.336031
-0.336806
-0.337473
-0.338037
-0.338503
-0.33894
-0.339316
-0.339663
-0.340264
-0.340893
-0.341984
-0.342671
-0.343822
-0.34497
-0.34634
-0.347976
-0.34983
-0.351584
-0.353509
-0.355402
-0.357194
-0.359234
-0.361246
-0.363134
-0.364868
-0.366533
-0.367854
-0.368823
-0.369401
-0.369446
-0.369323
-0.369139
-0.369128
-0.369168
-0.369111
-0.369038
-0.369012
-0.368953
-0.368991
-0.36902
-0.36914
-0.369612
-0.370456
-0.371556
-0.372305
-0.373298
-0.374437
-0.375564
-0.376776
-0.377968
-0.379719
-0.380579
-0.381206
-0.381688
-0.381801
-0.381741
-0.381627
-0.38104
-0.380796
-0.380539
-0.380464
-0.380327
-0.380247
-0.380178
-0.380102
-0.38007
-0.380159
-0.380227
-0.380293
-0.380389
-0.38062
-0.380829
-0.381259
-0.381737
-0.382654
-0.382973
-0.383142
-0.383538
-0.383962
-0.384568
-0.385369
-0.386078
-0.386849
-0.387659
-0.388494
-0.389485
-0.390368
-0.391282
-0.39231
-0.393455
-0.395976
-0.397556
-0.399115
-0.400968
-0.403025
-0.405075
-0.407212
-0.409472
-0.41161
-0.413702
-0.415794
-0.417948
-0.420106
-0.422286
-0.424533
-0.426698
-0.428708
-0.430636
-0.432625
-0.43469
-0.436882
-0.439327
-0.44221
-0.445189
-0.44832
-0.451539
-0.454984
-0.458338
-0.461981
-0.465817
-0.469691
-0.473968
-0.478058
-0.482256
-0.486377
-0.490234
-0.493923
-0.497745
-0.501877
-0.505807
-0.513518
-0.517552
-0.521241
-0.52479
-0.528116
-0.531299
-0.534488
-0.537708
-0.541118
-0.544501
-0.548028
-0.551354
-0.554611
-0.557534
-0.560588
-0.563612
-0.567049
-0.570455
-0.573904
-0.577375
-0.580858
-0.584365
-0.587681
-0.591153
-0.594505
-0.598176
-0.601757
-0.605195
-0.608467
-0.611816
-0.61481
-0.617876
-0.620682
-0.623353
-0.626097
-0.628237
-0.630968
-0.635391
-0.637581
-0.639561
-0.641481
-0.643272
-0.644987
-0.646829
-0.648867
-0.650899
-0.652966
-0.655138
-0.657296
-0.659657
-0.661849
-0.664278
-0.666707
-0.669062
-0.671583
-0.674135
-0.676734
-0.679473
-0.682591
-0.685908
-0.68934
-0.692969
-0.696384
-0.699743
-0.702998
-0.706159
-0.709284
-0.712226
-0.715249
-0.718356
-0.721525
-0.724872
-0.730036
-0.73235
-0.734626
-0.736485
-0.738301
-0.739977
-0.741512
-0.742975
-0.74414
-0.7453
-0.746132
-0.746759
-0.747357
-0.747878
-0.748186
-0.748347
-0.748615
-0.749192
-0.749882
-0.750402
-0.750975
-0.751384
-0.751996
-0.75244
-0.752939
-0.753511
-0.754155
-0.754762
-0.755463
-0.75637
-0.757326
-0.758307
-0.75943
-0.760667
-0.761999
-0.763444
-0.764881
-0.766387
-0.768774
-0.769658
-0.77064
-0.771559
-0.772386
-0.77337
-0.774496
-0.775648
-0.7768
-0.777979
-0.779102
-0.780038
-0.78081
-0.78133
-0.781734
-0.7819
-0.782037
-0.782099
-0.7822
-0.782292
-0.782255
-0.782144
-0.78199
-0.781757
-0.7816
-0.78134
-0.781155
-0.780972
-0.780913
-0.780814
-0.780841
-0.780741
-0.780644
-0.78059
-0.780504
-0.780528
-0.780521
-0.780595
-0.780602
-0.780582
-0.780566
-0.780604
-0.780579
-0.780501
-0.780389
-0.780418
-0.780415
-0.780425
-0.780456
-0.780462
-0.780429
-0.78039
-0.780144
-0.779884
-0.779761
-0.779541
-0.779318
-0.779066
-0.778784
-0.778409
-0.777867
-0.777072
-0.776231
-0.775404
-0.774705
-0.773936
-0.773437
-0.773213
-0.773149
-0.773013
-0.772734
-0.772298
-0.771717
-0.771085
-0.770462
-0.76978
-0.768979
-0.768004
-0.765985
-0.764454
-0.762643
-0.76059
-0.758369
-0.756074
-0.753651
-0.750963
-0.748325
-0.745634
-0.742837
-0.739926
-0.737141
-0.734252
-0.731488
-0.728678
-0.725764
-0.722975
-0.72023
-0.717573
-0.714989
-0.712531
-0.710128
-0.70772
-0.705569
-0.703421
-0.701517
-0.699565
-0.697673
-0.695669
-0.693626
-0.691389
-0.68877
-0.685895
-0.68264
-0.679251
-0.67587
-0.668717
-0.664983
-0.661005
-0.658365
-0.657797
-0.656593
-0.656212
-0.655937
-0.655957
-0.655904
-0.655982
-0.655919
-0.655977
-0.655941
-0.655944
-0.655926
-0.655955
-0.655964
-0.656027
-0.656003
-0.656003
-0.655959
-0.656016
-0.655998
-0.655976
-0.656013
-0.656018
-0.656062
-0.656026
-0.656002
-0.655963
-0.655971
-0.655903
-0.655976
-0.655979
-0.655971
-0.655958
-0.655883
-0.65596
-0.655979
-0.656076
-0.656221
-0.656264
-0.656426
-0.656451
-0.656496
-0.656472
-0.656477
-0.656437
-0.656341
-0.656259
-0.656191
-0.656074
-0.656047
-0.656013
-0.65598
-0.655894
-0.655891
-0.655865
-0.65592
-0.655905
-0.655838
-0.655863
-0.655906
-0.655848
-0.655958
-0.655906
-0.655914
-0.655871
-0.655941
-0.655998
-0.656047
-0.656043
-0.656049
-0.656058
-0.656071
-0.656073
-0.65609
-0.656086
-0.656126
-0.656151
-0.656148
-0.65616
-0.656162
-0.656167
-0.656212
-0.6562
-0.656253
-0.656246
-0.656207
-0.656148
-0.65623
-0.656184
-0.656217
-0.656255
-0.656199
-0.656196
-0.656157
-0.656199
-0.656167
-0.656193
-0.65621
-0.656171
-0.656239
-0.656215
-0.656209
-0.656197
-0.656153
-0.656219
-0.656226
-0.656189
-0.656203
-0.656188
-0.656169
-0.656162
-0.656129
-0.656125
-0.656048
-0.656043
-0.655989
-0.655994
-0.656039
-0.655988
-0.656058
-0.65603
-0.656029
-0.656063
-0.656024
-0.656037
-0.656061
-0.656064
-0.656016
-0.656079
-0.656046
-0.656063
-0.656059
-0.65608
-0.656051
-0.656019
-0.656091
-0.656047
-0.656033
-0.656057
-0.65605
-0.656075
-0.65605
-0.656019
-0.65604
-0.656043
-0.656007
-0.656048
-0.655995
-0.656036
-0.656062
-0.656078
-0.655998
-0.656047
-0.656042
-0.656107
-0.656024
-0.656056
-0.656057
-0.65605
-0.656061
-0.656065
-0.656062
-0.656048
-0.656058
-0.656043
-0.656022
-0.656061
-0.656056
-0.656049
-0.656054
-0.656083
-0.65599
-0.656048
