0.00170132
0.00761147
0.00500086
0.00722858
0.000648633
0.00209301
0.0110535
0.00889296
-0.0153402
-0.0160629
0.00716574
0.0113792
0.00659412
-0.00487229
-0.00524338
0.00172271
0.0140975
-0.0162031
0.00357253
-0.00812567
0.00253848
0.00461057
6.51996e-05
0.00466614
0.0115454
0.0213421
-0.00348531
-0.00845233
-0.0129103
0.0121386
-0.00292174
-0.00521596
-0.00701963
-0.00291749
0.0146632
-0.0012312
-0.00355572
0.011898
-0.00112168
0.00486898
0.00047019
-0.0204274
-0.0110665
0.00207989
0.00368833
-0.00942395
0.00336142
0.0236831
-0.000494382
0.00724636
-0.00642092
0.00667902
-0.0238611
-0.00799561
-0.0141725
-0.00810453
-0.00468023
0.00230076
-0.00126451
-0.00709545
0.000502144
0.00491699
0.0125932
0.0120132
0.000208047
-0.0113169
0.0117552
0.00982881
-0.00405394
0.00743858
0.00896607
0.0165809
0.00593842
0.00796003
0.00372605
0.00904077
0.0299553
0.0170617
-0.00498615
0.0195594
-0.00883603
-0.00218293
-0.00911874
-0.00321382
0.0237486
0.00512482
0.00995376
0.0184158
-0.000752968
0.00634149
-0.000180069
0.00372495
0.0290419
0.0130973
0.0213441
0.0301209
0.0668995
0.0714357
0.115688
0.136791
0.099698
0.126987
0.149284
0.131089
0.159267
0.181868
0.234245
0.237477
0.236012
0.224116
0.224438
0.194856
0.185489
0.182394
0.163745
0.151014
0.133304
0.120573
0.126967
0.126585
0.122074
0.0942816
0.121197
0.11474
0.0964751
0.111118
0.103755
0.114607
0.0910664
0.105091
0.109952
0.123424
0.105285
0.118996
0.153933
0.147413
0.185901
0.17395
0.144754
0.183672
0.207404
0.209746
0.223868
0.220473
0.21665
0.228092
0.227005
0.282513
0.261707
0.269939
0.291022
0.266308
0.280031
0.274556
0.277105
0.285472
0.272064
0.328149
0.281434
0.290094
0.295456
0.30214
0.287855
0.308464
0.3155
0.298721
0.306536
0.341289
0.375059
0.339332
0.362465
0.325626
0.33451
0.362813
0.315784
0.375811
0.325025
0.350085
0.350703
0.3595
0.36597
0.353211
0.348281
0.339895
0.357484
0.323744
0.321798
0.397883
0.372159
0.346099
0.337964
0.33659
0.343564
0.370131
0.358385
0.365604
0.355597
0.370301
0.35998
0.352839
0.355102
0.342349
0.363343
0.332206
0.361059
0.342013
0.354002
0.339244
0.36814
0.350365
0.336322
0.377804
0.337541
0.36585
0.373346
0.338068
0.367913
0.343315
0.359121
0.360885
0.339412
0.341465
0.337608
0.370569
0.375312
0.346768
0.372721
0.369067
0.382445
0.399431
0.360336
0.393898
0.410636
0.378931
0.409566
0.42264
0.371192
0.392251
0.369064
0.376508
0.378451
0.379848
0.374896
0.358437
0.387235
0.378926
0.376408
0.399585
0.384653
0.39789
0.395389
0.388571
0.407988
0.419223
0.422692
0.404575
0.428319
0.381134
0.403513
0.424724
0.409708
0.399899
0.42954
0.416419
0.439368
0.449782
0.437165
0.449322
0.427117
0.434364
0.447832
0.425302
0.407065
0.388761
0.39252
0.411732
0.402518
0.392062
0.40808
0.400164
0.432137
0.398669
0.401572
0.393153
0.425879
0.384678
0.402185
0.400679
0.392876
0.359317
0.373634
0.359147
0.398824
0.370278
0.37543
0.388421
0.400987
0.393
0.378888
0.388709
0.376753
0.373917
0.416411
0.400041
0.367384
0.387213
0.388535
0.421401
0.391616
0.420761
0.436064
0.434654
0.410728
0.449958
0.427713
0.385731
0.424234
0.422172
0.414053
0.399928
0.406112
0.397784
0.404515
0.399754
0.397569
0.383327
0.399406
0.380628
0.416453
0.381994
0.416513
0.375908
0.395501
0.401143
0.376963
0.371961
0.36499
0.345824
0.361061
0.345284
0.377852
0.371314
0.395739
0.347414
0.361177
0.36505
0.341077
0.385457
0.362863
0.372288
0.36976
0.384465
0.36405
0.370172
0.350037
0.366364
0.38567
0.385318
0.393695
0.379256
0.365867
0.392208
0.397179
0.361814
0.399136
0.408933
0.388815
0.414098
0.407871
0.422424
0.448705
0.4511
0.417598
0.425749
0.423124
0.410001
0.439283
0.417639
0.41409
0.410823
0.373156
0.369403
0.388443
0.369694
0.349046
0.346018
0.344327
0.345157
0.335302
0.332306
0.326671
0.315729
0.315374
0.286629
0.315448
0.290128
0.301025
0.292856
0.316542
0.289461
0.28797
0.263381
0.305971
0.280377
0.306196
0.309711
0.311237
0.294736
0.308856
0.311261
0.32451
0.294636
0.311755
0.295512
0.287579
0.310548
0.303694
0.305993
0.310689
0.28973
0.273198
0.287828
0.285128
0.270164
0.260346
0.271943
0.240616
0.292683
0.250749
0.270737
0.259904
0.200145
0.262727
0.267464
0.255616
0.237156
0.213412
0.223579
0.199413
0.206629
0.187984
0.201329
0.177292
0.200437
0.190285
0.133777
0.214867
0.125177
0.0841659
0.0377782
0.030126
0.0287527
-0.0219937
0.00980528
0.0115698
0.00133992
-0.0204666
0.00356193
0.0052259
0.00228969
-0.00886109
-0.0123542
0.0108064
0.00397691
0.00137735
-0.0187951
-0.011648
9.85125e-05
-0.0234906
0.0327158
0.00975613
0.00627206
-0.00362945
-0.000754937
-0.00323162
-0.00282588
-0.00860175
0.00110628
-0.00937173
-0.00705694
-0.0273788
-0.00436731
-0.00365384
-0.00396602
-0.00130651
-0.0080486
-0.00986018
-0.00135012
0.00102179
-0.00590593
-0.00938886
0.0161671
0.00472148
-0.0159975
-0.00517015
-0.00640836
-0.0187941
0.0163143
-0.000453797
0.00129258
-0.0073261
-0.00735644
0.020191
-0.00802127
-0.0182878
-0.0220391
0.00576255
-0.0169554
0.00794773
0.00535811
-0.00967239
0.00532464
0.0185458
0.0017338
-0.00635422
-0.000948772
-0.0133795
0.00894024
0.00948152
0.00825355
-0.00383373
-0.0130599
-0.00277761
-0.0104294
-0.00346624
-0.0268539
-0.00279113
-0.0112939
-0.000794436
0.00892677
-0.00911511
-0.0292627
-0.0109258
0.000946261
0.00903595
0.00308498
0.00952522
9.44268e-05
-0.0153124
0.000565017
-0.00126025
-0.00185815
0.0104476
-0.00609033
-0.0130145
0.00349703
-0.00730283
0.000558284
-0.0157907
-0.006796
-0.000696287
-0.00610392
-0.000240189
-0.0124864
0.00577421
-0.0112075
0.00285656
-0.00612273
-0.0111212
0.0110274
-0.0106848
-0.0166249
-0.0075408
0.00436689
0.00300522
-0.00849142
0.0098052
0.00173693
0.00790003
0.00393683
-0.00163988
0.009474
-0.00475896
-0.00540592
-0.00990677
-0.000276387
0.00793929
-0.000487964
0.0064889
-0.0181112
-0.00932483
-0.0360174
-0.00430359
-0.00425964
-0.0082995
-0.0151948
0.0052485
0.00184724
-0.0059711
-0.00267405
0.00330447
0.011337
0.0145713
0.00792711
-0.0233306
-0.0147907
-0.00331259
-0.000307871
0.00870166
-0.00916617
-0.0191408
-0.0133373
-0.00265252
-0.00640456
0.00041341
-0.00215659
-0.0190649
-0.0171931
-0.00335377
0.00180838
0.00575276
0.00132816
0.00424302
0.0143353
-0.0184031
-0.0198656
-0.00669553
-0.0103686
0.0129126
-0.0162908
-0.004587
-0.00188034
-0.00380706
-0.0314071
-0.0339593
-0.0359797
-0.0274941
-0.0294888
-0.0236381
-0.0253977
-0.0143954
-0.00377416
0.00940071
-0.000806555
-0.00242946
0.00992818
0.0114765
0.00843545
-0.00355448
-0.00524257
0.00628397
-0.0172963
0.00332686
0.0106756
0.0206533
-0.0141512
-0.00996159
0.0280221
0.0202941
-0.0102991
0.00556711
-0.0161572
-0.00562639
0.0025805
-0.00417097
-0.0164283
0.000951579
0.00483907
0.0172717
-0.00366766
-0.00231491
0.023368
-0.00942406
0.013051
-0.00298541
-0.0192279
-0.00342453
0.00265843
-0.00211301
-0.00568801
-0.0217892
-0.000714468
0.00776012
-0.00819624
0.0015154
0.0054044
0.00991226
0.000238486
0.013194
0.00223194
0.00833762
-0.00598219
0.00185643
0.00232305
-0.00634682
0.0173042
0.0169084
0.00230118
-0.00461691
0.00741938
-0.00720446
0.018387
0.00186952
-0.0115985
-0.0135241
-5.42603e-05
-0.00392122
-0.0162143
-0.00301288
0.00388916
0.026841
-0.00607887
0.00867399
0.0146866
0.00365858
0.0278663
0.0323788
0.0338347
0.0211161
0.0199255
0.0214158
0.0203581
0.0282399
0.0362411
0.0271282
0.0219106
0.0204757
0.0351876
0.0359224
0.0119966
0.0201549
0.0196377
0.0186042
0.0250553
0.0162525
0.0169381
0.0462342
0.0269623
0.031651
0.0345319
0.030934
0.0490001
0.0416182
0.076247
0.0930384
0.0908726
0.0486754
0.057998
0.055816
0.032843
0.0363677
0.0288921
0.0197899
0.0305155
0.0441921
0.0815099
0.0952289
0.0872999
0.119265
0.0823792
0.0873717
0.118101
0.102547
0.0638688
0.0714723
0.0830959
0.0557538
0.0688351
0.0416155
0.00348539
0.00473917
-0.00520756
-0.00652467
0.00462112
-0.00211471
-0.00412599
0.0128101
0.0304335
-0.0028533
0.00316223
-0.0227851
-0.00850124
0.00754383
0.00456553
0.00101681
0.014308
0.017483
0.0279619
0.0180573
0.00414059
-0.00634489
-0.0177923
-0.0462835
-0.0483836
-0.064565
-0.0583072
-0.0623833
-0.0552252
-0.0922054
-0.0826766
-0.173488
-0.157289
-0.180216
-0.204943
-0.219968
-0.202067
-0.220317
-0.193888
-0.176968
-0.170759
-0.180496
-0.130415
-0.152886
-0.167337
-0.0552396
-0.0163222
-0.0279163
-0.0383582
0.0048315
-0.0112747
0.0115413
0.0150864
-0.00133291
0.00930715
0.00222137
0.00661334
-0.00603109
-0.00146435
-0.0171436
-0.0854873
-0.0116815
-0.0841389
-0.0419278
-0.0435219
-0.0021108
0.00157282
-0.0129189
-0.0149321
-0.0162226
0.00315997
-0.0106129
-0.0051
-0.0094062
0.0106249
-0.00441532
0.0184013
-0.00628218
0.00487655
-0.00342974
-0.00207521
-0.00952073
0.00487927
0.00940715
0.00536226
-0.0167023
0.00245781
0.000768796
0.00381071
-0.0165916
0.0107044
-0.00289849
0.013075
0.00361922
0.0145361
-0.00837059
0.0124722
0.00130139
-0.000627835
0.0112414
0.00482206
0.0148533
0.00495632
-0.00195396
0.000850089
0.0347781
-0.0180711
-0.0146824
-0.0184783
0.0169986
0.00172178
-0.0107627
-0.0128815
-0.0192889
-0.00791318
0.0274587
0.00771186
-0.00338707
0.00844868
0.00472094
0.0116377
0.0112699
-0.000988892
-0.00122494
0.00844443
0.0344798
-0.00546073
0.0135356
-0.000534949
-0.0138614
-0.00519757
0.00746119
0.00454138
-0.00713952
0.0105718
0.0167895
-0.0143756
0.00405505
0.00567386
0.0160546
0.00695453
0.0437505
-0.000791173
0.0197872
0.0279168
0.0490296
0.0545768
0.0518498
0.0727102
0.0739305
0.0768249
0.0982602
0.125899
0.161278
0.166001
0.168502
0.204577
0.188018
0.190499
0.171616
0.189264
0.17261
0.170986
0.175349
0.145438
0.145844
0.17107
0.115248
0.134556
0.145146
0.123975
0.131669
0.117555
0.118253
0.119383
0.0779384
0.0781199
0.0960162
0.101206
0.121832
0.13808
0.142352
0.147586
0.169964
0.170013
0.167583
0.136752
0.187809
0.178173
0.183266
0.180082
0.178023
0.217447
0.227403
0.259535
0.23957
0.271117
0.302237
0.30111
0.32144
0.345403
0.3288
0.35076
0.356909
0.382294
0.327752
0.311539
0.312918
0.347236
0.313485
0.345147
0.331414
0.327846
0.353548
0.331412
0.339827
0.328688
0.352366
0.292046
0.325507
0.284062
0.337085
0.296167
0.34703
0.350091
0.333655
0.345682
0.336244
0.372295
0.345682
0.33937
0.334608
0.334033
0.36695
0.3088
0.320753
0.313755
0.315027
0.308115
0.342216
0.307272
0.360046
0.355092
0.363327
0.327024
0.37223
0.325284
0.346812
0.353831
0.357814
0.360064
0.332531
0.366119
0.375447
0.403527
0.382548
0.374082
0.424106
0.416606
0.370345
0.396866
0.390748
0.400929
0.402217
0.367088
0.408374
0.384828
0.392551
0.40968
0.42983
0.426887
0.444033
0.409336
0.401811
0.423219
0.41962
0.448125
0.444485
0.40613
0.427521
0.435323
0.440498
0.408498
0.415731
0.419648
0.402444
0.424484
0.441468
0.406289
0.426983
0.443721
0.418193
0.422963
0.415269
0.405595
0.456404
0.439303
0.431081
0.424183
0.46174
0.433979
0.399133
0.407405
0.399125
0.416842
0.447065
0.455791
0.415253
0.403074
0.439436
0.437051
0.444548
0.425972
0.425263
0.430761
0.411839
0.425645
0.43477
0.378795
0.425764
0.428644
0.39521
0.401747
0.40027
0.374914
0.411134
0.396176
0.382452
0.392743
0.378044
0.382488
0.358065
0.328483
0.304058
0.257224
0.233012
0.202693
0.178147
0.204498
0.156092
0.152013
0.152026
0.158448
0.129134
0.139803
0.121993
0.101881
0.125245
0.0865011
0.0766905
0.0658721
0.0320748
-0.00145175
-0.0394525
-0.0511934
-0.0325035
-0.00251161
-0.0435171
-0.0105702
-0.0349001
-0.0566498
-0.0833668
-0.0806938
-0.128009
-0.143354
-0.15054
-0.18137
-0.178564
-0.178085
-0.161108
-0.189707
-0.192377
-0.197271
-0.234703
-0.233854
-0.219949
-0.211436
-0.202076
-0.171687
-0.18971
-0.169724
-0.157358
-0.167591
-0.18567
-0.163786
-0.130892
-0.140768
-0.161998
-0.156173
-0.153184
-0.171483
-0.182321
-0.217287
-0.217552
-0.218283
-0.237567
-0.229437
-0.233408
-0.224651
-0.215503
-0.225281
-0.217908
-0.18767
-0.233384
-0.242656
-0.264959
-0.307479
-0.26835
-0.307368
-0.285288
-0.330922
-0.298905
-0.296978
-0.276172
-0.302806
-0.301347
-0.327631
-0.327014
-0.361212
-0.383196
-0.414108
-0.409107
-0.393612
-0.432153
-0.400874
-0.394348
-0.431326
-0.421504
-0.509696
-0.493537
-0.511582
-0.540878
-0.536525
-0.537951
-0.601418
-0.586017
-0.557829
-0.581349
-0.576644
-0.571973
-0.602864
-0.576581
-0.572238
-0.606983
-0.61
-0.597384
-0.587107
-0.642483
-0.6168
-0.666552
-0.663608
-0.654822
-0.680072
-0.619581
-0.632616
-0.663879
-0.620195
-0.644537
-0.655068
-0.60825
-0.620932
-0.638002
-0.600145
-0.591584
-0.587729
-0.540483
-0.541835
-0.494586
-0.5068
-0.516378
-0.555178
-0.531572
-0.570536
-0.542516
-0.541615
-0.561349
-0.53019
-0.548587
-0.540594
-0.562895
-0.605363
-0.606413
-0.638232
-0.634147
-0.6571
-0.63187
-0.643243
-0.658018
-0.628199
-0.655086
-0.686419
-0.69434
-0.6961
-0.713916
-0.686857
-0.663102
-0.713127
-0.691506
-0.707267
-0.736344
-0.687366
-0.703404
-0.731972
-0.738833
-0.712485
-0.718531
-0.744786
-0.732877
-0.734225
-0.69175
-0.714756
-0.717452
-0.718555
-0.727202
-0.691399
-0.687302
-0.714294
-0.725007
-0.740895
-0.691976
-0.706875
-0.698169
-0.712792
-0.752107
-0.726404
-0.775789
-0.731971
-0.707671
-0.752564
-0.713366
-0.734869
-0.752111
-0.690294
-0.66816
-0.600244
-0.579122
-0.501611
-0.426378
-0.447347
-0.392456
-0.334808
-0.337768
-0.286792
-0.263707
-0.234702
-0.181403
-0.145385
-0.0688935
-0.0497056
-0.00643866
-0.00260486
-0.0083137
0.00380018
0.00695532
0.00604281
0.0103401
-0.0215315
-0.00526046
0.0131014
0.0291265
0.0179717
0.00182859
0.00777002
0.0021398
0.0136253
0.0218434
0.0258804
0.0169239
0.0436051
0.0618268
0.0692618
0.0918528
0.135423
0.124173
0.154723
0.144349
0.170685
0.138357
0.129327
0.108755
0.118399
0.101515
0.130708
0.144055
0.166572
0.148335
0.152094
0.127816
0.13724
0.114367
0.0911967
0.109921
0.0808984
0.0866079
0.0887279
0.0511167
0.056905
0.0266638
-0.029349
-0.0255959
-0.0337695
-0.0435351
-0.0136209
-0.0297391
-0.0124546
0.0175945
-0.00997795
-0.0102262
0.00469217
-0.00801362
-0.00158072
-0.00686902
0.00300046
0.0104089
0.0357324
-0.00824022
-0.0955721
-0.184018
-0.303269
-0.283408
-0.242044
-0.218451
-0.192075
-0.128353
-0.137538
-0.153169
-0.150248
-0.168809
-0.266012
-0.313534
-0.38624
-0.398793
-0.439531
-0.542832
-0.55589
-0.585947
-0.637327
-0.692832
-0.693117
-0.772428
-0.764896
-0.750747
-0.676025
-0.602687
-0.537775
-0.442957
-0.469923
-0.443375
-0.388272
-0.35534
-0.297513
-0.269618
-0.240648
-0.272189
-0.299953
-0.360159
-0.409231
-0.452165
-0.470752
-0.455046
-0.49533
-0.489689
-0.585232
-0.61167
-0.66581
-0.720523
-0.671172
-0.650073
-0.584014
-0.540317
-0.484983
-0.413297
-0.371414
-0.404485
-0.428747
-0.383602
-0.385011
-0.378317
-0.362169
-0.346928
-0.322487
-0.336489
-0.323124
-0.32635
-0.373197
-0.367097
-0.393251
-0.360308
-0.364087
-0.366839
-0.324853
-0.307833
-0.321959
-0.30274
-0.310713
-0.306374
-0.303353
-0.305288
-0.29097
-0.218099
-0.180639
-0.163402
-0.132336
-0.151967
-0.145899
-0.125596
-0.125078
-0.127816
-0.151949
-0.170133
-0.192496
-0.232377
-0.252917
-0.294297
-0.298797
-0.38595
-0.356323
-0.391842
-0.394154
-0.365021
-0.384545
-0.387013
-0.3849
-0.424605
-0.448032
-0.471168
-0.507797
-0.491385
-0.474456
-0.443578
-0.410232
-0.393092
-0.378096
-0.372628
-0.355788
-0.348465
-0.361525
-0.291267
-0.230586
-0.157563
-0.0741584
-0.0368779
-0.101274
-0.160298
-0.226467
-0.278675
-0.29917
-0.367878
-0.413826
-0.367793
-0.365545
-0.340749
-0.294813
-0.230624
-0.22145
-0.106581
-0.0337644
-0.0440972
-0.0836682
-0.0642644
-0.0176168
-0.0084387
-0.00601521
-0.00339693
0.00172141
0.00699798
0.0182589
0.0338631
0.0483849
0.0415974
0.0389597
0.0364726
0.0333781
0.0340878
0.000857302
0.0126206
0.0138886
0.0141041
0.0294496
0.03357
0.0580508
0.0641472
0.09088
0.0645292
0.0297446
0.0496342
0.0508594
0.0217664
0.0463479
0.0162526
0.0238701
0.0265982
0.00891435
0.0274418
0.0443047
0.0626519
0.0786384
0.0852867
0.100311
0.0649823
0.0718748
0.0565483
0.025178
0.0147013
-0.012096
0.0493292
0.042004
0.0766584
0.0918681
0.0957614
0.113034
0.125598
0.12352
0.139748
0.127417
0.135841
0.112254
0.0995248
0.0837281
0.0846326
0.0994745
0.107302
0.106712
0.0863943
0.0803138
0.0615146
0.0326442
-0.053132
-0.150041
-0.100128
-0.0741803
-0.0199206
0.00838124
0.0125569
0.0115437
0.00995972
-0.0256626
-0.037872
-0.0293725
-0.0447278
-0.0128743
0.0112086
0.00107931
-0.00165619
-0.00983186
-0.0119787
-0.0288641
-0.0500206
-0.0606164
-0.040828
-0.0201198
-0.0614242
-0.0857768
-0.077625
-0.0944334
-0.0712178
-0.067627
-0.0809833
-0.0628452
-0.0536797
-0.0578254
-0.074931
-0.0701363
-0.0654613
-0.0658768
-0.0498566
-0.091772
-0.0800862
-0.0872358
-0.102237
-0.0636221
-0.0979533
-0.0876273
-0.0664306
-0.0879819
-0.0897331
-0.0916095
-0.102904
-0.0914619
-0.113244
-0.100596
-0.138567
-0.152504
-0.154034
-0.136413
-0.143382
-0.136647
-0.0934579
-0.0958672
-0.0992453
-0.121412
-0.115761
-0.111567
-0.110741
-0.0957022
-0.139174
-0.118297
-0.0645274
-0.116233
-0.110091
-0.126355
-0.118084
-0.0966936
-0.099783
-0.102304
-0.0469732
-0.0311798
-0.0450976
-0.0423871
-0.0759522
-0.113165
-0.0661582
-0.078987
-0.046263
-0.0601439
-0.0724183
-0.0188922
-0.109255
-0.0499878
-0.100677
-0.109909
-0.109222
-0.127518
-0.1347
-0.144429
-0.113111
-0.104901
-0.130272
-0.0939165
-0.132836
-0.0759282
-0.0854548
-0.0835314
-0.0736322
-0.10581
-0.0843281
-0.0853745
-0.0809818
-0.105743
-0.111633
-0.103427
-0.0928428
-0.117244
-0.124737
-0.14847
-0.150817
-0.101714
-0.0996216
-0.116399
-0.116754
-0.141244
-0.142747
-0.154262
-0.159088
-0.169802
-0.162176
-0.172109
-0.177937
-0.131751
-0.165245
-0.125399
-0.13138
-0.161176
-0.112657
-0.142982
-0.157953
-0.173969
-0.154964
-0.194486
-0.151036
-0.154403
-0.155288
-0.120504
-0.11154
-0.0743058
-0.0490729
-0.0495109
-0.0251422
-0.0316677
-0.0400341
-0.0259902
-0.0697981
-0.0476548
-0.0522329
-0.0716115
-0.115798
-0.126326
-0.131329
-0.163696
-0.194718
-0.178921
-0.186137
-0.202979
-0.166986
-0.186351
-0.200315
-0.177317
-0.166403
-0.138506
-0.112574
-0.100228
-0.0338838
0.00403679
0.0202226
0.0220375
0.00459741
-0.0131359
0.0096392
0.0269194
3.51565e-05
0.0108985
-0.0152649
-0.00886341
-0.00409654
-0.0775074
-0.109529
-0.0387311
-0.102705
-0.121973
-0.0881522
-0.0975216
-0.134047
-0.140129
-0.0603856
-0.109382
-0.048405
-0.0495057
0.00339857
0.00926501
0.00168478
0.0852738
0.0294778
0.0324667
0.0255576
0.0245426
0.0326831
0.020086
0.0117098
0.0032594
0.000177249
-0.00310478
-0.0136472
-0.00907562
-0.0267255
-0.0401786
-0.0301399
-0.0515298
-0.0598879
-0.0520729
-0.0296089
-0.0408425
-0.0510383
-0.060857
-0.109936
-0.0850294
-0.0941666
-0.077809
-0.0919804
-0.0959768
-0.0754539
-0.0864821
-0.111103
-0.13024
-0.152082
-0.158171
-0.170175
-0.188337
-0.233573
-0.213751
-0.212401
-0.192941
-0.215155
-0.207389
-0.219467
-0.199271
-0.227743
-0.207587
-0.21524
-0.227815
-0.207648
-0.176027
-0.180874
-0.219272
-0.231108
-0.24833
-0.30095
-0.291847
-0.319735
-0.325373
-0.361751
-0.363843
-0.36354
-0.405778
-0.388717
-0.436051
-0.416593
-0.397626
-0.398589
-0.376596
-0.361058
-0.375148
-0.397081
-0.404143
-0.402872
-0.409998
-0.373584
-0.355458
-0.342017
-0.296243
-0.340862
-0.323259
-0.356473
-0.342772
-0.366275
-0.322458
-0.311996
-0.311389
-0.296106
-0.305763
-0.342422
-0.357244
-0.340667
-0.367586
-0.33843
-0.347516
-0.309703
-0.344485
-0.334088
-0.349418
-0.357999
-0.330875
-0.312496
-0.34391
-0.303306
-0.314195
-0.281819
-0.255718
-0.242768
-0.241141
-0.227889
-0.215969
-0.204411
-0.205746
-0.203202
-0.164913
-0.174658
-0.193812
-0.209095
-0.207098
-0.203327
-0.216053
-0.216318
-0.254374
-0.22299
-0.276603
-0.248834
-0.237191
-0.255635
-0.24725
-0.274029
-0.27162
-0.342369
-0.342085
-0.34425
-0.377032
-0.343144
-0.340415
-0.308684
-0.300432
-0.298329
-0.283869
-0.296932
-0.287291
-0.307195
-0.300586
-0.241492
-0.219243
-0.239418
-0.175888
-0.17283
-0.170848
-0.129564
-0.140718
-0.130793
-0.117595
-0.08673
-0.051049
-0.0698642
-0.0338593
-0.0171898
-0.0164449
-0.030042
-0.0623951
-0.0659488
-0.0601279
-0.056671
-0.0439214
-0.075522
-0.0484334
-0.0350495
-0.0528601
-0.0767776
-0.064881
-0.0629922
-0.0883146
-0.101925
-0.112492
-0.114387
-0.12395
-0.150668
-0.144954
-0.146837
-0.143178
-0.132375
-0.0808658
-0.086792
-0.0759797
-0.0896334
-0.0804785
-0.134008
-0.110433
-0.115434
-0.103616
-0.110274
-0.109539
-0.0597605
-0.0259025
-0.0260609
-0.0154945
-0.012456
-0.0263086
0.00152112
0.00460009
0.00716805
0.00749375
0.0218413
0.0129218
0.0101167
0.025017
0.0263405
0.0255177
0.00195654
0.0176789
0.0024914
0.0120219
0.0111431
-0.0177006
0.00228008
0.00581072
0.00312966
-0.0128124
-0.012558
-0.00871534
0.00960696
-0.00135047
-0.00528704
0.0141758
0.0417024
-3.17576e-05
0.00908804
-0.00300289
0.0146271
0.0033959
0.000971474
-0.00158615
0.0249448
0.0293805
0.0203271
0.0272728
0.030752
0.0251263
0.0366113
0.0461526
0.0574355
0.0901677
0.0970538
0.0825712
0.0565533
0.0636657
0.0370553
0.0263283
0.007537
0.0237756
0.0434541
0.0498434
0.0692707
0.0889945
0.0671263
0.0717372
0.0804647
0.0892184
0.119573
0.158996
0.1903
0.196681
0.241992
0.231538
0.253628
0.275089
0.267964
0.282167
0.268064
0.305929
0.266992
0.287743
0.266664
0.285742
0.283603
0.28222
0.28894
0.251468
0.253799
0.249655
0.216083
0.245826
0.219207
0.236951
0.173594
0.181704
0.198071
0.22222
0.210656
0.234619
0.284521
0.294586
0.320907
0.317403
0.346561
0.387781
0.375397
0.364613
0.138558
0.090311
0.150298
-0.00366678
0.0252866
-0.012754
0.0180732
-0.00439328
-0.00377143
-0.00827802
-0.00203786
-0.00172845
0.00309412
-0.00379201
-0.00439953
-0.0145685
-0.0112941
-0.0173357
0.00621892
-0.0220085
-0.00417858
0.0100102
-0.00178309
-0.00387721
-0.0289242
-0.0134089
-0.00771205
0.00175855
-0.0137904
0.0131477
-0.00344729
-0.00409021
-0.0139041
-0.00824956
0.00574863
-0.00867923
-0.00806695
0.00283185
-0.0340788
-0.00103831
-0.0130482
-0.00838893
0.00745428
-0.00343749
-0.00935587
0.000167812
0.00430569
0.0122166
0.00748148
0.0205734
0.0101186
0.00239549
-0.00896942
0.000471084
0.0151417
-0.0122936
-0.0137255
-0.0169998
0.00837196
0.00764424
-0.00396587
0.0290409
-0.0186027
-0.00364776
-0.0129223
0.00751778
0.00306618
-0.000583048
-0.00446945
-0.00786626
-0.00250136
-0.00558379
-0.00848235
-0.0121147
-0.00799896
0.0056279
-0.00570551
-0.0135554
-0.0155671
0.00628806
0.00313843
0.00576982
0.00542683
-0.00128978
-0.0128575
-0.0239034
-0.0116239
0.00752671
0.000552862
0.0140445
-0.00257935
-0.0124463
-0.00565124
-0.00539228
0.0126481
-0.00457952
0.00760765
0.00148483
0.00247731
0.0143752
-0.00817521
-0.0150482
-0.00501214
-0.0126003
0.029452
-0.0079727
-0.00932786
0.00352017
-0.00405584
0.00350076
0.00647544
-0.00310706
0.00538447
-0.00920457
0.0090521
0.00325016
0.0110625
0.0201897
0.0117243
0.018476
0.00700851
-0.00110542
0.00133907
-0.00343392
0.00574705
0.00646229
-0.00232681
-0.00851956
0.00871665
-0.00975871
0.000373477
-0.00581948
-0.00070116
-0.00868317
-0.0026694
0.0115964
-0.0074373
0.00194631
0.00999247
-0.0060384
0.000887495
-0.00685454
-0.00389149
0.0210822
0.0124029
-0.000444145
0.0119682
0.0061366
0.0265441
-0.00582103
0.000118605
-0.00431325
0.0244081
0.003545
-0.00171616
-0.0310909
0.00993818
0.0138787
-0.000381527
-0.000807437
-0.000362653
0.00662173
-0.0145803
0.00364646
0.00446248
0.0138319
0.012061
-0.00487213
0.00447404
-0.00718786
-0.00622516
-0.0103045
0.0179468
-0.00595513
