-0.600601
-0.600572
-0.60055
-0.6006
-0.600601
-0.600573
-0.600572
-0.600614
-0.60062
-0.60061
-0.600585
-0.600568
-0.600593
-0.600611
-0.600614
-0.600587
-0.600584
-0.600646
-0.600599
-0.600608
-0.600566
-0.60063
-0.600569
-0.600589
-0.600618
-0.600531
-0.600586
-0.600584
-0.600578
-0.60058
-0.600544
-0.600568
-0.60056
-0.60054
-0.600528
-0.600581
-0.600538
-0.600589
-0.600567
-0.600571
-0.600576
-0.600653
-0.600574
-0.600661
-0.600706
-0.600619
-0.600617
-0.600642
-0.600602
-0.600614
-0.600583
-0.600619
-0.600628
-0.600578
-0.600627
-0.600624
-0.600631
-0.600596
-0.600613
-0.600595
-0.600606
-0.600585
-0.600537
-0.600556
-0.600564
-0.600569
-0.600611
-0.600609
-0.600651
-0.600726
-0.600727
-0.600663
-0.600671
-0.600724
-0.600716
-0.600724
-0.600699
-0.600682
-0.600683
-0.600695
-0.600669
-0.60059
-0.60065
-0.600622
-0.600578
-0.600576
-0.600649
-0.600677
-0.600694
-0.60072
-0.600618
-0.600608
-0.600586
-0.600517
-0.600347
-0.600271
-0.599919
-0.599306
-0.59883
-0.598628
-0.598546
-0.598395
-0.59822
-0.597942
-0.597555
-0.59715
-0.596742
-0.596085
-0.595047
-0.593898
-0.592875
-0.590929
-0.589571
-0.587983
-0.586463
-0.585139
-0.583548
-0.581921
-0.580356
-0.5788
-0.577267
-0.575625
-0.574284
-0.57261
-0.57089
-0.569194
-0.567556
-0.565873
-0.563969
-0.562326
-0.560746
-0.559278
-0.558266
-0.557298
-0.556152
-0.554472
-0.552587
-0.550882
-0.549662
-0.548586
-0.546895
-0.544725
-0.542641
-0.540951
-0.538952
-0.536575
-0.534038
-0.531385
-0.528622
-0.525684
-0.522401
-0.519446
-0.516493
-0.511134
-0.508294
-0.505528
-0.50265
-0.500019
-0.497603
-0.495293
-0.492867
-0.490601
-0.488652
-0.486308
-0.483515
-0.48106
-0.47869
-0.475883
-0.47304
-0.470072
-0.467018
-0.463797
-0.46074
-0.457511
-0.454312
-0.45108
-0.448221
-0.445012
-0.442115
-0.439073
-0.436211
-0.433291
-0.430875
-0.428505
-0.425907
-0.423376
-0.421217
-0.418728
-0.41579
-0.413318
-0.410351
-0.407433
-0.404345
-0.401353
-0.398241
-0.395176
-0.391693
-0.388715
-0.385416
-0.37933
-0.376106
-0.372948
-0.370286
-0.367173
-0.36447
-0.36188
-0.358858
-0.355592
-0.35264
-0.349205
-0.345819
-0.341989
-0.338328
-0.334356
-0.330576
-0.326816
-0.323047
-0.319252
-0.315549
-0.312043
-0.308413
-0.305259
-0.3022
-0.298781
-0.295883
-0.292725
-0.289298
-0.286052
-0.282471
-0.27883
-0.275149
-0.271645
-0.26785
-0.264608
-0.261009
-0.257216
-0.253789
-0.247558
-0.244692
-0.241749
-0.238989
-0.236278
-0.233125
-0.230113
-0.227041
-0.223691
-0.220257
-0.216767
-0.213113
-0.209655
-0.206259
-0.202773
-0.199358
-0.19587
-0.192398
-0.188845
-0.18558
-0.182175
-0.17952
-0.176264
-0.172961
-0.169969
-0.166474
-0.163082
-0.159386
-0.155548
-0.151444
-0.147452
-0.143391
-0.139127
-0.134486
-0.130368
-0.122232
-0.118527
-0.114674
-0.110947
-0.107069
-0.103157
-0.0992501
-0.0952415
-0.0908547
-0.0864955
-0.0822228
-0.0780348
-0.0738769
-0.0699925
-0.0661972
-0.0624309
-0.0587928
-0.0556299
-0.0522601
-0.0488187
-0.0455623
-0.0417948
-0.0382242
-0.0343
-0.0303236
-0.0264215
-0.0226479
-0.018746
-0.0150505
-0.0111929
-0.00746882
-0.00361174
-7.15256e-07
0.0033794
0.0074333
0.0138208
0.0172821
0.020949
0.0249618
0.0288073
0.0329341
0.0370788
0.0412239
0.0452459
0.0495306
0.0536636
0.0578017
0.0618173
0.0654831
0.0688621
0.0726978
0.0760954
0.0800505
0.0836232
0.0876715
0.0917314
0.0957392
0.0996872
0.103724
0.10759
0.111613
0.115421
0.119234
0.122881
0.126285
0.12992
0.133072
0.136771
0.140584
0.14387
0.151855
0.155967
0.160175
0.164361
0.168298
0.172362
0.176427
0.180306
0.184078
0.187816
0.191103
0.194811
0.198223
0.201871
0.205359
0.209172
0.212928
0.216693
0.220419
0.223997
0.227719
0.2311
0.234655
0.238019
0.241433
0.244495
0.247327
0.250506
0.25356
0.256284
0.259578
0.262453
0.265721
0.269059
0.275545
0.278643
0.281859
0.284853
0.288054
0.290867
0.293895
0.296648
0.299625
0.302094
0.304473
0.307161
0.309357
0.311189
0.313374
0.315858
0.317935
0.319728
0.321983
0.324345
0.326562
0.328839
0.331287
0.333737
0.336263
0.338777
0.341174
0.343628
0.346102
0.348592
0.351117
0.353631
0.356
0.358462
0.3609
0.36332
0.36572
0.367756
0.369668
0.371863
0.37462
0.378501
0.381028
0.383749
0.386149
0.388802
0.391754
0.39486
0.397717
0.400846
0.403737
0.406807
0.409838
0.412938
0.415969
0.419154
0.422224
0.425383
0.428524
0.431565
0.434712
0.437517
0.440363
0.443683
0.446728
0.449866
0.453292
0.456803
0.46047
0.463775
0.46736
0.46996
0.471396
0.472854
0.473659
0.474433
0.474948
0.475479
0.475745
0.475919
0.475962
0.475949
0.475913
0.475812
0.475837
0.47607
0.476468
0.476786
0.476908
0.477123
0.47729
0.477591
0.477927
0.478161
0.478539
0.478954
0.479555
0.48019
0.48099
0.481797
0.482578
0.483098
0.483456
0.483869
0.484312
0.484811
0.485234
0.485394
0.485532
0.485627
0.485799
0.485932
0.486147
0.486442
0.48667
0.486934
0.487284
0.487753
0.488183
0.48863
0.488833
0.489001
0.489008
0.489304
0.489389
0.489443
0.489516
0.489453
0.48953
0.489508
0.489487
0.489432
0.48948
0.489499
0.489519
0.48953
0.489556
0.489499
0.489559
0.489479
0.489453
0.489519
0.489534
0.489524
0.489538
0.489532
0.489601
0.489683
0.49089
0.492306
0.49402
0.49559
0.496779
0.497712
0.49791
0.497911
0.497924
0.497934
0.49787
0.497946
0.49794
0.497944
0.497894
0.497909
0.49791
0.497966
0.497914
0.497963
0.497881
0.497934
0.497964
0.497896
0.497897
0.497989
0.498012
0.498397
0.498643
0.498777
0.498792
0.498737
0.498658
0.498683
0.498635
0.498679
0.498714
0.498653
0.498683
0.498662
0.498624
0.49867
0.498689
0.498624
0.49869
0.498666
0.498702
0.49874
0.498673
0.498707
0.498675
0.498661
0.498725
0.498659
0.498696
0.498661
0.498658
0.498682
0.498654
0.498642
0.498685
0.498648
0.498562
0.498585
0.498583
0.498519
0.498368
0.498385
0.4983
0.498229
0.498129
0.497971
0.497929
0.497783
0.497744
0.497629
0.497636
0.497567
0.497535
0.497546
0.497563
0.497555
0.497632
0.49766
0.49778
0.497821
0.497906
0.497963
0.498113
0.498111
0.498047
0.498043
0.498073
0.498079
0.498032
0.498053
0.497969
0.497984
0.497852
0.49767
0.497696
0.497565
0.497551
0.497382
0.497283
0.497279
0.497149
0.497179
0.497161
0.497192
0.497219
0.497215
0.497272
0.497426
0.497451
0.49744
0.497524
0.497483
0.497538
0.497517
0.49749
0.497536
0.497509
0.49748
0.497468
0.497526
0.497538
0.497501
0.497473
0.49753
0.497515
0.497541
0.497484
0.497525
0.497492
0.497472
0.497483
0.497507
0.497485
0.497538
0.497551
0.49752
0.497524
0.497527
0.497589
0.49756
0.497548
0.497625
0.497569
0.497592
0.497614
0.49767
0.49764
0.497639
0.497721
0.497786
0.497783
0.497777
0.497871
0.497935
0.498044
0.498079
0.498189
0.498126
0.498204
0.498148
0.498176
0.498224
0.498287
0.498319
0.498344
0.498397
0.49844
0.498478
0.498555
0.498605
0.498597
0.498682
0.498666
0.498677
0.49865
0.498681
0.498659
0.498552
0.498496
0.498403
0.498302
0.498334
0.498266
0.498232
0.498085
0.498204
0.498205
0.498134
0.498166
0.498149
0.498123
0.498153
0.498157
0.498141
0.498128
0.498035
0.49806
0.497936
0.49789
0.497927
0.497913
0.497824
0.497786
0.497765
0.497672
0.497681
0.497694
0.497627
0.497657
0.49768
0.497656
0.497679
0.497665
0.497691
0.497648
0.497567
0.497509
0.497468
0.497191
0.49707
0.496734
0.496583
0.496548
0.496572
0.49653
0.496604
0.496586
0.496543
0.496547
0.496574
0.496652
0.496581
0.49657
0.496635
0.496644
0.496637
0.496697
0.496653
0.496678
0.496647
0.496655
0.496601
0.496647
0.496676
0.496241
0.496362
0.496348
0.496291
0.496338
0.496343
0.496275
0.496435
0.496485
0.496496
0.496536
0.496564
0.496538
0.496599
0.496593
0.497028
0.497426
0.497487
0.497671
0.498124
0.498154
0.498524
0.498575
0.49866
0.498697
0.498897
0.498944
0.498953
0.499016
0.49911
0.498702
0.499034
0.498891
0.498853
0.498886
0.498879
0.498898
0.498896
0.498889
0.498894
0.498889
0.498897
0.498859
0.498888
0.499021
0.498973
0.498908
0.499141
0.499321
0.499199
0.499199
0.499203
0.499191
0.499196
0.499186
0.499165
0.49914
0.499166
0.499203
0.499257
0.499168
0.499297
0.499186
0.499184
0.499246
0.499225
0.499218
0.499184
0.49916
0.499094
0.499107
0.49905
0.499093
0.499064
0.499102
0.499074
0.49911
0.499101
0.499133
0.499088
0.499123
0.499153
0.499135
0.499171
0.499138
0.499179
0.499276
0.499168
0.499244
0.499265
0.499293
0.499296
0.499325
0.499262
0.499336
0.499332
0.499346
0.499425
0.499382
0.499412
0.499445
0.499441
0.499493
0.499442
0.499456
0.499436
0.499427
0.499486
0.499461
0.499512
0.499529
0.499552
0.499517
0.499549
0.499714
0.499629
0.49972
0.499721
0.499756
0.499735
0.499786
0.499801
0.499842
0.499818
0.499791
0.499816
0.499875
0.499957
0.499849
0.499848
0.49993
0.49981
0.499719
0.499804
0.49971
0.499637
0.499696
0.499657
0.499671
0.499641
0.499617
0.49957
0.499561
0.499551
0.499535
0.499617
0.499573
0.499561
0.499543
0.499492
0.499516
0.499494
0.499463
0.499503
0.499591
0.499682
0.499678
0.499711
0.499713
0.499707
0.499823
0.49994
0.499888
0.500011
0.500047
0.500172
0.500358
0.500569
0.500782
0.500965
0.501118
0.501353
0.501603
0.501808
0.502069
0.502432
0.502913
0.504507
0.506797
0.510397
0.513732
0.517109
0.520688
0.524796
0.529247
0.533672
0.538341
0.543769
0.54889
0.553761
0.563481
0.567402
0.572069
0.575969
0.581072
0.585389
0.590593
0.59562
0.601488
0.606604
0.611163
0.616239
0.621389
0.625862
0.629986
0.634071
0.638362
0.642506
0.646672
0.65113
0.6554
0.659453
0.663608
0.667696
0.671837
0.676041
0.680045
0.683872
0.687728
0.691301
0.694902
0.698529
0.702186
0.706276
0.710891
0.715076
0.719384
0.723881
0.728308
0.736773
0.741095
0.745793
0.749201
0.753271
0.756507
0.760575
0.764508
0.768281
0.772603
0.776788
0.781067
0.785736
0.789488
0.793605
0.79785
0.802008
0.805674
0.809256
0.812531
0.815784
0.819044
0.822313
0.825623
0.829226
0.832681
0.83631
0.839863
0.843551
0.847204
0.850585
0.85713
0.86055
0.863917
0.867217
0.870212
0.873074
0.876012
0.879032
0.882093
0.885297
0.88861
0.891876
0.895564
0.898972
0.902468
0.905774
0.909
0.912344
0.91578
0.919257
0.922704
0.925814
0.928886
0.931866
0.934791
0.937705
0.940702
0.94384
0.947228
0.950625
0.954417
0.958206
0.96199
0.965909
0.970053
0.97379
0.977668
0.984466
0.987898
0.991031
0.994031
0.996906
0.999927
1.00304
1.00626
1.00965
1.01322
1.01663
1.0201
1.02341
1.02688
1.0302
1.03333
1.03629
1.03921
1.04194
1.04439
1.04643
1.04783
1.04923
1.05043
1.05115
1.05158
1.05156
1.05156
1.05161
1.05154
1.05153
1.05149
1.05146
1.05146
1.05138
1.05141
1.0514
1.05133
1.0514
1.05144
1.05166
1.05226
1.05284
1.05348
1.05452
1.05592
1.05819
1.06072
1.06354
1.06665
1.07037
1.07436
1.07901
1.08384
1.08877
1.09383
1.09912
1.10459
1.11005
1.11544
1.1209
1.1265
1.13222
1.13827
1.14454
1.15107
1.15775
1.16423
1.17048
1.17689
1.18277
1.18822
1.19363
1.19925
1.20504
1.21081
1.21716
1.2229
1.23329
1.23843
1.24326
1.24782
1.25223
1.25694
1.26196
1.26721
1.2725
1.27784
1.28319
1.28855
1.2938
1.29877
1.30364
1.3081
1.31248
1.31731
1.32293
1.3284
1.33369
1.33903
1.34429
1.34962
1.35501
1.35989
1.36461
1.36902
1.3734
1.37785
1.38229
1.3869
1.39175
1.39646
1.40123
1.40589
1.41096
1.41544
1.42337
1.42726
1.43066
1.43419
1.4376
1.44094
1.44441
1.44767
1.45124
1.45443
1.45786
1.46098
1.46436
1.4675
1.47054
1.47341
1.47627
1.4788
1.48158
1.4839
1.48602
1.48814
1.49048
1.49287
1.49522
1.49743
1.4997
1.50217
1.50447
1.50689
1.50902
1.51126
1.51368
1.51599
1.51819
1.52065
1.52353
1.52791
1.53071
1.53298
1.535
1.5374
1.54015
1.54307
1.54559
1.54896
1.55198
1.55473
1.55736
1.55992
1.56284
1.56609
1.56958
1.57289
1.57649
1.58013
1.58374
1.58714
1.59028
1.59339
1.59643
1.59954
1.60252
1.60559
1.60833
1.61113
1.61366
1.61606
1.61855
1.62107
1.62358
1.62592
1.62847
1.63095
1.63361
1.63634
1.64131
1.64359
1.64591
1.64797
1.64969
1.65155
1.65323
1.65494
1.65649
1.65832
1.66015
1.6618
1.66285
1.66341
1.66366
1.66414
1.66483
1.66575
1.66655
1.66724
1.66769
1.66795
1.66801
1.66806
1.66809
1.66815
1.66808
1.66809
1.66806
1.66799
1.66792
1.66778
1.66766
1.66763
1.66752
1.66739
1.66729
1.66711
1.66681
1.66548
1.66515
1.66478
1.66407
1.66337
1.66295
1.66271
1.66248
1.66199
1.66136
1.66072
1.65977
1.65867
1.65751
1.65626
1.65537
1.65464
1.65414
1.65386
1.65371
1.65363
1.65353
1.65336
1.65314
1.65274
1.65215
1.65138
1.65051
1.64953
1.64837
1.6472
1.64594
1.64491
1.64392
1.64299
1.64185
1.63963
1.6383
1.63692
1.63545
1.6338
1.63214
1.63035
1.62828
1.62605
1.62399
1.62187
1.61976
1.61766
1.61549
1.61336
1.61115
1.60878
1.60638
1.60398
1.60161
1.59941
1.59736
1.59541
1.59358
1.59212
1.59045
1.58844
1.58612
1.58389
1.58163
1.57929
1.57682
1.57428
1.5718
1.56925
1.56669
1.56415
1.56357
1.56224
1.5617
1.56
1.55944
1.55887
1.55835
1.55804
1.55775
1.55767
1.55763
1.55769
1.55777
1.55781
1.55782
1.55785
1.55793
1.55796
1.55796
1.55798
1.55794
1.55802
1.55808
1.558
1.55799
1.55797
1.55796
1.55788
1.55742
1.5566
1.55596
1.55518
1.55428
1.55295
1.55119
1.54946
1.54745
1.54505
1.54259
1.53989
1.53722
1.53509
1.53095
1.52872
1.52649
1.52411
1.52129
1.51843
1.51519
1.51253
1.5099
1.5073
1.5048
1.50212
1.49947
1.49687
1.49429
1.49121
1.48851
1.48587
1.48319
1.48061
1.47797
1.47552
1.47287
1.47045
1.46821
1.46581
1.46345
1.46081
1.45809
1.45526
1.45251
1.44977
1.44703
1.44408
1.44096
1.43805
1.43497
1.432
1.42884
1.42575
1.42267
1.41685
1.41416
1.41147
1.40864
1.40556
1.40285
1.4002
1.39767
1.39441
1.39101
1.38737
1.38388
1.38053
1.37697
1.3733
1.36974
1.36614
1.36244
1.35878
1.35555
1.35249
1.3489
1.34563
1.34256
1.33918
1.33573
1.33194
1.32822
1.3246
1.32113
1.31759
1.31405
1.31042
1.30656
1.3028
1.29925
1.29558
1.29186
1.28834
1.28576
1.28285
1.2798
1.27642
1.27241
1.26829
1.25911
1.25523
1.25156
1.24739
1.24273
1.23851
1.23524
1.23213
1.22873
1.22518
1.22165
1.2185
1.21488
1.21169
1.20787
1.20388
1.20014
1.19642
1.19263
1.18881
1.18493
1.18133
1.17764
1.17395
1.17048
1.16677
1.16311
1.15964
1.15624
1.15313
1.14975
1.14618
1.1425
1.13904
1.13559
1.13196
1.12827
1.12418
1.12099
1.11674
1.10958
1.10582
1.10221
1.09832
1.09498
1.09127
1.08785
1.08416
1.08038
1.07675
1.07302
1.06953
1.06579
1.06214
1.05856
1.05485
1.05121
1.04784
1.04467
1.04167
1.03899
1.03664
1.03405
1.03144
1.02899
1.02636
1.02336
1.02027
1.01716
1.01426
1.01118
1.00803
1.00458
1.00141
0.998455
0.99584
0.992775
0.989938
0.987195
0.984728
0.982295
0.983184
0.983816
0.981345
0.979617
0.978363
0.977418
0.976908
0.976449
0.976061
0.975625
0.974774
0.973623
0.972451
0.971158
0.970024
0.968877
0.967858
0.966972
0.966161
0.965098
0.964045
0.962838
0.961568
0.960388
0.959275
0.958182
0.957057
0.955848
0.954573
0.953275
0.951892
0.950625
0.949339
0.948125
0.94695
0.945711
0.944331
0.942881
0.941539
0.940086
0.936933
0.935464
0.934132
0.932707
0.931114
0.929461
0.928112
0.92693
0.925828
0.924629
0.923134
0.921692
0.920194
0.919096
0.918209
0.917487
0.916208
0.913879
0.911166
0.90855
0.905845
0.902611
0.899056
0.89544
0.891729
0.888304
0.884444
0.880466
0.876516
0.873985
0.871545
0.868027
0.86449
0.861484
0.859155
0.856746
0.854429
0.852533
0.850599
0.845765
0.843512
0.841089
0.838722
0.836259
0.834002
0.831861
0.830135
0.828443
0.826587
0.82498
0.823624
0.822511
0.821616
0.820683
0.819728
0.818914
0.817988
0.817291
0.816571
0.815828
0.815072
0.814563
0.814654
0.814326
0.813658
0.813508
0.813258
0.812812
0.812128
0.811566
0.811168
0.810939
0.810934
0.811087
0.810933
0.810929
0.810889
0.810918
0.810741
0.810207
0.810013
0.809778
0.809774
0.809248
0.808923
0.808637
0.808074
0.807613
0.807028
0.806526
0.80587
0.80524
0.80464
0.804123
0.803313
0.802767
0.802549
0.802537
0.802588
0.802605
0.802751
0.802755
0.802725
0.802743
0.802779
0.802933
0.803093
0.803201
0.803252
0.803281
0.803265
0.803215
0.803157
0.803118
0.803146
0.803158
0.803197
0.803221
0.804045
0.805055
0.805695
0.806284
0.807372
0.808326
0.809007
0.809166
0.809234
0.809363
0.809863
0.810211
0.810365
0.810564
0.810535
0.810423
0.810467
0.810436
0.810418
0.810458
0.810511
0.810451
0.810479
0.810437
0.810492
0.810448
0.810498
0.810468
0.810509
0.81057
0.810793
0.811038
0.811304
0.811586
0.811911
0.81247
0.813083
0.813663
0.814424
0.815387
0.817015
0.817843
0.818415
0.81858
0.818543
0.818744
0.819153
0.820349
0.821227
0.821915
0.822514
0.823349
0.824121
0.825063
0.825892
0.826612
0.827016
0.827277
0.827332
0.827323
0.827339
0.827351
0.827214
0.826992
0.826567
0.82578
0.824695
0.823639
0.822628
0.821616
0.820197
0.818775
0.817053
0.815171
0.813141
0.810801
0.808318
0.805877
0.803413
0.801082
0.795292
0.792385
0.789342
0.785788
0.782242
0.778282
0.774
0.769472
0.76476
0.759596
0.754144
0.748666
0.743369
0.73796
0.732585
0.727109
0.721362
0.715108
0.708408
0.701607
0.694914
0.688359
0.681806
0.675318
0.66879
0.662401
0.655827
0.649135
0.642315
0.63564
0.628773
0.621838
0.614736
0.607685
0.600663
0.593748
0.586454
0.579103
0.571674
0.564267
0.549326
0.54182
0.534577
0.527212
0.519556
0.511927
0.50433
0.496575
0.488933
0.481212
0.473432
0.466531
0.457813
0.450543
0.442628
0.433995
0.42603
0.418348
0.410703
0.403178
0.395413
0.38738
0.379231
0.371293
0.363525
0.356014
0.348805
0.341754
0.33471
0.327998
0.319852
0.312683
0.305598
0.298578
0.291681
0.285325
0.278846
0.266698
0.260623
0.2543
0.248988
0.243508
0.23832
0.233611
0.228866
0.224171
0.219703
0.214966
0.209874
0.204715
0.199688
0.194962
0.189376
0.183839
0.17822
0.17199
0.166999
0.161735
0.155425
0.149285
0.14375
0.136571
0.129842
0.123829
0.117067
0.110282
0.103743
0.0966285
0.0900556
0.0832593
0.0761383
0.069027
0.0552042
0.0480166
0.0407066
0.0336896
0.0264475
0.0191597
0.0117288
0.00431633
-0.00313324
-0.0101974
-0.0177729
-0.023991
-0.0316029
-0.0388931
-0.0456738
-0.0528954
-0.0605367
-0.0667741
-0.0737985
-0.0791983
-0.0850964
-0.0909094
-0.0967386
-0.102197
-0.107969
-0.112897
-0.119125
-0.124153
-0.129722
-0.135297
-0.140788
-0.146235
-0.151731
-0.15719
-0.162383
-0.168226
-0.173449
-0.178614
-0.189043
-0.194495
-0.200291
-0.206058
-0.211808
-0.217692
-0.224019
-0.229984
-0.236551
-0.242111
-0.248253
-0.254439
-0.260397
-0.266079
-0.271936
-0.27819
-0.28469
-0.291137
-0.297668
-0.304133
-0.310506
-0.316978
-0.323199
-0.329575
-0.336058
-0.342897
-0.349756
-0.356675
-0.363775
-0.370703
-0.377654
-0.384512
-0.391106
-0.397875
-0.404638
-0.411446
-0.418337
-0.426008
-0.432572
-0.438835
-0.444962
-0.451054
-0.462228
-0.468202
-0.474994
-0.480426
-0.486551
-0.492533
-0.49829
-0.503845
-0.509199
-0.514232
-0.519198
-0.524544
-0.530059
-0.535586
-0.541234
-0.546753
-0.552206
-0.557528
-0.562346
-0.567144
-0.571597
-0.57571
-0.580106
-0.584352
-0.588492
-0.592591
-0.596708
-0.600398
-0.603931
-0.60715
-0.610155
-0.612793
-0.615421
-0.617667
-0.619749
-0.621367
-0.62442
-0.625469
-0.625928
-0.626078
-0.626427
-0.626821
-0.62714
-0.627129
-0.626987
-0.626848
-0.626389
-0.626032
-0.625768
-0.625671
-0.625637
-0.625495
-0.625372
-0.625065
-0.624408
-0.623721
-0.623015
-0.622173
-0.621264
-0.620423
-0.619582
-0.619048
-0.618746
-0.618804
-0.618702
-0.618587
-0.618456
-0.618462
-0.618568
-0.618741
-0.618747
-0.618848
-0.618845
-0.61886
-0.618949
-0.619097
-0.619073
-0.619262
-0.618904
-0.619142
-0.61918
-0.619132
-0.619073
-0.619103
-0.619023
-0.619015
-0.619089
-0.619087
-0.619026
-0.61904
-0.619111
-0.619091
-0.619106
-0.619152
-0.619114
-0.619166
-0.619109
-0.61909
-0.619114
-0.619082
-0.619047
-0.619094
-0.619046
-0.618955
-0.618914
-0.618761
-0.61866
-0.618545
-0.618485
-0.618299
-0.618072
-0.617812
-0.61734
-0.617142
-0.616932
-0.61676
-0.616616
-0.616523
-0.616021
-0.615427
-0.614764
-0.613721
-0.612773
-0.611803
-0.611055
-0.610556
-0.610285
-0.610127
-0.609996
-0.609721
-0.609507
-0.609399
-0.609322
-0.60934
-0.609332
-0.609343
-0.609345
-0.609378
-0.609414
-0.609425
-0.609427
-0.609387
-0.609407
-0.609369
-0.609366
-0.609401
-0.609319
-0.609308
-0.609337
-0.609149
-0.608738
-0.608799
-0.608788
-0.608797
-0.6087
-0.608765
-0.608801
-0.608801
-0.608775
-0.60874
-0.608778
-0.608745
-0.608693
-0.608751
-0.608718
-0.608731
-0.608719
-0.608757
-0.608767
-0.608799
-0.60871
-0.608768
-0.608753
-0.608756
-0.608758
-0.608765
-0.608801
-0.608737
-0.608755
-0.608846
-0.608745
-0.608755
-0.608814
-0.608787
-0.608797
-0.608781
-0.608927
-0.608885
-0.608962
-0.609041
-0.609128
-0.609134
-0.609168
-0.609208
-0.609271
-0.609292
-0.6093
-0.609296
-0.609264
-0.609309
-0.609329
-0.609301
-0.609264
-0.609301
-0.609294
-0.609237
-0.609262
-0.609269
-0.609242
-0.609272
-0.609306
-0.609314
-0.609299
-0.609285
-0.609315
-0.609327
-0.609299
-0.609282
-0.609284
-0.609259
-0.609295
-0.60929
-0.609321
-0.609277
-0.609316
-0.609291
-0.609299
-0.60928
-0.609252
-0.609254
-0.609335
-0.609279
-0.609194
-0.609278
-0.609281
-0.609206
-0.609237
-0.609284
-0.60929
-0.609323
-0.609304
-0.609315
-0.609309
-0.609315
-0.609313
-0.609304
-0.609248
-0.609268
-0.609312
-0.60931
