-0.00060819
0.00498043
0.0111365
0.0131846
0.00118149
-0.00267802
0.0121413
0.00225876
0.0138054
0.00226334
-0.00447459
0.0179323
0.0007786
0.00199223
-0.00048364
-0.00525625
0.0297402
-0.0154426
-0.00779129
0.00912301
0.0249353
-0.00317003
0.0134104
0.00515734
-0.0174488
0.0163945
-0.00100803
-0.00270992
-0.00424026
0.00838667
0.000562937
-0.00563494
-0.0141192
0.000680627
-0.00199168
-0.00620043
0.0111372
-0.00657118
0.0137744
0.0162256
-0.00421442
-0.0170334
0.0140929
-0.0106746
-0.00567926
0.00592973
0.00881484
-0.0040846
0.0117285
-0.00230081
0.0183772
-0.00873807
-0.00108419
0.00717038
0.0094483
-0.00558875
0.00595776
0.0111749
-0.00579949
0.00497297
-0.00761426
-0.00514447
0.00129768
0.0162126
0.00912331
0.0230842
0.00574489
0.000825319
-0.0027241
-0.00644186
-0.00761812
0.0154731
0.00859086
-0.010285
-0.00105909
-0.00839917
-0.0115059
0.00332825
-0.000772143
-0.00772204
-0.00157578
-0.000124773
-0.00978312
0.00118404
0.0248626
0.0132885
-0.00569242
0.00643015
-0.00835392
-0.00940365
0.00118296
-0.00323206
-0.000729223
0.00628689
0.0345958
0.00309474
0.0239011
0.0438834
0.0340966
0.0183164
0.00592888
0.0133735
0.0226388
0.0445825
0.0553984
0.0383063
0.029433
0.0687886
0.115417
0.0979432
0.102477
0.122368
0.116863
0.147658
0.163666
0.147326
0.147893
0.162355
0.142588
0.172219
0.14898
0.134354
0.141138
0.161431
0.165947
0.181223
0.185049
0.183796
0.200043
0.154497
0.139884
0.132016
0.0929465
0.12292
0.123172
0.176412
0.178774
0.148613
0.113167
0.108468
0.183007
0.214755
0.194678
0.172201
0.209337
0.24863
0.252211
0.279071
0.274459
0.269481
0.31437
0.293404
0.285798
0.282021
0.267326
0.272128
0.289909
0.251426
0.242141
0.245885
0.224687
0.217494
0.198446
0.252117
0.276214
0.23502
0.263125
0.293929
0.274901
0.298381
0.300438
0.315213
0.31199
0.33163
0.341979
0.300666
0.287457
0.305022
0.295257
0.301978
0.300647
0.255089
0.22866
0.256302
0.244382
0.26672
0.225592
0.275684
0.266812
0.217108
0.287863
0.270931
0.315359
0.253343
0.317478
0.284914
0.294509
0.276977
0.319692
0.336655
0.329531
0.292627
0.279596
0.335118
0.271709
0.250682
0.300825
0.330112
0.32369
0.363229
0.34792
0.382011
0.380498
0.381646
0.375105
0.36856
0.359766
0.399152
0.354186
0.350877
0.346526
0.293102
0.302501
0.357105
0.280867
0.337739
0.32964
0.34156
0.360645
0.369917
0.37002
0.344899
0.382735
0.311942
0.356048
0.35122
0.348615
0.290009
0.304944
0.294306
0.271318
0.285129
0.321009
0.26272
0.342424
0.32061
0.333246
0.322235
0.371799
0.36029
0.346148
0.374193
0.31989
0.382751
0.32299
0.363788
0.344808
0.312624
0.257855
0.357558
0.331096
0.318258
0.387496
0.30866
0.400022
0.37353
0.418114
0.45292
0.395884
0.421279
0.425293
0.433236
0.421365
0.383821
0.341215
0.410124
0.409395
0.375951
0.418509
0.392353
0.431226
0.434668
0.419724
0.40936
0.42245
0.417079
0.343974
0.372779
0.351105
0.298066
0.368564
0.308573
0.363547
0.361739
0.363531
0.387422
0.363953
0.409779
0.376751
0.370722
0.367383
0.386789
0.383015
0.375369
0.341417
0.348214
0.352776
0.394204
0.315188
0.377244
0.393072
0.400807
0.381377
0.431863
0.412258
0.374171
0.431471
0.416156
0.378663
0.406479
0.36412
0.337338
0.40906
0.29578
0.409982
0.362585
0.3876
0.414969
0.414284
0.37358
0.409826
0.40326
0.397375
0.37916
0.389345
0.323624
0.389454
0.328121
0.321159
0.353679
0.345264
0.392359
0.41447
0.402552
0.41101
0.423957
0.383194
0.399623
0.408209
0.381215
0.360231
0.349571
0.358288
0.353994
0.320939
0.36845
0.343722
0.401947
0.366773
0.373522
0.366306
0.359257
0.372788
0.343082
0.325696
0.366564
0.337392
0.30437
0.291398
0.360648
0.275606
0.323534
0.326094
0.314219
0.33424
0.372135
0.322072
0.304838
0.302335
0.280554
0.309414
0.281999
0.301493
0.294549
0.293638
0.234065
0.258094
0.274297
0.201127
0.184571
0.224371
0.237187
0.208152
0.187056
0.259142
0.243702
0.230539
0.251485
0.237948
0.229882
0.25136
0.26095
0.25678
0.231148
0.239522
0.254583
0.276372
0.268657
0.259163
0.238021
0.235091
0.246821
0.237788
0.168921
0.188641
0.258103
0.246918
0.209808
0.282395
0.261128
0.244053
0.249502
0.284981
0.283112
0.289813
0.302452
0.303253
0.318656
0.318543
0.30422
0.336342
0.329619
0.341131
0.303692
0.316902
0.304612
0.34742
0.257977
0.319053
0.331875
0.316231
0.328421
0.366295
0.328179
0.376461
0.284282
0.40804
0.195073
0.154994
0.102198
0.0976852
0.0784134
0.0576239
0.0582492
0.016632
-0.00745546
-0.00112468
-0.00977279
0.00564859
-0.00650226
-0.00100444
0.0241681
0.0387962
0.0156876
0.00693773
0.015668
0.0151673
0.043103
-0.000307414
0.0281535
0.0222205
0.0206091
0.0693191
0.0590865
0.0834198
0.0643519
0.0554103
0.0512256
0.0423996
0.0402766
0.0586163
0.0296321
0.0526871
0.00569877
-0.000101131
0.0219103
0.0267817
0.0151667
-0.000402278
0.0259459
0.0175681
0.0300586
0.0290173
0.049023
0.0373885
0.034158
0.0325924
0.0404959
-0.0120314
0.0126189
-0.00564509
-0.00751367
0.0152645
-0.0060878
0.000784681
0.0103268
-0.00199898
-0.0237475
-0.00231954
-0.0179773
0.00414243
0.0181608
0.0192047
0.00286641
0.0104037
-0.00350852
-0.00709998
0.00812072
0.00446482
0.00407944
-1.98279e-05
0.00835674
0.00187832
0.015487
0.266412
0.0976504
0.193507
0.112404
0.122846
0.0439418
0.00198434
-0.00789707
0.00156264
0.00246026
-0.0146644
0.00500046
-0.00341541
-0.00521859
-0.0151417
-0.0131538
-0.00162808
-0.0012257
-0.000953437
0.00981206
-0.005973
-0.0043512
0.0146855
-0.00487504
0.00192828
0.00389067
0.0126932
0.0181284
0.0259499
-0.00807946
0.0116276
-0.0176703
-0.0171783
0.00543837
-0.0154253
-0.00752928
0.0156892
-0.00641939
0.00673525
0.00810942
-0.023655
-0.00438538
0.00640169
-0.0139588
0.0114142
-0.00420731
0.00053221
0.024341
-0.00354929
0.0083787
0.00894239
0.000658876
0.0220933
-0.00583086
0.00664788
-0.000800313
-0.00753449
0.00380969
-0.00948616
-0.0057885
0.0112776
0.00135869
-0.0290724
0.00393294
0.0118458
0.00438711
-0.0119012
-0.0131955
-0.00985636
0.00720923
-0.00520195
-0.0156695
-0.00217169
-0.0156332
-0.0124318
-0.0163075
0.00140192
0.00181292
0.00644545
0.0089555
0.00632027
0.00298853
0.00345514
-0.00801877
0.00559205
0.0149466
0.0119992
0.00109805
0.0380862
0.0231072
0.000829262
-0.00214536
0.0144008
0.0169091
-0.00701037
0.0120933
0.00175342
0.0159735
-0.00845183
-0.0458688
-0.017867
-0.013059
0.00684221
-0.0174046
-0.00835367
0.00233237
-0.0096313
-0.00212927
0.00771292
0.00891897
0.0155339
-0.00209234
-0.0100664
-0.000336792
-0.000544725
-0.00389026
0.0149982
-0.00324165
0.0063028
-0.00249884
-0.00805028
0.0116391
-0.00161717
-0.00741393
-0.0167034
0.00586886
0.00545307
0.0020994
-0.00673027
0.0111865
0.00208686
-0.00366671
-0.00523757
3.98364e-05
-0.0129792
-0.000303612
-0.00160097
0.000312434
-0.011814
-0.00348591
0.00104239
0.0012864
-0.0091896
-0.00629876
0.0112049
-0.00411532
6.9787e-05
0.0166259
-0.00204354
0.00086545
-0.00075012
0.00552422
0.00102987
-0.0129345
-0.00577349
0.0267704
0.0056876
-0.00910308
0.0112303
0.00376728
0.00244154
-0.00542893
-0.00498157
-0.0247816
0.00905327
-0.0060033
-0.00128605
0.00756324
-0.0015725
-0.00279629
-0.00442893
-0.00320414
0.00761057
-0.000906105
-0.00582726
0.00798888
-0.00616837
0.0133998
0.00868192
0.000282528
-0.01598
0.00831009
-0.00481153
0.00380636
-0.0186587
-0.019414
-0.0210071
0.0107337
0.0113318
0.0272177
-0.0234186
0.012085
0.0263037
-0.0106228
0.000427471
0.00598534
-0.00946658
-0.00509561
0.00263681
-0.0010798
-0.00275029
-0.0358801
0.0122128
-0.0120684
-0.00681
0.0127876
0.0149278
-0.0213484
-0.017245
-0.0116314
-0.00499296
-0.000376031
-0.00565673
-0.00831052
-0.0145742
0.00292718
-0.0010952
0.00504031
-0.00714671
0.00470344
0.000879947
-0.00514385
0.0167162
-0.0107167
0.00971195
-0.00489423
-0.0543111
-0.0151059
0.00795398
0.00547885
0.00712606
0.00819964
0.00681202
-0.00988951
-0.0118324
-0.014777
0.0108427
-0.0121344
-0.015762
0.00717004
-0.00825867
-0.00598378
0.00409113
0.00431117
0.0216981
0.00759889
0.0104862
-0.00260896
0.00294095
0.00188738
-0.0488602
0.00575162
-0.0029898
-0.00732835
0.00423573
0.00276025
-0.0144241
0.0333446
0.0211765
0.0141715
-0.00162522
0.0080704
-0.0108348
0.0232163
0.000957522
0.0636678
0.0222975
0.0149354
8.53259e-05
0.0230355
0.0192633
0.0538659
0.0173119
-0.00836477
-0.0147214
0.00950659
0.00640375
0.000727788
-0.018774
0.0160568
-0.0303304
0.00867115
-0.0086824
-0.00230005
-0.00580798
-0.00688327
-0.00631272
0.0032101
-0.0115664
0.0084874
-0.000541944
0.00495821
-0.00574104
-0.00235077
0.0168925
0.00484691
0.0760157
-0.0758714
0.0235723
0.00325848
0.00317861
0.000514118
0.00761831
0.0155657
0.00748834
-0.00369082
-0.00145927
-0.010557
-0.00298933
0.00433182
-0.011407
0.0161169
0.00919298
-0.018208
0.0107261
-0.0070472
0.00500199
-0.00811117
0.00758572
-0.00546885
0.010565
-0.0108238
0.0175896
-0.00348616
0.00822243
-0.00307365
0.00951284
-0.0023497
-0.00153507
0.000929803
-0.00859801
-8.41133e-05
0.000881984
0.00342938
-0.022263
-0.00316538
0.0169375
-0.0171104
0.000832264
0.00665735
0.00821107
0.0148976
0.00341201
-0.0213255
0.0100062
0.00415513
-0.00127912
0.0199861
-0.0152907
-0.0047541
-0.000655967
-0.00229393
-0.00227202
-0.000709796
-0.0111386
-0.0210669
-0.017167
-0.00366027
-0.0158783
0.00541494
0.00798617
0.00206595
-0.011701
-0.00563603
0.0305389
0.00171036
0.0195916
0.0116281
0.0140314
-0.0199118
-0.00359888
-0.00420694
0.00973295
0.00695324
0.00634762
-0.00284131
0.011716
0.0231634
-0.00982415
-0.0188225
0.00699325
-0.0173503
-0.0196659
0.000999182
-0.018456
-0.00837265
0.00256796
-0.00634673
0.00576121
-0.0219616
0.00072474
-0.00502275
-0.00208878
-0.0090309
-0.00646259
0.0184299
-0.00383489
-0.00435259
0.00558006
0.0110899
0.00442111
0.00651568
-0.00578944
-0.00201806
-0.00159639
0.00386554
0.00170457
0.0120728
0.000104049
0.00738679
0.0117257
0.00556037
-0.0171634
0.002427
0.0153268
0.00847209
0.0261252
0.0336351
0.0147277
0.0215601
0.0234188
0.0255504
0.0112079
0.0284206
0.0192052
0.0211857
0.0736387
0.207081
0.304023
0.314865
0.349217
0.345998
0.412416
0.416069
0.45513
0.451192
0.498017
0.508378
0.523652
0.488393
0.495681
0.445283
0.429864
0.43448
0.487921
0.478224
0.528147
0.517552
0.537873
0.525025
0.523495
0.520019
0.517549
0.436654
0.414705
0.414571
0.437615
0.41559
0.421987
0.451133
0.433322
0.392457
0.415339
0.41725
0.415164
0.413172
0.409376
0.371109
0.381065
0.374163
0.345402
0.356057
0.370291
0.398907
0.439158
0.425661
0.401547
0.463433
0.469954
0.463528
0.450695
0.451437
0.376985
0.391431
0.358541
0.408097
0.428408
0.368897
0.435775
0.442085
0.418966
0.408135
0.425833
0.399239
0.401999
0.401123
0.357904
0.362241
0.306667
0.319503
0.319171
0.337277
0.338975
0.368883
0.349762
0.332175
0.357857
0.332914
0.366749
0.352508
0.371018
0.333124
0.352196
0.302377
0.286954
0.254588
0.30117
0.286325
0.330391
0.313251
0.357092
0.318928
0.382691
0.329532
0.318873
0.327294
0.313846
0.334159
0.339071
0.353328
0.336123
0.29272
0.303304
0.288761
0.297002
0.29515
0.299327
0.319548
0.353923
0.351706
0.360205
0.381374
0.363178
0.380332
0.394732
0.363361
0.395965
0.350714
0.365653
0.284765
0.318367
0.283477
0.330739
0.31109
0.341569
0.338422
0.370594
0.334161
0.336828
0.321801
0.338012
0.337729
0.310137
0.285588
0.309948
0.28018
0.236534
0.145533
0.127291
0.129514
0.111982
0.0431878
0.0305021
-0.00314575
-0.0111496
0.0103125
-0.004808
-0.00635541
-0.00196457
-0.00938717
-0.00214103
-0.000465472
0.0117992
0.00485693
-0.00423854
-0.00402431
0.00948013
0.0517081
0.0485059
0.0714818
0.0808906
0.118859
0.155481
0.237346
0.256321
0.294793
0.304414
0.402878
0.412579
0.452511
0.49053
0.510716
0.541546
0.529316
0.551296
0.513846
0.500732
0.546314
0.564469
0.583563
0.629403
0.637782
0.664214
0.683269
0.664209
0.624661
0.648729
0.590576
0.548486
0.557239
0.56098
0.590455
0.606282
0.586252
0.564367
0.50348
0.504321
0.464509
0.462799
0.442458
0.446721
0.51891
0.549837
0.547742
0.533135
0.536103
0.510378
0.514844
0.459153
0.481506
0.41415
0.451776
0.506645
0.571252
0.534076
0.512189
0.548081
0.536462
0.538369
0.547873
0.470657
0.470243
0.445558
0.414608
0.449717
0.444452
0.460613
0.507714
0.480045
0.496682
0.447751
0.418488
0.459246
0.355809
0.367875
0.339019
0.378046
0.354351
0.334496
0.363203
0.3153
0.358183
0.324237
0.33339
0.33712
0.329065
0.331078
0.303816
0.30727
0.264912
0.263249
0.269383
0.205997
0.212387
0.243558
0.234071
0.227701
0.2511
0.247491
0.210556
0.225722
0.227534
0.210285
0.275615
0.235627
0.23144
0.25679
0.234378
0.240374
0.217815
0.265977
0.283587
0.20673
0.200246
0.276914
0.283529
0.26112
0.214587
0.350418
0.268422
0.263902
0.221594
0.265504
0.31057
0.328837
0.359282
0.344841
0.35463
0.377777
0.342171
0.341201
0.295607
0.315008
0.310852
0.306343
0.311936
0.293348
0.268789
0.278701
0.248285
0.235906
0.240584
0.289226
0.241468
0.227434
0.241138
0.232242
0.259711
0.28364
0.263279
0.195852
0.220592
0.192909
0.159033
0.198376
0.174766
0.161793
0.167976
0.190924
0.187449
0.139018
0.0815576
0.043878
0.0284781
0.0716304
0.0883276
0.0940652
0.0842107
0.0664942
0.0470537
0.0303175
0.010648
-0.00186322
-0.00903805
0.0216026
0.00343487
-0.00157306
-0.00731847
-0.0112256
-0.00445958
-0.0109374
-0.0184382
-0.0051606
-0.0117729
-0.0189503
-0.0110525
-0.00871387
-0.0360525
-0.0732748
-0.0331431
-0.0368496
-0.0647556
-0.0849437
-0.0282735
-0.0181672
-0.0247674
-0.063647
-0.0608021
-0.0695192
-0.117748
-0.120787
-0.116447
-0.132524
-0.0735728
-0.0600166
-0.0247758
-0.0236986
-0.00208413
0.00825415
-0.0117344
-0.00813362
-0.0383619
-0.0433087
-0.0576695
-0.0907705
-0.0969969
-0.0789538
-0.0998532
-0.119111
-0.103786
-0.0920847
-0.101525
-0.104
-0.119698
-0.112105
-0.137504
-0.134336
-0.154652
-0.172136
-0.170222
-0.191266
-0.20818
-0.235469
-0.187577
-0.221761
-0.226898
-0.202066
-0.210106
-0.202699
-0.210691
-0.250611
-0.243484
-0.234621
-0.204869
-0.204148
-0.208458
-0.203591
-0.174184
-0.163407
-0.18387
-0.218673
-0.23615
-0.21355
-0.23033
-0.252565
-0.274595
-0.260955
-0.239943
-0.260398
-0.264696
-0.233922
0.0542697
-0.116475
-0.0382817
-0.0813649
-0.0349103
-0.0541165
-0.0639383
-0.0145271
-0.0482936
-0.0203784
0.00114811
0.00617836
-0.00543046
0.0196436
-0.0105234
0.00566934
0.0126994
0.00952531
0.00585644
0.00437128
-0.0240812
0.000294011
0.0211415
-0.00297853
-0.00965923
0.0038177
-0.0107951
-0.00910919
-0.0699531
-0.0796549
-0.0776803
-0.0625031
-0.106559
-0.152477
-0.209201
-0.190014
-0.226578
-0.235757
-0.259428
-0.258999
-0.24828
-0.220557
-0.211327
-0.224864
-0.22586
-0.253676
-0.317058
-0.267713
-0.31858
-0.249144
-0.233594
-0.236469
-0.272764
-0.277349
-0.260936
-0.287707
-0.24364
-0.292419
-0.236294
-0.258176
-0.276658
-0.286997
-0.246794
-0.258905
-0.266571
-0.201986
-0.219784
-0.226171
-0.27152
-0.276918
-0.252091
-0.291535
-0.270283
-0.29071
-0.257172
-0.322662
-0.31362
-0.301876
-0.292513
-0.313776
-0.284697
-0.315603
-0.307396
-0.268521
-0.278097
-0.258386
-0.309266
-0.333804
-0.256625
-0.261447
-0.255131
-0.365042
-0.335059
-0.345358
-0.339429
-0.315837
-0.355483
-0.358857
-0.367218
-0.360991
-0.343113
-0.355497
-0.355089
-0.311557
-0.35506
-0.316696
-0.301041
-0.329666
-0.353355
-0.371456
-0.390835
-0.377279
-0.352035
-0.352296
-0.348016
-0.366982
-0.384815
-0.393199
-0.343828
-0.354575
-0.370127
-0.330135
-0.285417
-0.294322
-0.326786
-0.38276
-0.398995
-0.44984
-0.443408
-0.351061
-0.364464
-0.46016
-0.467452
-0.397495
-0.337812
-0.312581
-0.361914
-0.339278
-0.333421
-0.321369
-0.362076
-0.331761
-0.356647
-0.421118
-0.364697
-0.358755
-0.411179
-0.367879
-0.378689
-0.365541
-0.356978
-0.385652
-0.356661
-0.350025
-0.365699
-0.341085
-0.339347
-0.31113
-0.355042
-0.370706
-0.358008
-0.335211
-0.354053
-0.376909
-0.377692
-0.378805
-0.336467
-0.401816
-0.393
-0.381285
-0.354847
-0.374673
-0.309697
-0.368173
-0.364209
-0.353591
-0.386593
-0.339004
-0.370836
-0.372959
-0.350237
-0.372701
-0.347796
-0.328962
-0.361291
-0.315252
-0.33264
-0.276249
-0.260688
-0.242307
-0.250403
-0.248413
-0.243924
-0.253405
-0.326398
-0.318223
-0.327871
-0.306755
-0.315339
-0.325299
-0.369226
-0.299888
-0.270707
-0.264358
-0.307658
-0.251617
-0.271583
-0.235237
-0.226713
0.191696
0.0626361
-0.129129
-0.151569
-0.126221
-0.0962933
-0.0528809
-0.0306008
-0.0175534
-0.0497093
-0.0923269
-0.133337
-0.106154
-0.147681
-0.113386
-0.096704
-0.0788791
-0.0897216
-0.0829533
-0.110065
-0.109143
-0.111672
-0.117253
-0.103187
-0.117991
-0.101065
-0.119313
-0.113075
-0.128995
-0.153162
-0.148439
-0.124872
-0.129691
-0.131636
-0.114057
-0.127758
-0.14178
-0.143725
-0.162995
-0.168642
-0.137011
-0.123601
-0.149799
-0.15911
-0.14426
-0.166755
-0.137996
-0.114607
-0.11643
-0.131233
-0.158259
-0.14653
-0.139953
-0.0969175
-0.0708537
-0.0745113
-0.181083
-0.239494
-0.297787
-0.263316
-0.286808
-0.316119
-0.366508
-0.364576
-0.365873
-0.37016
-0.364785
-0.395968
-0.408828
-0.0648894
-0.269482
-0.369834
-0.368548
-0.265727
-0.233039
-0.269942
-0.203229
-0.21071
-0.183582
-0.255877
-0.239763
-0.23947
-0.227609
-0.252128
-0.227144
-0.188056
-0.175474
-0.161825
-0.199173
-0.166066
-0.112635
-0.120969
-0.116448
-0.0824395
-0.0908423
-0.07732
-0.0807558
-0.0547921
-0.0534292
-0.0679849
-0.0539801
-0.00984197
0.00275209
-0.0846803
-0.0364001
-0.0156941
-0.0301226
-0.046802
-0.0520752
-0.0540099
-0.0498492
-0.0298034
0.0073778
0.00737649
-0.00110099
0.0077257
-0.00210305
0.00643843
-0.0205579
-0.0210216
-0.000645649
-0.0427746
-0.0318805
-0.0293555
-0.0491513
-0.0506841
-0.0662291
-0.0549651
-0.0612566
-0.0522987
-0.0716081
-0.0723482
-0.0620452
-0.0536166
-0.0632725
-0.0261497
-0.0118221
0.00371018
0.0113616
-0.00156326
0.0133557
0.000596139
-0.0173963
-0.00179534
0.014884
0.0232169
0.0199786
0.00271927
-1.58772e-05
0.0147023
-0.00911314
-0.00690914
-0.0183121
-0.0199693
0.0171228
-0.00303471
-0.000480381
0.0034266
0.0796994
0.0871134
0.0707222
0.0617992
0.129836
0.107152
0.0608912
0.000302814
0.0119463
0.00749091
0.0471264
0.0146614
0.0279645
0.0260994
-0.00412102
-0.0318627
0.00644252
-0.00430722
-0.0119961
-0.00569021
0.0152034
0.00214014
-0.000973629
-0.0250053
0.00429699
0.00321015
0.0175034
-0.0185703
-0.00471366
-0.000171201
0.0210439
0.0224022
0.0325016
0.0274611
0.0212146
0.0473252
0.0783488
0.0740198
0.0805168
0.0744468
0.098191
0.077807
0.0364948
0.0148885
0.0047039
0.0423248
0.0496401
0.162265
0.0803381
0.0605266
0.0451172
0.0955723
0.0657126
0.0872732
0.0736844
0.0777947
0.0341271
0.0164557
-0.00268276
0.00758867
0.0152669
0.0139327
-0.0209583
-0.0285555
-0.0654515
-0.0770662
-0.0973558
-0.102064
-0.110265
-0.0887216
-0.156936
-0.148292
-0.151024
-0.186033
-0.210266
-0.236869
-0.259879
-0.263391
-0.250661
-0.236659
-0.285764
-0.295229
-0.334569
-0.355056
-0.369829
-0.390621
-0.441103
-0.469141
-0.480282
-0.517965
-0.515241
-0.496073
-0.538822
-0.568327
-0.565381
-0.577642
-0.604448
-0.657875
-0.69842
-0.689981
-0.664549
-0.664639
-0.669182
-0.643048
-0.64699
-0.611236
-0.644118
-0.690946
-0.685063
-0.667441
-0.675554
-0.68105
-0.702325
-0.730998
-0.708455
-0.688872
-0.726162
-0.71772
-0.756139
-0.744951
-0.740028
-0.75814
-0.742146
-0.723273
-0.737809
-0.754281
-0.74649
-0.784773
-0.758164
-0.812448
-0.78851
-0.761594
-0.795213
-0.80216
-0.768264
-0.759782
-0.802586
-0.748273
-0.732234
-0.777662
-0.791578
-0.817755
-0.829468
-0.789419
-0.763116
-0.740869
-0.688442
-0.678448
-0.716046
-0.76429
-0.752435
-0.714574
-0.684709
-0.698076
-0.713672
-0.630778
-0.669098
-0.644591
-0.588938
-0.558228
-0.543146
-0.565323
-0.526094
-0.467753
-0.466558
-0.478531
-0.466011
-0.490898
-0.508533
-0.498752
-0.513881
-0.51925
-0.553729
-0.548952
-0.545327
-0.550664
-0.528797
-0.551573
-0.604088
-0.625553
-0.637041
-0.68147
-0.680191
-0.691538
-0.699389
-0.652119
-0.631365
-0.65625
-0.676795
-0.71261
-0.727524
-0.729656
-0.72896
-0.717061
-0.732226
-0.693222
-0.743132
-0.73481
-0.745979
-0.754787
-0.763386
-0.724662
-0.683151
-0.683756
-0.691857
-0.729583
-0.740852
-0.721196
-0.70283
-0.684876
-0.596739
-0.565521
-0.573377
-0.581917
-0.586402
-0.555873
-0.548013
-0.570016
-0.572857
-0.568367
-0.566203
-0.544007
-0.521979
-0.513246
-0.52901
-0.532015
-0.551668
-0.548646
-0.543404
-0.530368
-0.552201
-0.525802
-0.542349
-0.547626
-0.573983
-0.590253
-0.634707
-0.600284
-0.60135
-0.631636
-0.603823
-0.600421
-0.563813
-0.567539
-0.623357
-0.652842
-0.676369
-0.653359
-0.659499
-0.670312
-0.605638
-0.624633
-0.634705
-0.636589
-0.632837
-0.678587
-0.680525
-0.689176
-0.711492
-0.693063
-0.692848
-0.651864
-0.630357
-0.682876
-0.668844
-0.665136
-0.700893
-0.703672
-0.657924
-0.607964
-0.576668
-0.580068
-0.612998
-0.612194
-0.634878
-0.617709
-0.603303
-0.58516
-0.567433
-0.547751
-0.526872
-0.511
-0.527491
-0.552023
-0.58894
-0.558525
-0.562462
-0.536943
-0.534893
-0.504998
-0.451742
-0.469024
-0.470333
-0.392131
-0.428847
-0.41799
-0.431789
-0.373452
-0.408071
-0.382106
-0.336986
-0.336741
-0.286095
-0.257138
-0.2576
-0.226408
-0.159017
-0.167155
-0.144603
-0.0643822
-0.0311754
0.000585191
-0.0236076
-0.0480516
-0.0105338
0.000779369
0.0520781
0.0149682
0.0301027
0.0223926
0.0174259
-0.000335621
-0.00123775
0.0159251
0.0281269
0.00942009
0.111278
0.0507613
0.075982
0.073558
0.0873481
0.0973588
0.0724017
0.0445168
0.0144304
-0.0159336
0.00438783
0.0157209
0.0172516
0.0056624
-0.00624799
0.000531597
0.00589792
-0.00023069
0.0182918
0.00561383
-0.0158565
-0.0528896
0.139675
-0.132288
0.060658
-0.0786417
0.0160678
0.0066748
0.0128345
-0.0157163
0.00582916
0.0186129
0.00600344
-0.0150214
0.0117769
0.00537801
-0.0111917
-0.00760374
-0.001453
0.00107398
-0.00366208
-0.0168452
0.00778363
0.00143781
0.00605952
0.00975894
0.00260175
-0.0129948
-0.018438
0.00471475
-0.00932655
0.0286114
0.00491552
0.00320978
-0.00832807
0.0188617
0.0192302
0.0262915
0.0684215
0.00551222
0.0317218
0.0219408
0.00494854
0.00513166
0.0400835
0.0500954
0.0881162
0.129407
0.123485
0.0826411
0.0609521
0.0225863
0.0242217
0.019157
0.0102282
0.0265613
0.0225787
0.0176391
-0.00314175
-0.00389351
-0.0130902
-0.000394789
-0.000740308
-0.00286099
-0.0105304
-0.0123078
-0.0192157
0.00825812
-0.00604219
0.00445501
0.0105375
-0.0103339
0.0111128
-0.00241985
0.00356153
0.0238822
0.0103453
-0.0158143
-0.0140752
-0.0126819
0.01677
-0.00230595
0.000976771
-0.00640735
-0.0101352
0.0129304
-0.00977392
0.0164644
0.0148271
0.00681467
0.00848535
0.00393905
0.00749933
0.0144943
0.00175287
-0.0139376
0.0138359
-0.0144732
0.00547201
-0.017939
-0.00178065
-0.00201695
-0.00496621
-4.90965e-05
0.00306579
-0.0212502
0.00435852
-0.000498099
-0.00374261
-0.00529198
-0.00129204
0.0197905
-0.0127474
0.0105946
-0.00237574
0.00438059
-0.000276301
-0.00905378
-0.000778525
0.000942138
-0.012677
0.00768577
0.000703987
-0.00467791
0.00767578
-0.00382821
-0.00906237
-0.00728128
-0.0102315
-0.0135578
0.000738678
0.0151125
0.0238947
-0.0121643
0.0256389
0.0101901
-0.00242093
-0.00128894
-0.00710801
0.000602884
-0.0148636
-0.00641277
-0.00332959
0.00398417
-0.000176635
0.00838729
0.00363934
0.0015786
-0.0152029
0.00688645
0.00139993
0.00338216
0.00683947
0.0078458
0.0130685
0.0220102
-0.00246148
-0.00677911
0.0313187
0.00269771
-0.00386657
0.0250155
0.0198882
0.00942511
-0.00949645
-0.00717951
-0.0186872
-0.0108735
-0.0196104
0.00446704
-0.00723094
0.00387312
0.0146845
0.013975
0.00235236
-0.00151394
