-0.474078
-0.474086
-0.474044
-0.474069
-0.474053
-0.474041
-0.474068
-0.474038
-0.474053
-0.474048
-0.474037
-0.474036
-0.47406
-0.474045
-0.474025
-0.474049
-0.474024
-0.474004
-0.474033
-0.474034
-0.474027
-0.474029
-0.474028
-0.474074
-0.474005
-0.47408
-0.474059
-0.473995
-0.474048
-0.474039
-0.474068
-0.474076
-0.473995
-0.474042
-0.474023
-0.474038
-0.474043
-0.474074
-0.474018
-0.474054
-0.474079
-0.474044
-0.474029
-0.474034
-0.474042
-0.474081
-0.474034
-0.474076
-0.474033
-0.474073
-0.474057
-0.47401
-0.474035
-0.474031
-0.474076
-0.474012
-0.474106
-0.473994
-0.474019
-0.474027
-0.474013
-0.474031
-0.474024
-0.474051
-0.474032
-0.47404
-0.474005
-0.474004
-0.474046
-0.474077
-0.474004
-0.474072
-0.474046
-0.474074
-0.474062
-0.473996
-0.474021
-0.474012
-0.474058
-0.474052
-0.47403
-0.474068
-0.474051
-0.474073
-0.474037
-0.474069
-0.47403
-0.474072
-0.474058
-0.474076
-0.474081
-0.47406
-0.474078
-0.474071
-0.474068
-0.474048
-0.474028
-0.474091
-0.474034
-0.474007
-0.474051
-0.474039
-0.474039
-0.474075
-0.474068
-0.474054
-0.474063
-0.474039
-0.474073
-0.474047
-0.474036
-0.474049
-0.474049
-0.474057
-0.474029
-0.474004
-0.474043
-0.474067
-0.474006
-0.474073
-0.473998
-0.474037
-0.474019
-0.47403
-0.474061
-0.474061
-0.474033
-0.474085
-0.474053
-0.474061
-0.474066
-0.474044
-0.474005
-0.473987
-0.47406
-0.474002
-0.47408
-0.474014
-0.474079
-0.474067
-0.474077
-0.474119
-0.474015
-0.47402
-0.474062
-0.474023
-0.47404
-0.474033
-0.474097
-0.474029
-0.474073
-0.474099
-0.474036
-0.474047
-0.474089
-0.474029
-0.474016
-0.474031
-0.474059
-0.474024
-0.474039
-0.47403
-0.474034
-0.474071
-0.474008
-0.474005
-0.474039
-0.474048
-0.474029
-0.474016
-0.474002
-0.474047
-0.474046
-0.47402
-0.474021
-0.47402
-0.473964
-0.473957
-0.473904
-0.473962
-0.474019
-0.473997
-0.474016
-0.474019
-0.473935
-0.473854
-0.473767
-0.473661
-0.473648
-0.473676
-0.473754
-0.473798
-0.473745
-0.473716
-0.47363
-0.473566
-0.47336
-0.473238
-0.473087
-0.472817
-0.472493
-0.472103
-0.471874
-0.471584
-0.471397
-0.471162
-0.471045
-0.470736
-0.4705
-0.470281
-0.469995
-0.469731
-0.469486
-0.469191
-0.46885
-0.468368
-0.468326
-0.468308
-0.468312
-0.468327
-0.468348
-0.468304
-0.468325
-0.468311
-0.468316
-0.468321
-0.468288
-0.468274
-0.468335
-0.468318
-0.468279
-0.468349
-0.468384
-0.468323
-0.468295
-0.468291
-0.468311
-0.468264
-0.468183
-0.46803
-0.467915
-0.4678
-0.46762
-0.467415
-0.467176
-0.466984
-0.466718
-0.466472
-0.466247
-0.466036
-0.465939
-0.465971
-0.465902
-0.465907
-0.465863
-0.465957
-0.465938
-0.465871
-0.465975
-0.465955
-0.465961
-0.465947
-0.465938
-0.465945
-0.465935
-0.465961
-0.46596
-0.465928
-0.465953
-0.465939
-0.465929
-0.465918
-0.465961
-0.465917
-0.465984
-0.465911
-0.465942
-0.465979
-0.465977
-0.465883
-0.465945
-0.465931
-0.465871
-0.465812
-0.465808
-0.465786
-0.465763
-0.465745
-0.465761
-0.465772
-0.465747
-0.465685
-0.465646
-0.465561
-0.46502
-0.46448
-0.464035
-0.463823
-0.463466
-0.463248
-0.463229
-0.463225
-0.463083
-0.463108
-0.462523
-0.4619
-0.461129
-0.460046
-0.459217
-0.458393
-0.457845
-0.457556
-0.457394
-0.457221
-0.457169
-0.457135
-0.457169
-0.457199
-0.457183
-0.457038
-0.456881
-0.456765
-0.45656
-0.456517
-0.45654
-0.456538
-0.456486
-0.456509
-0.456464
-0.456345
-0.456295
-0.456262
-0.456199
-0.456172
-0.456133
-0.456079
-0.456032
-0.455857
-0.455687
-0.455601
-0.455352
-0.455016
-0.45479
-0.454458
-0.454064
-0.453646
-0.453321
-0.452962
-0.452686
-0.452321
-0.452043
-0.451871
-0.451689
-0.451498
-0.451344
-0.451202
-0.451103
-0.451029
-0.450883
-0.450809
-0.450702
-0.450386
-0.450007
-0.449637
-0.449215
-0.448747
-0.448423
-0.448131
-0.447993
-0.44795
-0.447781
-0.447773
-0.447703
-0.447658
-0.447558
-0.447437
-0.447331
-0.447321
-0.447265
-0.44725
-0.447126
-0.446984
-0.446772
-0.446779
-0.446868
-0.44761
-0.448785
-0.450111
-0.45072
-0.450853
-0.450866
-0.450802
-0.450581
-0.450087
-0.449848
-0.449805
-0.449872
-0.450144
-0.450515
-0.450804
-0.451196
-0.451554
-0.451909
-0.452248
-0.4527
-0.453183
-0.453656
-0.454398
-0.455344
-0.456176
-0.457123
-0.458169
-0.459329
-0.460558
-0.461973
-0.463301
-0.464758
-0.466085
-0.467317
-0.468363
-0.468873
-0.469901
-0.470842
-0.471852
-0.474053
-0.475339
-0.476848
-0.478638
-0.48035
-0.481777
-0.483418
-0.485069
-0.486806
-0.488867
-0.490903
-0.492851
-0.495034
-0.497319
-0.499512
-0.501584
-0.503625
-0.505733
-0.507716
-0.509826
-0.511932
-0.514011
-0.516133
-0.518301
-0.520315
-0.522635
-0.524813
-0.527054
-0.529398
-0.531479
-0.533826
-0.538177
-0.540455
-0.542694
-0.54478
-0.546977
-0.549035
-0.550807
-0.552747
-0.554708
-0.556673
-0.558917
-0.561399
-0.563945
-0.566354
-0.568981
-0.571351
-0.57428
-0.576942
-0.579887
-0.582923
-0.586022
-0.589057
-0.591939
-0.59504
-0.598082
-0.601227
-0.604473
-0.607582
-0.610639
-0.6137
-0.6169
-0.620147
-0.623351
-0.626492
-0.629555
-0.632441
-0.635424
-0.638786
-0.641946
-0.647496
-0.650199
-0.653068
-0.655839
-0.658665
-0.661428
-0.664003
-0.666695
-0.669255
-0.672094
-0.674668
-0.677428
-0.680149
-0.682805
-0.685558
-0.6885
-0.691489
-0.694562
-0.697571
-0.700545
-0.70355
-0.706631
-0.709777
-0.712961
-0.716006
-0.718896
-0.721662
-0.724389
-0.727124
-0.729856
-0.732394
-0.735131
-0.737766
-0.7406
-0.74357
-0.749038
-0.75201
-0.754872
-0.757679
-0.760673
-0.763759
-0.766928
-0.770038
-0.773112
-0.776228
-0.779485
-0.782853
-0.786179
-0.789634
-0.792655
-0.796146
-0.799508
-0.803122
-0.806447
-0.809656
-0.812797
-0.815886
-0.819032
-0.822249
-0.825544
-0.828628
-0.83171
-0.83484
-0.838116
-0.841078
-0.844358
-0.847359
-0.850648
-0.853938
-0.857465
-0.860785
-0.864088
-0.867745
-0.874273
-0.877679
-0.881111
-0.884231
-0.88751
-0.890677
-0.894007
-0.897027
-0.90025
-0.903147
-0.906136
-0.909003
-0.912046
-0.914987
-0.91791
-0.920889
-0.923889
-0.926927
-0.929905
-0.932901
-0.935881
-0.93884
-0.941998
-0.945123
-0.948242
-0.951297
-0.954378
-0.957294
-0.960369
-0.963479
-0.966569
-0.969789
-0.973104
-0.975876
-0.982079
-0.985294
-0.988529
-0.991566
-0.994786
-0.998075
-1.00135
-1.00476
-1.00819
-1.01145
-1.01499
-1.01855
-1.02224
-1.02594
-1.02951
-1.03301
-1.03654
-1.04014
-1.04356
-1.04685
-1.05004
-1.05314
-1.05618
-1.05913
-1.06209
-1.06493
-1.06796
-1.07085
-1.07398
-1.07697
-1.07996
-1.08266
-1.0856
-1.0884
-1.09157
-1.09483
-1.09828
-1.10147
-1.10475
-1.10814
-1.11383
-1.1169
-1.11973
-1.12279
-1.1256
-1.1283
-1.1305
-1.13237
-1.13403
-1.13547
-1.13711
-1.139
-1.14108
-1.14306
-1.1452
-1.14719
-1.14884
-1.15055
-1.15221
-1.15371
-1.15525
-1.15695
-1.15872
-1.16052
-1.16246
-1.1643
-1.16618
-1.1681
-1.16991
-1.17173
-1.1731
-1.17446
-1.17582
-1.17709
-1.17825
-1.17948
-1.18065
-1.18161
-1.18257
-1.18355
-1.18389
-1.18419
-1.18441
-1.18478
-1.18529
-1.18576
-1.18621
-1.18644
-1.18667
-1.18677
-1.1868
-1.1868
-1.18669
-1.18649
-1.18624
-1.18597
-1.18577
-1.18556
-1.18533
-1.18518
-1.18491
-1.1847
-1.18456
-1.18458
-1.18448
-1.18448
-1.18437
-1.18438
-1.1843
-1.18422
-1.1842
-1.18419
-1.18408
-1.18384
-1.18357
-1.18278
-1.18224
-1.18154
-1.1801
-1.17974
-1.17966
-1.17916
-1.17879
-1.17842
-1.17807
-1.1778
-1.17737
-1.17693
-1.17631
-1.17617
-1.17601
-1.17582
-1.17569
-1.17566
-1.17565
-1.17567
-1.17569
-1.17574
-1.17574
-1.1758
-1.17596
-1.17619
-1.17647
-1.17662
-1.17665
-1.17669
-1.17671
-1.17667
-1.17663
-1.17667
-1.17674
-1.17689
-1.1769
-1.1768
-1.1764
-1.17629
-1.17631
-1.17645
-1.17666
-1.17659
-1.17665
-1.17666
-1.1765
-1.17659
-1.17666
-1.17657
-1.17611
-1.17578
-1.17539
-1.17487
-1.17478
-1.1746
-1.17431
-1.17415
-1.17406
-1.17383
-1.1736
-1.1735
-1.17352
-1.1736
-1.17363
-1.17373
-1.17381
-1.17383
-1.17381
-1.17373
-1.17351
-1.17339
-1.17318
-1.17286
-1.17252
-1.17196
-1.17163
-1.17126
-1.171
-1.17067
-1.17012
-1.16998
-1.16962
-1.16919
-1.16902
-1.16879
-1.1685
-1.16816
-1.168
-1.168
-1.16777
-1.16769
-1.16738
-1.16684
-1.16657
-1.16615
-1.16596
-1.1657
-1.16563
-1.16535
-1.16521
-1.16484
-1.16462
-1.16426
-1.16399
-1.16375
-1.16355
-1.16309
-1.16221
-1.16173
-1.16109
-1.16058
-1.16004
-1.15981
-1.15962
-1.15962
-1.15954
-1.15949
-1.15944
-1.15944
-1.15943
-1.15944
-1.15941
-1.15941
-1.15935
-1.15936
-1.15923
-1.15915
-1.15911
-1.15892
-1.15883
-1.15869
-1.15842
-1.1582
-1.15798
-1.15767
-1.1574
-1.15723
-1.15705
-1.15682
-1.1566
-1.15646
-1.15623
-1.15561
-1.15532
-1.15491
-1.1546
-1.15405
-1.15359
-1.1528
-1.15193
-1.15099
-1.14994
-1.149
-1.14811
-1.14712
-1.14591
-1.14459
-1.14348
-1.14237
-1.14122
-1.14004
-1.13855
-1.1372
-1.13589
-1.13451
-1.13312
-1.13189
-1.13072
-1.12968
-1.12867
-1.12756
-1.12658
-1.12578
-1.12524
-1.12472
-1.12414
-1.12343
-1.12204
-1.12133
-1.12053
-1.11955
-1.11879
-1.11824
-1.11776
-1.11724
-1.11656
-1.11568
-1.1149
-1.11414
-1.11339
-1.1127
-1.11198
-1.11117
-1.11057
-1.10977
-1.10906
-1.10829
-1.1074
-1.10643
-1.10545
-1.10443
-1.10301
-1.10145
-1.09983
-1.09836
-1.09672
-1.09499
-1.09361
-1.09237
-1.09067
-1.08893
-1.08767
-1.08586
-1.08406
-1.08015
-1.07807
-1.07598
-1.07378
-1.07155
-1.06929
-1.06722
-1.06511
-1.06318
-1.0612
-1.05908
-1.05699
-1.05506
-1.053
-1.05107
-1.04894
-1.04678
-1.04476
-1.04397
-1.04294
-1.04182
-1.04071
-1.03976
-1.03892
-1.0381
-1.03736
-1.03682
-1.03622
-1.0358
-1.0353
-1.03494
-1.03463
-1.03424
-1.03368
-1.03281
-1.03177
-1.02929
-1.02809
-1.02688
-1.0259
-1.02558
-1.0252
-1.02453
-1.0237
-1.02285
-1.02225
-1.02183
-1.02116
-1.0206
-1.01995
-1.01951
-1.01892
-1.01828
-1.01788
-1.01745
-1.01707
-1.0169
-1.01686
-1.01678
-1.01684
-1.01685
-1.01693
-1.01716
-1.01724
-1.01732
-1.01738
-1.01731
-1.01718
-1.01712
-1.01684
-1.0167
-1.01641
-1.01596
-1.01586
-1.01565
-1.01557
-1.01547
-1.01547
-1.01539
-1.01538
-1.0154
-1.0154
-1.01537
-1.01543
-1.01544
-1.01545
-1.01544
-1.01543
-1.01548
-1.01547
-1.01551
-1.01553
-1.01552
-1.0155
-1.01557
-1.01554
-1.01551
-1.01551
-1.01553
-1.0155
-1.01553
-1.01551
-1.01556
-1.01558
-1.01551
-1.01555
-1.01552
-1.01551
-1.0155
-1.01554
-1.01551
-1.01552
-1.0155
-1.01552
-1.01551
-1.01547
-1.01553
-1.01553
-1.0155
-1.01548
-1.01541
-1.0153
-1.01535
-1.01531
-1.0153
-1.01524
-1.01493
-1.01444
-1.01362
-1.01249
-1.01121
-1.00969
-1.00806
-1.00632
-1.00469
-1.00319
-1.00151
-0.999792
-0.998091
-0.996398
-0.99478
-0.992029
-0.990751
-0.989588
-0.988031
-0.98632
-0.984617
-0.982573
-0.980312
-0.97806
-0.975685
-0.973361
-0.970849
-0.968297
-0.965639
-0.96297
-0.960467
-0.957842
-0.955217
-0.952906
-0.950151
-0.947609
-0.944813
-0.94211
-0.939177
-0.93628
-0.933548
-0.930876
-0.928266
-0.925683
-0.922907
-0.923101
-0.920399
-0.918992
-0.916575
-0.910503
-0.906661
-0.902287
-0.897596
-0.893003
-0.888657
-0.884688
-0.881148
-0.877787
-0.874981
-0.872421
-0.870216
-0.868076
-0.866109
-0.863531
-0.860796
-0.858258
-0.854913
-0.851644
-0.848056
-0.844697
-0.840219
-0.836577
-0.832417
-0.828662
-0.825491
-0.821971
-0.81837
-0.815649
-0.813003
-0.810073
-0.807464
-0.805125
-0.802834
-0.80018
-0.797743
-0.792683
-0.79022
-0.787195
-0.78377
-0.78036
-0.777283
-0.7736
-0.76977
-0.765598
-0.761572
-0.757807
-0.754442
-0.750205
-0.746653
-0.743448
-0.740188
-0.736491
-0.733408
-0.729776
-0.726781
-0.723399
-0.720405
-0.716819
-0.713734
-0.710491
-0.707215
-0.703916
-0.700556
-0.697084
-0.693569
-0.690159
-0.686732
-0.682949
-0.679513
-0.676061
-0.669431
-0.666283
-0.662876
-0.660125
-0.656571
-0.653729
-0.650118
-0.647224
-0.643484
-0.640411
-0.637184
-0.633882
-0.630774
-0.627478
-0.624127
-0.621162
-0.617751
-0.614407
-0.611554
-0.608122
-0.604823
-0.601414
-0.597919
-0.594051
-0.59055
-0.587549
-0.584093
-0.580767
-0.577453
-0.573897
-0.570509
-0.567323
-0.564111
-0.561138
-0.555205
-0.552073
-0.54903
-0.545792
-0.542634
-0.53917
-0.535934
-0.532355
-0.529036
-0.525188
-0.521976
-0.518387
-0.514816
-0.511595
-0.508343
-0.505176
-0.502036
-0.498937
-0.495889
-0.493048
-0.490142
-0.487187
-0.484203
-0.480915
-0.477898
-0.474905
-0.47171
-0.468459
-0.465193
-0.461868
-0.45856
-0.455342
-0.451628
-0.448304
-0.444974
-0.439208
-0.436231
-0.433013
-0.430021
-0.42692
-0.423935
-0.420907
-0.417941
-0.414863
-0.411874
-0.408837
-0.405746
-0.402741
-0.399529
-0.39638
-0.393296
-0.390284
-0.387397
-0.384434
-0.38139
-0.378462
-0.375509
-0.372633
-0.369685
-0.366852
-0.363774
-0.360713
-0.357447
-0.35435
-0.351268
-0.348217
-0.345037
-0.341903
-0.338712
-0.335401
-0.332287
-0.32933
-0.323727
-0.32064
-0.31769
-0.314661
-0.311693
-0.30862
-0.305653
-0.30252
-0.29961
-0.296695
-0.293868
-0.290941
-0.288063
-0.285102
-0.282322
-0.279369
-0.276604
-0.273635
-0.270754
-0.267695
-0.264789
-0.261894
-0.258965
-0.255938
-0.253017
-0.249798
-0.246712
-0.243456
-0.240312
-0.237082
-0.233864
-0.230596
-0.227113
-0.223959
-0.220722
-0.214447
-0.211178
-0.207948
-0.204787
-0.201509
-0.198315
-0.195057
-0.191811
-0.188502
-0.185363
-0.182014
-0.178734
-0.175404
-0.172075
-0.168701
-0.165137
-0.161685
-0.158213
-0.154792
-0.151394
-0.147939
-0.144487
-0.141216
-0.138109
-0.135141
-0.132321
-0.129589
-0.126804
-0.124003
-0.121076
-0.118053
-0.114751
-0.111633
-0.108468
-0.102263
-0.0989814
-0.0955934
-0.0922994
-0.0890951
-0.0857965
-0.0828848
-0.079915
-0.077217
-0.0743774
-0.0716507
-0.0689634
-0.0663749
-0.0637325
-0.0611123
-0.0584238
-0.0554621
-0.0526462
-0.0497247
-0.0468397
-0.0439684
-0.0409092
-0.0378375
-0.0347032
-0.0315312
-0.0284024
-0.0251713
-0.0220753
-0.0188987
-0.0158441
-0.0127809
-0.00978996
-0.00683825
-0.00339522
-0.000582535
0.00290922
0.00885414
0.0121004
0.0155497
0.019092
0.0226134
0.0261796
0.0299065
0.0335509
0.0374558
0.0412979
0.0450563
0.048965
0.0526963
0.0565602
0.0601616
0.0638352
0.0675278
0.0712481
0.0750514
0.0786425
0.0822382
0.0858794
0.0894254
0.093251
0.0969729
0.100728
0.104455
0.108323
0.112106
0.115871
0.119475
0.122982
0.126923
0.130219
0.133829
0.140247
0.143945
0.147503
0.150995
0.154633
0.158223
0.162025
0.165661
0.169242
0.17288
0.176286
0.179959
0.183462
0.187047
0.190801
0.194429
0.198326
0.201938
0.205696
0.209526
0.21347
0.217515
0.221541
0.225405
0.229362
0.233326
0.237469
0.241505
0.245537
0.249795
0.253933
0.258132
0.262193
0.266148
0.270188
0.274236
0.278642
0.282463
0.286115
0.290253
0.294054
0.30128
0.305068
0.308883
0.312752
0.316643
0.320683
0.324674
0.328673
0.332612
0.336573
0.34048
0.344379
0.348171
0.351679
0.35539
0.358927
0.362443
0.365833
0.369155
0.372415
0.375562
0.378993
0.382226
0.385431
0.388649
0.391996
0.395356
0.398866
0.402472
0.405989
0.409824
0.413394
0.417143
0.420729
0.424626
0.427772
0.431388
0.437221
0.440209
0.443013
0.445888
0.448514
0.451252
0.453955
0.456832
0.459796
0.463041
0.466251
0.469795
0.473177
0.47691
0.480386
0.484028
0.487776
0.491287
0.494937
0.498371
0.502019
0.505547
0.50904
0.512493
0.515887
0.519494
0.522997
0.526468
0.530027
0.533431
0.537
0.540475
0.543936
0.547284
0.550496
0.553909
0.557473
0.563669
0.566861
0.570107
0.573438
0.576717
0.579936
0.583149
0.586279
0.589461
0.592592
0.595806
0.598827
0.60185
0.604844
0.607884
0.610931
0.613976
0.616877
0.61987
0.622792
0.625758
0.628684
0.631612
0.634398
0.637083
0.639891
0.642578
0.64538
0.648242
0.651087
0.653682
0.656479
0.659072
0.662187
0.667329
0.670093
0.672663
0.675174
0.677675
0.680274
0.682798
0.685245
0.687613
0.689879
0.692362
0.694764
0.697266
0.699901
0.702357
0.704955
0.707318
0.709853
0.712441
0.714768
0.717319
0.719612
0.722031
0.724399
0.726716
0.729107
0.731494
0.73405
0.736629
0.739026
0.741472
0.743794
0.746268
0.748763
0.751047
0.755733
0.758049
0.760202
0.762225
0.764486
0.766812
0.768936
0.771016
0.773097
0.775016
0.77685
0.77863
0.780325
0.781993
0.783539
0.784946
0.786201
0.787715
0.789211
0.790715
0.791915
0.79353
0.795257
0.797037
0.798771
0.800506
0.802584
0.804447
0.806539
0.808504
0.810465
0.812478
0.814487
0.816461
0.820401
0.822304
0.82426
0.826073
0.828032
0.829767
0.831597
0.833315
0.835047
0.836783
0.838493
0.840038
0.841483
0.842978
0.844442
0.845856
0.847334
0.84856
0.849546
0.850518
0.851718
0.852389
0.852764
0.853364
0.853901
0.854667
0.855172
0.855811
0.856447
0.857005
0.857691
0.858403
0.859041
0.859962
0.861011
0.862174
0.863059
0.86364
0.864126
0.864385
0.864652
0.864875
0.865115
0.865301
0.865482
0.865621
0.865727
0.865842
0.86585
0.865844
0.865813
0.865817
0.865725
0.86569
0.865646
0.865534
0.865486
0.865322
0.865229
0.865137
0.865069
0.864926
0.864837
0.864758
0.864736
0.864522
0.864273
0.864071
0.863863
0.863661
0.863458
0.863052
0.863031
0.862953
0.862915
0.862912
0.862894
0.862886
0.862907
0.86299
0.863073
0.863044
0.863015
0.862951
0.862942
0.862934
0.862957
0.86291
0.862925
0.862924
0.862905
0.862892
0.862888
0.862907
0.862949
0.862911
0.862879
0.862842
0.862904
0.862842
0.862894
0.862931
0.862882
0.862919
0.86282
0.862823
0.862691
0.862621
0.862632
0.86264
0.862654
0.862614
0.862559
0.862546
0.862454
0.862392
0.862366
0.862331
0.862289
0.86228
0.862281
0.862371
0.862466
0.862518
0.862494
0.862569
0.862538
0.862406
0.862304
0.862136
0.86209
0.862082
0.862243
0.862228
0.862245
0.862194
0.862179
0.862174
0.862125
0.862208
0.862187
0.862228
0.862197
0.862205
0.862204
0.862192
0.862181
0.862197
0.862219
0.862245
0.86228
0.862278
0.8622
0.862271
0.862301
0.862259
0.862329
0.862286
0.862351
0.862357
0.862365
0.862358
0.862381
0.862382
0.862361
0.862371
0.862371
0.862373
0.862381
0.862347
0.862381
0.862413
0.862288
0.862378
0.862303
0.862286
0.862293
0.862277
0.862219
0.862237
0.862188
0.862238
0.862332
0.862436
0.862567
0.86272
0.862966
0.863307
0.86363
0.864071
0.86462
0.865157
0.865749
0.866485
0.867303
0.868237
0.869097
0.869695
0.870536
0.871114
0.871649
0.872511
0.873574
0.874684
0.875888
0.877114
0.87843
0.879861
0.881074
0.882489
0.883878
0.885516
0.887233
0.889355
0.891376
0.893392
0.895531
0.897582
0.902289
0.904485
0.90695
0.909363
0.911762
0.914279
0.916716
0.919095
0.9213
0.922981
0.924848
0.926654
0.928686
0.930884
0.933148
0.935333
0.937732
0.940031
0.942445
0.944959
0.947516
0.950143
0.952682
0.955294
0.957872
0.960619
0.963424
0.966273
0.969194
0.971961
0.974747
0.977676
0.980488
0.983426
0.986176
0.988914
0.993758
0.996144
0.998387
1.00051
1.00254
1.00418
1.00583
1.00733
1.00869
1.01001
1.0115
1.01289
1.01442
1.01563
1.01713
1.01843
1.01957
1.02061
1.02166
1.02272
1.0238
1.02486
1.02588
1.02684
1.02799
1.0292
1.03029
1.0315
1.03252
1.03358
1.03459
1.03551
1.03622
1.03687
1.03756
1.03869
1.03914
1.0397
1.04029
1.04087
1.04137
1.04201
1.04261
1.04319
1.04363
1.04395
1.04416
1.0444
1.04459
1.04481
1.04508
1.04556
1.04597
1.04625
1.04661
1.04685
1.04703
1.04729
1.04759
1.04803
1.04838
1.04884
1.04936
1.04969
1.05012
1.05049
1.0508
1.05105
1.05128
1.05181
1.05197
1.05224
1.05257
1.05266
1.05272
1.05274
1.05295
1.05309
1.05324
1.05351
1.05362
1.05374
1.0539
1.05396
1.05395
1.05402
1.05397
1.05395
1.05397
1.05399
1.05401
1.05402
1.054
1.05395
1.05392
1.05381
1.05374
1.05369
1.05353
1.05341
1.05332
1.05317
1.05305
1.0529
1.05274
1.0525
1.0523
1.05214
1.05182
1.05146
1.05127
1.05103
1.05086
1.05072
1.05065
1.05052
1.05042
1.05043
1.05043
1.05039
1.05043
1.05045
1.0505
1.05049
1.05053
1.05067
1.05069
1.05086
1.05105
1.05123
1.05146
1.0516
1.05173
1.05192
1.05209
1.05237
1.05266
1.05284
1.0528
1.05281
1.05276
1.05268
1.05254
1.05227
1.05184
1.05085
1.05006
1.04929
1.04889
1.04842
1.04797
1.04765
1.04744
1.04707
1.04684
1.04654
1.04633
1.04625
1.04616
1.04599
1.04589
1.04564
1.04537
1.04496
1.04462
1.04421
1.04389
1.04372
1.04334
1.04303
1.04282
1.04258
1.0424
1.04236
1.04225
1.04229
1.04226
1.04236
1.04229
1.04237
1.04248
1.04259
1.04273
1.04285
1.04295
1.04306
1.04325
1.04338
1.04349
1.04355
1.04356
1.04365
1.04366
1.0437
1.04374
1.04369
1.04372
1.04378
1.0438
1.04383
1.04382
1.04382
1.04383
1.04382
1.04381
1.04379
1.04383
1.0438
1.0438
1.04378
1.0438
1.04384
1.04387
1.04386
1.04398
1.04395
1.04394
1.04394
1.04392
1.04384
1.04381
1.04373
1.04361
1.04349
1.04343
1.04332
1.04318
1.04306
1.04295
1.04276
1.04264
1.04248
1.04232
1.04215
1.04189
1.04175
1.04155
1.04137
1.04132
1.04122
1.04118
1.04107
1.04097
1.04089
1.0407
1.04052
1.04034
1.03997
1.03955
1.03931
1.03901
1.03871
1.03805
1.03753
1.0369
1.03618
1.03529
1.03442
1.03355
1.03269
1.03176
1.03058
1.02955
1.02839
1.02726
1.0261
1.0248
1.02321
1.02181
1.02064
1.01923
1.01758
1.0162
1.01476
1.01301
1.01148
1.0098
1.00835
1.00665
1.00519
1.00357
1.00189
1.00041
0.998854
0.997189
0.994412
0.992773
0.991082
0.989529
0.987826
0.986008
0.984127
0.982316
0.980484
0.978667
0.976701
0.974642
0.972527
0.970426
0.968333
0.965999
0.96382
0.961608
0.959473
0.957512
0.955294
0.953112
0.951179
0.948996
0.946821
0.944669
0.942622
0.940728
0.93879
0.936784
0.934708
0.932591
0.930576
0.926892
0.92491
0.923366
0.92157
0.91983
0.917906
0.915919
0.913851
0.911552
0.909405
0.907327
0.905007
0.90281
0.900622
0.898938
0.896559
0.894192
0.891829
0.889781
0.887295
0.885038
0.882905
0.880408
0.878094
0.875511
0.873067
0.870539
0.868021
0.865731
0.863355
0.861088
0.858591
0.856166
0.853754
0.851257
0.848799
0.846731
0.844164
0.841672
0.839188
0.834506
0.831939
0.829345
0.826884
0.824558
0.821946
0.819307
0.816611
0.81404
0.811259
0.808702
0.806064
0.803296
0.800604
0.797909
0.79532
0.792583
0.790063
0.787343
0.784741
0.781926
0.779294
0.776527
0.773948
0.771443
0.768944
0.766423
0.763749
0.761202
0.758458
0.75584
0.75333
0.750742
0.748045
0.74512
0.739567
0.736766
0.733905
0.731007
0.728093
0.724962
0.721892
0.718838
0.716009
0.713006
0.710096
0.707094
0.704073
0.701139
0.698477
0.695654
0.693087
0.690452
0.687958
0.685157
0.682396
0.679611
0.676978
0.674269
0.671269
0.668276
0.66532
0.662426
0.659676
0.656868
0.653825
0.650823
0.6473
0.644243
0.638773
0.635678
0.632908
0.630079
0.62737
0.624599
0.621901
0.619097
0.616211
0.613283
0.61042
0.607836
0.605156
0.602787
0.60021
0.597464
0.594544
0.591638
0.589094
0.586048
0.583266
0.580173
0.577156
0.574099
0.571019
0.568198
0.565424
0.562518
0.559637
0.556645
0.55377
0.550759
0.547894
0.54488
0.541686
0.538689
0.533096
0.530235
0.527208
0.524244
0.521118
0.518066
0.514866
0.511795
0.508777
0.505733
0.502476
0.499314
0.496128
0.4933
0.489757
0.486365
0.483041
0.479621
0.476483
0.473193
0.469857
0.46648
0.462939
0.459522
0.456257
0.452987
0.449465
0.445974
0.442445
0.439083
0.435613
0.432281
0.428786
0.425186
0.42183
0.418026
0.414626
0.407902
0.404396
0.400937
0.397524
0.393881
0.390355
0.386713
0.383208
0.379683
0.375948
0.372306
0.368678
0.365259
0.361487
0.357839
0.354023
0.350141
0.346663
0.342742
0.338802
0.334743
0.330725
0.326895
0.322954
0.318895
0.314736
0.310646
0.306604
0.302387
0.29787
0.29325
0.288716
0.284058
0.279247
0.274431
0.26924
0.264564
0.259901
0.251191
0.246886
0.242471
0.237942
0.233536
0.229172
0.22463
0.219939
0.215437
0.210928
0.206302
0.201748
0.197292
0.192878
0.188448
0.184176
0.179956
0.175892
0.171759
0.167696
0.163463
0.159524
0.155502
0.15132
0.147185
0.143209
0.139078
0.134973
0.130709
0.126596
0.122446
0.118249
0.113953
0.10964
0.104888
0.0965953
0.0923411
0.0883097
0.0842669
0.0801559
0.0759006
0.0716952
0.0674478
0.06319
0.0586633
0.0543393
0.0499673
0.0453595
0.0407808
0.0364703
0.0321244
0.0276463
0.0231904
0.01897
0.0147887
0.0104844
0.00620101
0.00199332
-0.00220473
-0.00629815
-0.0106372
-0.0150916
-0.0193755
-0.0236536
-0.0281893
-0.0327712
-0.037353
-0.0417207
-0.0462713
-0.0508436
-0.0552755
-0.0601252
-0.0687557
-0.073375
-0.0778908
-0.082441
-0.0871148
-0.0917288
-0.0963105
-0.101237
-0.10601
-0.110834
-0.115675
-0.120656
-0.125709
-0.130501
-0.135438
-0.140456
-0.145443
-0.150279
-0.15509
-0.159796
-0.164412
-0.169032
-0.173659
-0.178302
-0.182678
-0.187164
-0.191534
-0.196008
-0.200435
-0.204954
-0.209555
-0.214206
-0.218921
-0.223729
-0.22871
-0.233551
-0.238732
-0.247945
-0.252466
-0.257031
-0.261786
-0.266701
-0.271748
-0.27661
-0.281766
-0.286996
-0.292234
-0.29753
-0.303023
-0.308517
-0.314073
-0.319759
-0.325374
-0.330796
-0.33624
-0.341596
-0.346916
-0.352169
-0.357777
-0.363249
-0.368706
-0.374191
-0.379805
-0.385442
-0.391253
-0.397103
-0.402672
-0.408325
-0.413982
-0.419419
-0.424764
-0.430063
-0.436152
-0.441004
-0.452434
-0.458334
-0.464202
-0.470173
-0.476068
-0.481858
-0.487743
-0.493333
-0.498767
-0.504217
-0.509616
-0.515026
-0.520569
-0.526038
-0.531595
-0.537179
-0.542828
-0.548239
-0.553838
-0.559309
-0.564751
-0.570362
-0.576005
-0.581404
-0.586783
-0.59216
-0.59751
-0.602845
-0.608229
-0.613591
-0.618713
-0.624025
-0.629216
-0.634304
-0.639941
-0.649882
-0.655012
-0.660204
-0.665262
-0.670138
-0.675072
-0.680111
-0.685109
-0.689828
-0.694692
-0.699531
-0.704188
-0.708817
-0.713562
-0.71815
-0.722685
-0.727287
-0.731985
-0.736584
-0.741194
-0.745651
-0.750064
-0.754511
-0.758823
-0.763176
-0.767724
-0.772144
-0.776676
-0.781209
-0.785983
-0.790605
-0.795264
-0.799924
-0.804752
-0.809505
-0.814356
-0.819649
-0.828345
-0.83293
-0.837538
-0.841956
-0.846334
-0.850714
-0.855044
-0.859339
-0.863648
-0.867803
-0.872163
-0.876448
-0.880536
-0.88463
-0.88875
-0.892797
-0.89657
-0.90035
-0.904055
-0.907641
-0.911161
-0.914262
-0.917387
-0.920316
-0.923375
-0.926239
-0.929097
-0.931565
-0.933961
-0.936388
-0.938475
-0.940508
-0.942304
-0.943907
-0.945317
-0.94678
-0.947184
-0.947524
-0.947808
-0.948163
-0.948751
-0.949148
-0.949339
-0.949515
-0.949514
-0.949549
-0.949509
-0.94957
-0.949475
-0.949309
-0.949088
-0.948715
-0.948241
-0.94771
-0.946853
-0.945778
-0.944627
-0.943597
-0.943071
-0.942343
-0.941408
-0.940616
-0.940082
-0.939731
-0.93924
-0.939028
-0.938868
-0.938883
-0.938999
-0.939415
-0.940387
-0.941525
-0.943611
-0.945483
-0.947577
-0.950017
-0.952503
-0.954644
-0.956957
-0.959826
-0.962948
-0.966371
-0.969782
-0.97286
-0.975802
-0.978756
-0.981742
-0.984827
-0.987871
-0.990816
-0.993903
-0.997081
-1.00058
-1.00421
-1.00785
-1.01132
-1.01486
-1.01824
-1.02177
-1.02517
-1.02835
-1.03172
-1.03506
-1.03874
-1.04241
-1.04612
-1.05326
-1.0567
-1.06004
-1.06321
-1.06671
-1.07007
-1.07357
-1.077
-1.08049
-1.08382
-1.08717
-1.09043
-1.09379
-1.09733
-1.10063
-1.1039
-1.10698
-1.11023
-1.11329
-1.11673
-1.11988
-1.12311
-1.12628
-1.12937
-1.13241
-1.13556
-1.13868
-1.14169
-1.14465
-1.14774
-1.15067
-1.15342
-1.15584
-1.15813
-1.16025
-1.1623
-1.16421
-1.16739
-1.16863
-1.16975
-1.17062
-1.17124
-1.17182
-1.17215
-1.17245
-1.17268
-1.17292
-1.17298
-1.17306
-1.17319
-1.17334
-1.17363
-1.17412
-1.17484
-1.17578
-1.17677
-1.17764
-1.17864
-1.18007
-1.18179
-1.18379
-1.18576
-1.18794
-1.19006
-1.19205
-1.19417
-1.19622
-1.19792
-1.19941
-1.20066
-1.20142
-1.20175
-1.20181
-1.2017
-1.20138
-1.20108
-1.20087
-1.2008
-1.20064
-1.1998
-1.19928
-1.19867
-1.198
-1.19744
-1.1967
-1.19557
-1.19342
-1.19252
-1.19159
-1.19135
-1.19073
-1.19036
-1.19003
-1.18963
-1.18913
-1.18864
-1.18798
-1.18711
-1.18664
-1.18587
-1.18502
-1.18405
-1.18273
-1.18133
-1.17983
-1.17837
-1.17694
-1.17513
-1.17308
-1.17117
-1.16686
-1.16435
-1.16159
-1.15894
-1.15615
-1.15357
-1.15098
-1.14855
-1.14647
-1.14477
-1.14363
-1.14304
-1.14276
-1.14255
-1.14262
-1.14248
-1.14248
-1.14244
-1.14248
-1.1424
-1.14235
-1.1422
-1.14183
-1.14131
-1.14069
-1.13928
-1.13801
-1.13642
-1.13481
-1.13287
-1.13083
-1.12885
-1.12422
-1.1218
-1.1192
-1.11681
-1.11419
-1.11178
-1.10933
-1.10699
-1.10472
-1.10267
-1.10049
-1.09853
-1.0964
-1.0943
-1.09213
-1.08981
-1.08738
-1.08486
-1.08211
-1.07941
-1.07663
-1.07436
-1.07156
-1.06885
-1.06617
-1.06332
-1.06054
-1.05828
-1.05754
-1.05597
-1.05423
-1.05297
-1.0516
-1.05036
-1.04788
-1.04657
-1.04548
-1.04438
-1.04338
-1.04233
-1.04108
-1.03987
-1.03859
-1.03729
-1.03574
-1.03434
-1.03286
-1.0314
-1.0299
-1.02837
-1.0268
-1.02512
-1.02335
-1.0218
-1.02027
-1.01879
-1.01719
-1.01579
-1.01441
-1.01318
-1.01199
-1.01088
-1.00982
-1.00877
-1.00762
-1.00619
-1.00474
-1.0038
-1.003
-1.00232
-1.00184
-1.00124
-1.00091
-1.00048
-1.00022
-0.999778
-0.999393
-0.999145
-0.998959
-0.998931
-0.99893
-0.998912
-0.998927
-0.998844
-0.998794
-0.998749
-0.998645
-0.998585
-0.998508
-0.998391
-0.998347
-0.998281
-0.998321
-0.99833
-0.998297
-0.998266
-0.998238
-0.998217
-0.99824
-0.99828
-0.998259
-0.998262
-0.998124
-0.998116
-0.998176
-0.998117
-0.998124
-0.998115
-0.998101
-0.998088
-0.998099
-0.998088
-0.998095
-0.998122
-0.998094
-0.998077
-0.998126
-0.998128
-0.998196
-0.998261
-0.998323
-0.998439
-0.998569
-0.9986
-0.998657
-0.998601
-0.998631
-0.998584
-0.998595
-0.998649
-0.998711
-0.99867
-0.998696
-0.998772
-0.998716
-0.998687
-0.998716
-0.998727
-0.998756
-0.998745
-0.998738
-0.998745
-0.998785
-0.99876
-0.998735
-0.998745
-0.99875
-0.998792
-0.998743
-0.99878
-0.998745
-0.998745
-0.998748
-0.998755
-0.998758
-0.998762
-0.998726
-0.998707
-0.99861
-0.998642
-0.998653
-0.998647
-0.99868
-0.998691
-0.998624
-0.998667
-0.998679
-0.998621
-0.998664
-0.998609
-0.998589
-0.998681
-0.998606
-0.998672
-0.998619
-0.998639
-0.998641
-0.998663
-0.998631
-0.998619
-0.998559
-0.998632
-0.998654
-0.998618
-0.998656
-0.998636
-0.998792
-0.998811
-0.998833
-0.998891
-0.998837
-0.998734
-0.998654
-0.998621
-0.998537
-0.998567
-0.998602
-0.998569
-0.998565
-0.998604
-0.998547
-0.998585
-0.998621
-0.998577
-0.998586
-0.998574
-0.998572
-0.998533
-0.998597
-0.998584
-0.998608
-0.998585
-0.99859
-0.998579
-0.998606
-0.998634
-0.998565
-0.998622
-0.998574
-0.998596
-0.998616
-0.998612
-0.998644
-0.998677
-0.998609
-0.998616
-0.998607
-0.998617
-0.99867
-0.99875
-0.998878
-0.999089
-0.999193
-0.999226
-0.999214
-0.999227
-0.999197
-0.999188
-0.999175
-0.999128
-0.999075
-0.999073
-0.99905
-0.999056
-0.99908
-0.999077
-0.99909
-0.999116
-0.999158
-0.999167
-0.999216
-0.999207
-0.999179
-0.999151
-0.999142
-0.999174
-0.999064
-0.999096
-0.998995
-0.998984
-0.998865
-0.998721
-0.998676
-0.998616
-0.998595
-0.998511
-0.998225
-0.997966
-0.997487
-0.996736
-0.995876
-0.994839
-0.993642
-0.992306
-0.990881
-0.989325
-0.987882
-0.986431
-0.984954
-0.983756
-0.982444
-0.98109
-0.979745
-0.978572
-0.977406
-0.976102
-0.97472
-0.973245
-0.971598
-0.969679
-0.967799
-0.965898
-0.9638
-0.961614
-0.959388
-0.957044
-0.95479
-0.952644
-0.950392
-0.948033
-0.945653
-0.943055
-0.940591
-0.937992
-0.935241
-0.93252
-0.930266
-0.928945
-0.926355
-0.924012
-0.921071
-0.918057
-0.914598
-0.911201
-0.907222
-0.903594
-0.899856
-0.896349
-0.893293
-0.890573
-0.888176
-0.886198
-0.884335
-0.882636
-0.880968
-0.879018
-0.876906
-0.874636
-0.871832
-0.869
-0.86565
-0.862251
-0.858463
-0.854588
-0.850662
-0.846733
-0.842971
-0.839274
-0.835563
-0.831983
-0.828263
-0.824727
-0.820845
-0.817203
-0.813783
-0.810151
-0.803429
-0.799753
-0.796282
-0.792566
-0.789035
-0.785263
-0.781439
-0.777784
-0.773879
-0.770027
-0.766098
-0.761988
-0.757958
-0.753901
-0.749659
-0.745683
-0.74173
-0.737842
-0.734082
-0.730064
-0.726047
-0.722395
-0.718708
-0.715121
-0.711553
-0.708007
-0.704634
-0.701139
-0.697721
-0.694122
-0.690586
-0.686967
-0.683358
-0.679591
-0.675721
-0.671906
-0.668079
-0.664215
-0.660121
-0.656248
-0.652591
-0.645635
-0.641929
-0.638161
-0.634664
-0.631089
-0.627569
-0.624034
-0.620346
-0.616836
-0.613407
-0.609967
-0.60651
-0.602869
-0.599335
-0.595811
-0.592239
-0.588844
-0.585382
-0.581831
-0.578181
-0.574425
-0.570757
-0.567054
-0.563504
-0.560149
-0.556664
-0.553167
-0.549613
-0.546097
-0.542742
-0.539328
-0.535966
-0.5326
-0.52921
-0.525801
-0.522341
-0.5188
-0.515358
-0.512003
-0.508314
-0.505045
-0.501679
-0.495639
-0.49266
-0.489694
-0.48672
-0.483534
-0.480246
-0.476995
-0.473705
-0.470367
-0.467024
-0.46335
-0.459905
-0.456343
-0.453015
-0.449746
-0.44641
-0.443379
-0.440105
-0.437171
-0.434193
-0.431044
-0.427745
-0.424421
-0.421193
-0.418057
-0.414674
-0.411193
-0.407919
-0.40471
-0.401572
-0.398314
-0.395081
-0.391995
-0.388554
-0.385681
-0.380093
-0.377132
-0.374385
-0.371616
-0.368828
-0.366135
-0.363216
-0.360304
-0.357345
-0.354382
-0.351336
-0.348338
-0.34522
-0.341963
-0.338596
-0.335293
-0.332053
-0.329012
-0.325963
-0.323057
-0.320228
-0.317512
-0.31513
-0.312852
-0.31058
-0.308442
-0.306469
-0.304287
-0.302163
-0.300077
-0.298009
-0.295824
-0.293564
-0.291315
-0.288871
-0.286685
-0.2845
-0.280453
-0.278406
-0.276225
-0.273958
-0.271848
-0.269566
-0.267349
-0.265304
-0.263176
-0.261117
-0.259127
-0.257075
-0.255091
-0.253271
-0.25148
-0.249737
-0.248107
-0.246548
-0.244862
-0.24337
-0.242011
-0.240978
-0.240015
-0.239531
-0.239366
-0.23937
-0.239423
-0.239913
-0.240617
-0.241376
-0.242571
-0.243633
-0.244527
-0.24527
-0.245924
-0.246674
-0.247402
-0.247967
-0.248118
-0.248096
-0.247771
-0.247014
-0.246391
-0.245463
-0.244379
-0.243194
-0.241895
-0.240761
-0.239569
-0.238246
-0.237186
-0.236272
-0.235544
-0.235052
-0.234794
-0.234599
-0.234526
-0.234598
-0.234735
-0.234858
-0.234841
-0.23476
-0.234323
-0.233512
-0.232235
-0.230533
-0.228386
-0.225684
-0.222846
-0.219666
-0.216221
-0.212662
-0.209205
-0.205871
-0.2029
-0.200263
-0.195848
-0.193978
-0.192291
-0.190782
-0.189331
-0.18846
-0.187812
-0.187095
-0.186476
-0.186116
-0.185637
-0.184967
-0.184522
-0.184109
-0.183654
-0.183114
-0.18274
-0.182558
-0.182574
-0.182615
-0.182638
-0.182811
-0.183201
-0.183607
-0.184215
-0.184779
-0.185382
-0.185956
-0.186562
-0.187568
-0.188353
-0.188947
-0.189387
-0.189646
-0.189798
-0.19007
-0.190116
-0.190084
-0.190041
-0.189981
-0.189911
-0.189716
-0.189474
-0.189346
-0.189204
-0.189176
-0.189117
-0.189122
-0.189092
-0.189222
-0.189358
-0.189574
-0.189725
-0.189921
-0.190026
-0.19013
-0.190129
-0.190135
-0.190106
-0.190085
-0.190085
-0.189968
-0.189989
-0.18997
-0.189855
-0.189911
-0.189895
-0.189974
-0.189967
-0.190059
-0.190249
-0.190205
-0.190402
-0.190429
-0.190381
-0.190433
-0.190362
-0.190354
-0.190305
-0.190301
-0.19024
-0.190269
-0.19024
-0.19027
-0.190241
-0.190297
-0.190322
-0.19031
-0.190294
-0.190407
-0.190439
-0.190353
-0.190346
-0.190366
-0.190368
-0.190328
-0.190328
-0.190374
-0.190323
-0.190332
-0.19036
-0.190393
-0.190381
-0.1904
-0.190408
-0.190426
-0.190389
-0.190392
-0.19048
-0.1904
-0.190396
-0.190416
-0.190431
-0.190408
-0.190406
-0.190366
-0.190391
-0.190403
-0.190499
-0.190491
-0.190452
-0.190486
-0.19048
-0.190534
-0.190494
-0.190508
-0.190468
-0.190474
-0.190524
-0.190446
-0.190534
-0.190532
-0.190484
-0.19057
-0.190535
-0.19057
-0.190567
-0.190543
-0.190563
-0.190606
-0.190463
-0.190501
-0.190513
-0.190568
-0.190581
-0.19052
-0.190544
-0.190541
-0.190537
-0.190579
-0.190525
-0.190582
-0.190541
-0.19056
-0.19061
-0.190605
-0.19057
-0.190601
-0.190554
-0.190651
-0.190593
-0.190615
-0.190602
-0.190637
-0.190611
-0.19059
-0.190598
-0.190609
-0.190557
-0.190603
-0.190619
-0.190605
-0.190651
-0.190615
-0.19058
-0.190632
-0.190601
-0.190606
-0.190572
-0.190663
-0.1906
-0.190586
-0.190686
-0.190626
-0.190657
-0.190662
-0.190641
-0.19073
-0.190678
-0.190643
-0.190715
-0.190654
-0.190634
-0.190625
-0.190665
-0.19062
-0.190652
-0.190603
-0.190649
-0.19063
-0.190667
-0.190711
-0.190657
-0.190643
-0.190667
-0.19065
-0.190669
-0.190661
-0.190701
-0.190687
-0.19068
-0.190669
-0.190676
-0.190673
-0.190654
-0.190697
-0.190674
-0.190647
-0.190667
-0.190705
-0.1907
-0.190686
-0.190695
-0.190719
-0.190711
-0.190681
-0.190646
-0.190653
-0.190678
-0.190721
-0.190725
-0.190656
-0.190705
-0.190634
-0.190699
-0.190685
-0.190681
-0.19074
-0.190711
-0.190704
-0.19068
-0.190684
-0.190698
-0.190757
-0.190714
-0.19067
-0.190739
-0.190668
-0.190656
-0.190649
-0.190762
-0.190713
-0.190718
-0.190694
-0.190729
-0.19073
-0.190728
-0.190756
-0.190739
-0.190715
-0.190696
-0.190655
-0.190737
-0.190674
-0.190721
-0.190751
-0.190731
-0.190687
-0.190728
-0.190712
-0.190706
