-0.0867918
-0.0892554
-0.0898225
-0.0878478
-0.0894494
-0.0889785
-0.0885573
-0.0901541
-0.0889321
-0.0864934
-0.0897495
-0.0884529
-0.0897578
-0.0897396
-0.0892521
-0.0881611
-0.0875079
-0.0899651
-0.0904775
-0.0907064
-0.0908043
-0.0873852
-0.0882025
-0.0865763
-0.0902288
-0.0891907
-0.0888574
-0.0913151
-0.0899187
-0.0870421
-0.0887381
-0.0888293
-0.0918376
-0.0899236
-0.0895605
-0.0901409
-0.0895406
-0.0894676
-0.0912205
-0.0875908
-0.0892919
-0.088438
-0.0898424
-0.0898026
-0.0883418
-0.0880799
-0.0892803
-0.0881959
-0.0906683
-0.0874051
-0.0900646
-0.0879837
-0.0900679
-0.0890067
-0.0894743
-0.089786
-0.087125
-0.0918177
-0.0882904
-0.0889884
-0.0888425
-0.0904576
-0.088874
-0.0890249
-0.0915158
-0.0881445
-0.0889138
-0.0904327
-0.0895422
-0.0881594
-0.0913151
-0.0885888
-0.0884065
-0.0878759
-0.0884313
-0.0913499
-0.0884662
-0.0907711
-0.0882075
-0.08998
-0.0885292
-0.0896434
-0.0917613
-0.0881462
-0.0892272
-0.0895754
-0.0896534
-0.0877881
-0.0892421
-0.0872675
-0.0869012
-0.087798
-0.0875212
-0.0878676
-0.0880997
-0.0882191
-0.0908839
-0.0890332
-0.0899568
-0.0894229
-0.0857741
-0.0908324
-0.090189
-0.0905339
-0.0871598
-0.0892819
-0.0877433
-0.0914411
-0.0855006
-0.0894693
-0.0900596
-0.0899601
-0.0897794
-0.089534
-0.0900215
-0.0904991
-0.090058
-0.0882954
-0.0919537
-0.086578
-0.0913035
-0.0900381
-0.0886784
-0.0887596
-0.0907611
-0.0873421
-0.0913284
-0.0872443
-0.0902653
-0.0881097
-0.0887812
-0.0895721
-0.0893565
-0.0899452
-0.0877997
-0.0906931
-0.0888176
-0.090645
-0.0867354
-0.0898557
-0.0874499
-0.0868365
-0.0915954
-0.0876256
-0.0874167
-0.0891625
-0.0900364
-0.0879141
-0.0892521
-0.0904444
-0.0883186
-0.0883965
-0.0879721
-0.0900895
-0.0877201
-0.0909684
-0.0907462
-0.0888491
-0.0903813
-0.0901691
-0.086631
-0.0894676
-0.0894892
-0.0903299
-0.0904046
-0.0884695
-0.0911907
-0.0906384
-0.0904344
-0.0905671
-0.0914959
-0.0874051
-0.0904444
-0.0888375
-0.0897545
-0.0921428
-0.0916319
-0.0914229
-0.0937205
-0.0924563
-0.0895936
-0.0923584
-0.0918824
-0.0918293
-0.0906401
-0.0950214
-0.0969782
-0.101103
-0.0992112
-0.0973002
-0.0975642
-0.092511
-0.096379
-0.0947974
-0.0965433
-0.0934998
-0.0954429
-0.0959989
-0.0982465
-0.101075
-0.108099
-0.114968
-0.114448
-0.113038
-0.110215
-0.106124
-0.101189
-0.101902
-0.0993158
-0.0971691
-0.0945385
-0.0984607
-0.0979858
-0.101058
-0.104529
-0.110694
-0.109505
-0.111988
-0.110107
-0.106646
-0.103633
-0.100797
-0.0977269
-0.099178
-0.0990219
-0.0987811
-0.0998572
-0.100154
-0.0968935
-0.0982913
-0.0975559
-0.0979593
-0.0976356
-0.0961798
-0.0931564
-0.0982847
-0.0945285
-0.0919056
-0.0912272
-0.0898358
-0.0873024
-0.0816384
-0.0814479
-0.0785645
-0.0764568
-0.0756109
-0.0748097
-0.0793527
-0.0809178
-0.0802934
-0.0808764
-0.0775478
-0.0755148
-0.0754288
-0.0743479
-0.0707686
-0.072228
-0.0734476
-0.0698008
-0.0728915
-0.0713345
-0.07358
-0.0722793
-0.0711144
-0.0729445
-0.0740814
-0.0712517
-0.0729892
-0.0706992
-0.0731563
-0.0733979
-0.0736147
-0.0702707
-0.0721271
-0.0708017
-0.0728336
-0.0723571
-0.072597
-0.0706528
-0.0751871
-0.0719417
-0.07287
-0.0741079
-0.0777978
-0.0745018
-0.0775561
-0.0766637
-0.0785214
-0.0774766
-0.0731927
-0.078278
-0.0782316
-0.0795581
-0.0825611
-0.096613
-0.111191
-0.113593
-0.112809
-0.116989
-0.115759
-0.110974
-0.102849
-0.105484
-0.0980689
-0.105386
-0.114467
-0.124701
-0.137176
-0.142967
-0.153048
-0.15471
-0.14984
-0.131193
-0.117642
-0.106508
-0.100312
-0.0904809
-0.0868299
-0.0807505
-0.0838054
-0.0875726
-0.0893731
-0.0893864
-0.0899435
-0.0872974
-0.0895257
-0.0877881
-0.0903979
-0.0891891
-0.0921693
-0.0912454
-0.0898424
-0.0892786
-0.0843373
-0.0820691
-0.0792169
-0.0760247
-0.0762217
-0.0752781
-0.0726996
-0.0732391
-0.0755496
-0.0763459
-0.0771587
-0.0779998
-0.0836198
-0.0873123
-0.0917679
-0.0888906
-0.0960155
-0.0969815
-0.0946513
-0.0956105
-0.0955292
-0.0894378
-0.0848643
-0.08151
-0.0726417
-0.0639439
-0.0605006
-0.0636438
-0.0692558
-0.0745234
-0.0829803
-0.0890954
-0.0914519
-0.09383
-0.0956611
-0.0940067
-0.0891683
-0.0885374
-0.0837996
-0.0774062
-0.0742643
-0.0705618
-0.0682476
-0.0671122
-0.0643829
-0.061708
-0.0600527
-0.0616014
-0.0644143
-0.0662977
-0.0643506
-0.0605237
-0.0397411
-0.0205789
-0.0127879
0.000324491
0.00130444
0.00166873
-0.000215345
-0.00799656
-0.00793721
-0.0102195
-0.00883727
-0.00751109
-0.0052231
-0.00344614
-0.000352983
0.012493
0.0174932
0.0243935
0.030502
0.0413112
0.0471736
0.0591942
0.071512
0.0811168
0.0931029
0.109372
0.124143
0.137995
0.153758
0.169865
0.184953
0.200466
0.211227
0.22064
0.226403
0.216933
0.226486
0.229631
0.232631
0.247673
0.254927
0.268367
0.287596
0.300866
0.305502
0.315281
0.328095
0.337716
0.359474
0.375982
0.388616
0.406051
0.425024
0.431932
0.440638
0.444127
0.44437
0.450321
0.454186
0.458511
0.468705
0.472588
0.475624
0.47627
0.485966
0.484755
0.494562
0.499804
0.501152
0.514947
0.519518
0.528081
0.526015
0.516514
0.517257
0.513292
0.508669
0.509602
0.51496
0.512402
0.525261
0.536896
0.545734
0.555073
0.566677
0.578751
0.598613
0.604433
0.620216
0.629601
0.644071
0.653342
0.668231
0.684261
0.694068
0.705422
0.721037
0.731247
0.738219
0.745181
0.748985
0.759109
0.761574
0.76989
0.770792
0.777099
0.773458
0.773965
0.777519
0.780852
0.785139
0.782684
0.783565
0.779118
0.778021
0.766354
0.770235
0.762889
0.769003
0.755943
0.752064
0.751962
0.750898
0.755916
0.758354
0.768705
0.771717
0.772266
0.775491
0.779754
0.78477
0.78906
0.791149
0.790564
0.7891
0.782463
0.773664
0.767029
0.760624
0.750658
0.752814
0.751597
0.76213
0.760062
0.765777
0.774881
0.777483
0.778622
0.778822
0.7792
0.780885
0.780932
0.780239
0.77735
0.781393
0.785076
0.784045
0.790515
0.776795
0.788108
0.789882
0.799321
0.801038
0.805687
0.806478
0.812663
0.81323
0.820793
0.821168
0.832346
0.830642
0.835345
0.838133
0.836463
0.844851
0.846929
0.858371
0.864651
0.866085
0.863633
0.861412
0.868124
0.874273
0.872475
0.875732
0.876158
0.877042
0.878267
0.881741
0.882326
0.890773
0.89306
0.893393
0.885554
0.888229
0.883322
0.882357
0.878226
0.880737
0.869313
0.861063
0.856539
0.853057
0.850343
0.859051
0.854613
0.853441
0.842336
0.842757
0.83378
0.840143
0.840879
0.843094
0.843445
0.851112
0.850226
0.857716
0.864797
0.86026
0.873838
0.874614
0.887684
0.886038
0.892991
0.896185
0.902111
0.91247
0.918973
0.91943
0.924944
0.933307
0.936299
0.93812
0.93996
0.936547
0.92812
0.924905
0.909633
0.893757
0.890631
0.873981
0.875075
0.878448
0.879669
0.881561
0.882092
0.873872
0.869813
0.867539
0.865756
0.869471
0.884217
0.892672
0.904437
0.913952
0.912935
0.885904
0.881915
0.875684
0.877833
0.862635
0.846771
0.818368
0.785731
0.755757
0.719396
0.692554
0.684909
0.676718
0.674734
0.676344
0.676244
0.669674
0.665449
0.650358
0.630123
0.618823
0.614463
0.604652
0.603182
0.601848
0.604333
0.608064
0.607258
0.602752
0.602923
0.584236
0.564795
0.552484
0.537681
0.524336
0.514753
0.508224
0.493353
0.470542
0.425107
0.404803
0.378992
0.356173
0.341631
0.332444
0.317727
0.308271
0.302757
0.2915
0.281112
0.265678
0.251662
0.239043
0.223691
0.211347
0.200577
0.195584
0.190046
0.182166
0.178232
0.172517
0.166241
0.160326
0.164609
0.158902
0.161301
0.15767
0.157379
0.155826
0.15435
0.151791
0.152503
0.148437
0.142835
0.139664
0.118624
0.109287
0.106099
0.0866739
0.0808056
0.0828055
0.0686099
0.0598633
0.0511029
0.0478471
0.0414135
0.0386182
0.0345697
0.0308187
0.0289121
0.0270254
0.0244793
0.0231106
0.0267451
0.0228336
0.0272167
0.0261712
0.0279852
0.0271112
0.029265
0.0360181
0.0424267
0.046959
0.0509543
0.0507297
0.0505052
0.0535666
0.0537978
0.0483589
0.0521629
0.0538903
0.0587465
0.0583566
0.0557929
0.0443511
0.0418755
0.044252
0.0470184
0.0524106
0.0502971
0.0511359
0.0517435
0.0495575
0.0509245
0.0511953
0.048273
0.0364041
0.02722
0.0192722
0.00777844
0.00614982
0.00494979
-0.00183156
-0.000644742
0.000700316
-0.00356894
-0.00449204
-0.00105024
0.00157394
0.0100895
0.012615
0.0183785
0.0205252
0.0219399
0.0208022
0.0208649
0.0139075
0.0126513
0.00862572
0.00884661
0.00182779
-0.00755807
-0.00630857
-0.00828668
-0.00569536
-0.00980987
-0.0182112
-0.0189762
-0.0210109
-0.0280493
-0.0268552
-0.0296063
-0.0316879
-0.0356176
-0.0351226
-0.0271388
-0.0289168
-0.0240813
-0.0231974
-0.0309918
-0.0301803
-0.0293028
-0.029504
-0.0295304
-0.0256183
-0.0284055
-0.0277524
-0.0347135
-0.034918
-0.04308
-0.0458202
-0.0474778
-0.0476066
-0.0548568
-0.0567502
-0.0556564
-0.0599329
-0.0604882
-0.0636025
-0.0581315
-0.0577515
-0.0543513
-0.0507903
-0.0497168
-0.0426079
-0.0390992
-0.0341129
-0.0282142
-0.0257997
-0.0211197
-0.018409
-0.0168427
-0.0157942
-0.0161503
-0.0139345
-0.015715
-0.0146566
-0.0172384
-0.0236888
-0.0258261
-0.0275479
-0.0325358
-0.0337302
-0.0392477
-0.0387262
-0.0391619
-0.04308
-0.044592
-0.0444335
-0.0543546
-0.0560463
-0.0626833
-0.065871
-0.0747948
-0.0761588
-0.0830482
-0.0906069
-0.0948173
-0.104296
-0.111905
-0.119638
-0.125203
-0.138825
-0.150338
-0.153694
-0.163259
-0.170696
-0.175059
-0.184466
-0.19678
-0.203468
-0.204401
-0.210212
-0.205158
-0.204088
-0.191854
-0.188527
-0.182903
-0.175214
-0.172008
-0.158662
-0.149902
-0.138993
-0.134946
-0.135672
-0.135204
-0.134184
-0.13905
-0.137404
-0.132774
-0.128439
-0.125219
-0.120211
-0.125276
-0.129995
-0.134245
-0.13815
-0.133506
-0.130222
-0.133088
-0.129725
-0.137625
-0.14167
-0.143267
-0.141643
-0.146248
-0.152872
-0.158114
-0.172811
-0.186522
-0.202321
-0.21588
-0.226255
-0.233305
-0.238967
-0.234252
-0.241756
-0.252611
-0.256375
-0.267539
-0.277948
-0.29859
-0.317512
-0.332119
-0.345554
-0.360385
-0.369129
-0.37569
-0.38059
-0.384906
-0.384686
-0.389761
-0.394957
-0.390557
-0.387244
-0.385521
-0.386635
-0.388419
-0.389835
-0.353831
-0.328281
-0.312058
-0.294911
-0.274733
-0.261994
-0.249706
-0.233846
-0.218785
-0.20497
-0.189446
-0.180204
-0.17275
-0.167175
-0.160175
-0.159697
-0.163246
-0.170673
-0.201061
-0.21044
-0.217549
-0.211475
-0.195289
-0.181384
-0.176041
-0.175221
-0.176362
-0.173584
-0.166444
-0.165444
-0.156558
-0.15888
-0.150003
-0.153002
-0.160235
-0.159943
-0.154882
-0.14845
-0.139033
-0.126921
-0.118735
-0.113826
-0.110524
-0.105739
-0.0986848
-0.0958395
-0.0921262
-0.0898573
-0.0915324
-0.0914926
-0.0908092
-0.0935761
-0.0902785
-0.090786
-0.0865647
-0.0785761
-0.0750001
-0.0706512
-0.0662811
-0.063867
-0.0664101
-0.0608419
-0.0584654
-0.0567403
-0.0568724
-0.0560728
-0.0548932
-0.0557456
-0.0563437
-0.0543183
-0.0536542
-0.0546685
-0.0538293
-0.0522899
-0.0517878
-0.053945
-0.0508827
-0.0515367
-0.0506284
-0.0516788
-0.0508101
-0.0532314
-0.0527193
-0.0527491
-0.0512758
-0.0517052
-0.0544471
-0.0513947
-0.0517085
-0.0517944
-0.0530067
-0.0524352
-0.0518406
-0.0522436
-0.0517382
-0.0521908
-0.0533074
-0.0536146
-0.0515367
-0.0490134
-0.0510809
-0.05265
-0.0535981
-0.0565717
-0.0545231
-0.054011
-0.0565982
-0.0571732
-0.0653551
-0.0764799
-0.0886999
-0.113982
-0.137558
-0.16038
-0.18474
-0.199208
-0.211775
-0.220953
-0.231719
-0.239167
-0.249931
-0.256903
-0.261677
-0.255044
-0.245673
-0.245295
-0.248182
-0.254069
-0.261785
-0.274131
-0.293263
-0.312365
-0.328025
-0.347649
-0.365879
-0.387811
-0.407117
-0.424655
-0.430639
-0.445593
-0.459692
-0.465072
-0.483821
-0.491679
-0.50527
-0.513191
-0.525545
-0.539622
-0.545736
-0.556446
-0.567438
-0.574486
-0.572269
-0.471642
-0.481613
-0.461252
-0.477589
-0.5478
-0.599006
-0.665529
-0.718704
-0.776767
-0.81103
-0.835519
-0.836876
-0.824503
-0.793745
-0.771158
-0.734768
-0.699819
-0.679136
-0.650338
-0.646445
-0.652631
-0.658546
-0.674792
-0.695094
-0.725424
-0.759528
-0.787905
-0.802061
-0.818971
-0.817925
-0.834295
-0.815088
-0.805631
-0.779016
-0.769941
-0.734748
-0.708628
-0.682841
-0.693753
-0.678508
-0.670179
-0.673012
-0.685602
-0.701704
-0.728366
-0.740998
-0.764854
-0.777227
-0.792554
-0.816934
-0.828353
-0.839554
-0.853781
-0.853809
-0.850523
-0.850662
-0.855133
-0.84329
-0.833841
-0.830437
-0.826368
-0.824151
-0.816462
-0.816524
-0.818319
-0.815405
-0.819727
-0.823211
-0.831663
-0.840022
-0.842777
-0.849345
-0.852135
-0.851098
-0.840352
-0.8221
-0.807095
-0.805152
-0.788146
-0.798219
-0.799453
-0.811239
-0.804539
-0.809695
-0.819152
-0.822647
-0.829192
-0.822133
-0.828348
-0.821797
-0.827336
-0.821154
-0.829944
-0.819255
-0.823676
-0.810096
-0.814212
-0.817545
-0.816446
-0.821578
-0.816783
-0.824075
-0.822726
-0.828827
-0.836857
-0.844635
-0.84612
-0.847837
-0.84458
-0.832064
-0.82107
-0.81803
-0.813629
-0.808949
-0.811639
-0.808534
-0.819654
-0.814421
-0.828824
-0.835336
-0.844395
-0.846385
-0.842876
-0.848602
-0.847446
-0.847637
-0.842294
-0.837074
-0.840735
-0.838507
-0.830282
-0.813478
-0.818238
-0.818777
-0.814905
-0.821289
-0.829034
-0.832356
-0.831147
-0.836616
-0.837862
-0.846266
-0.847597
-0.857213
-0.848013
-0.835178
-0.835293
-0.811285
-0.797724
-0.792851
-0.780024
-0.774395
-0.760812
-0.756968
-0.761355
-0.771776
-0.764465
-0.781094
-0.778169
-0.783047
-0.777671
-0.781335
-0.775744
-0.780661
-0.777724
-0.780782
-0.770731
-0.779968
-0.771548
-0.771878
-0.767478
-0.769861
-0.765171
-0.76867
-0.756947
-0.75832
-0.758744
-0.753482
-0.754631
-0.754791
-0.75666
-0.752337
-0.75249
-0.755388
-0.758484
-0.752583
-0.755144
-0.75069
-0.748562
-0.742567
-0.738832
-0.734171
-0.729773
-0.722774
-0.717354
-0.717505
-0.718826
-0.712395
-0.710983
-0.705753
-0.705779
-0.704343
-0.713284
-0.716493
-0.723801
-0.720451
-0.723449
-0.719432
-0.734683
-0.736014
-0.743952
-0.749837
-0.761427
-0.766779
-0.770442
-0.771934
-0.783779
-0.784789
-0.782728
-0.783735
-0.790148
-0.785109
-0.794099
-0.795433
-0.802632
-0.788474
-0.783526
-0.776476
-0.776565
-0.768942
-0.767204
-0.78451
-0.788514
-0.799871
-0.809617
-0.819238
-0.826146
-0.839882
-0.834773
-0.836239
-0.823847
-0.815104
-0.795253
-0.781604
-0.761431
-0.760709
-0.75597
-0.746036
-0.739934
-0.740014
-0.750826
-0.751037
-0.753943
-0.758509
-0.760195
-0.762606
-0.762261
-0.763232
-0.753625
-0.746544
-0.742889
-0.734699
-0.732369
-0.72863
-0.721676
-0.712686
-0.709632
-0.710731
-0.714786
-0.719446
-0.716018
-0.723633
-0.725259
-0.729949
-0.729597
-0.734374
-0.736502
-0.739153
-0.741209
-0.746811
-0.74904
-0.755895
-0.756761
-0.754476
-0.750882
-0.752374
-0.76221
-0.760403
-0.773796
-0.783473
-0.796943
-0.805564
-0.82589
-0.829546
-0.855211
-0.87162
-0.881565
-0.894206
-0.89822
-0.908015
-0.903193
-0.902573
-0.894273
-0.87997
-0.880303
-0.865752
-0.866703
-0.863652
-0.848666
-0.861245
-0.867242
-0.881009
-0.885544
-0.898248
-0.902266
-0.899871
-0.909558
-0.9026
-0.892522
-0.883891
-0.863816
-0.850685
-0.850302
-0.849036
-0.847364
-0.855454
-0.857976
-0.875175
-0.87639
-0.880766
-0.887149
-0.879217
-0.885008
-0.878434
-0.883605
-0.890054
-0.884684
-0.900183
-0.891474
-0.902319
-0.915278
-0.920091
-0.932895
-0.929388
-0.939064
-0.942999
-0.936528
-0.946242
-0.958591
-0.961551
-0.968034
-0.971687
-0.968421
-0.971204
-0.972585
-0.967633
-0.967912
-0.973076
-0.971518
-0.984538
-0.979626
-0.979911
-0.983619
-0.976389
-0.975093
-0.95877
-0.953389
-0.945319
-0.935823
-0.923656
-0.928493
-0.91912
-0.920543
-0.924556
-0.92078
-0.912844
-0.915636
-0.916406
-0.910578
-0.893782
-0.893227
-0.875616
-0.858509
-0.849545
-0.834843
-0.831199
-0.823911
-0.818882
-0.80753
-0.806011
-0.81299
-0.814761
-0.832139
-0.837189
-0.854248
-0.859727
-0.868375
-0.87278
-0.864788
-0.821734
-0.808064
-0.7801
-0.765266
-0.739168
-0.724948
-0.715382
-0.716547
-0.717481
-0.732225
-0.736091
-0.760369
-0.76853
-0.794365
-0.797428
-0.803906
-0.814764
-0.807055
-0.816831
-0.807225
-0.807159
-0.799813
-0.796452
-0.802534
-0.802627
-0.81038
-0.80653
-0.808593
-0.815281
-0.80862
-0.8122
-0.805934
-0.804386
-0.803162
-0.802701
-0.801806
-0.782602
-0.768633
-0.764724
-0.759311
-0.750529
-0.746164
-0.741068
-0.742605
-0.740025
-0.74442
-0.738036
-0.74271
-0.736498
-0.741354
-0.738669
-0.740325
-0.732593
-0.7268
-0.720613
-0.71792
-0.71269
-0.713494
-0.70582
-0.706653
-0.699991
-0.698263
-0.693534
-0.684813
-0.676734
-0.674346
-0.6775
-0.674335
-0.676308
-0.668784
-0.675692
-0.676885
-0.681043
-0.67915
-0.676443
-0.663858
-0.662643
-0.652789
-0.644795
-0.639926
-0.631109
-0.626228
-0.617869
-0.619392
-0.62122
-0.618741
-0.632243
-0.619334
-0.626627
-0.631844
-0.627737
-0.628164
-0.615716
-0.613459
-0.615722
-0.611467
-0.613015
-0.604674
-0.598424
-0.59556
-0.589037
-0.584602
-0.573156
-0.573604
-0.564678
-0.55284
-0.538864
-0.543639
-0.540593
-0.535394
-0.532168
-0.536302
-0.528111
-0.529497
-0.526497
-0.521858
-0.514069
-0.507102
-0.495431
-0.490132
-0.474451
-0.464031
-0.445574
-0.438788
-0.433936
-0.424629
-0.417325
-0.414616
-0.414052
-0.416122
-0.416786
-0.411531
-0.412115
-0.41895
-0.419366
-0.426488
-0.431834
-0.430593
-0.432986
-0.433435
-0.429045
-0.42988
-0.428511
-0.424338
-0.42879
-0.428926
-0.42654
-0.423098
-0.423207
-0.419604
-0.424874
-0.417671
-0.417013
-0.414671
-0.409568
-0.410989
-0.409821
-0.398162
-0.380921
-0.362531
-0.358777
-0.331833
-0.301182
-0.283948
-0.2696
-0.260604
-0.243893
-0.238897
-0.230048
-0.222943
-0.21738
-0.217106
-0.219287
-0.220271
-0.222829
-0.230005
-0.230541
-0.215297
-0.181808
-0.16995
-0.159253
-0.156387
-0.148368
-0.13735
-0.12718
-0.115326
-0.10995
-0.105203
-0.0998671
-0.0968487
-0.0946895
-0.0931348
-0.0902553
-0.0844748
-0.0811017
-0.0796475
-0.0774071
-0.0737802
-0.073388
-0.0688282
-0.0665375
-0.0637943
-0.0605923
-0.0583133
-0.0577151
-0.0530513
-0.0456881
-0.0429545
-0.0339546
-0.0295073
-0.023796
-0.0121573
-0.012586
-0.00849109
-0.0081103
-0.00956095
-0.00755807
-0.00858835
-0.00915048
-0.00998625
-0.0137004
-0.0131135
-0.0118342
-0.00906805
-0.00970271
-0.00817129
-0.00965161
-0.0094505
-0.00847626
-0.00978184
-0.00875155
-0.00808557
-0.00712124
-0.00818118
-0.00965161
-0.0100258
-0.00900871
-0.00512172
-0.00992361
-0.00702728
-0.00834438
-0.00808557
-0.00724487
-0.0095016
-0.00504919
-0.00681134
-0.00459259
9.86663e-05
4.59189e-05
-0.000710677
-0.00309916
-0.000130455
-0.00120518
0.000868448
0.00628828
0.00673664
0.0064218
0.00820702
0.00877573
0.00813779
0.00604597
0.00390473
0.00446023
0.00253988
0.00214922
-0.000542544
0.00343329
0.00595695
0.00764491
0.0109698
0.0137739
0.0138778
0.00710094
0.0104506
0.00810812
0.0102758
0.0114858
0.0112616
0.0106467
0.0103615
0.00984886
0.00665917
0.00933949
0.00815592
0.0112435
0.0105956
0.0117397
0.00804713
0.0100862
0.00929499
0.0065306
0.00770426
0.0099692
0.00901805
0.00522672
0.00866858
0.00641026
0.00694929
0.00862243
0.00692456
0.00729875
0.00510804
0.00665258
0.00383385
0.00619927
0.00653389
0.00592564
0.00624542
0.00425253
0.00408605
0.0059108
0.00501573
0.00777349
0.00620421
0.00760206
0.0090675
0.00626026
0.00932301
0.00829274
0.00885321
0.0119705
0.00762678
0.00707951
0.0025745
0.00239648
-0.00231948
-0.0103357
-0.0202673
-0.0262747
-0.0384655
-0.0496012
-0.0589611
-0.0667921
-0.074626
-0.0847184
-0.0946082
-0.0992477
-0.100958
-0.107208
-0.106096
-0.104658
-0.109739
-0.116541
-0.126874
-0.138061
-0.147941
-0.156864
-0.166604
-0.172578
-0.181879
-0.186574
-0.198165
-0.21454
-0.235771
-0.254112
-0.266458
-0.282877
-0.29501
-0.330385
-0.340376
-0.361886
-0.372539
-0.381287
-0.401516
-0.409681
-0.413598
-0.418491
-0.399013
-0.388614
-0.384846
-0.381194
-0.392273
-0.399621
-0.407251
-0.416931
-0.4255
-0.426484
-0.438233
-0.441879
-0.450017
-0.458999
-0.471557
-0.472943
-0.48195
-0.490661
-0.504021
-0.511617
-0.521854
-0.523187
-0.531284
-0.535411
-0.531606
-0.529589
-0.52558
-0.511972
-0.51335
-0.495671
-0.483075
-0.466921
-0.450707
-0.440378
-0.423278
-0.407064
-0.390787
-0.380948
-0.37098
-0.361202
-0.353357
-0.346947
-0.334584
-0.33269
-0.323093
-0.312589
-0.309914
-0.302018
-0.295183
-0.293519
-0.281209
-0.275106
-0.273998
-0.266853
-0.267637
-0.261106
-0.257277
-0.251243
-0.242596
-0.235945
-0.224855
-0.209386
-0.194124
-0.18538
-0.178299
-0.168846
-0.163215
-0.160634
-0.160808
-0.15656
-0.152222
-0.1447
-0.13784
-0.13431
-0.130014
-0.124097
-0.113225
-0.107088
-0.105644
-0.105371
-0.101425
-0.102071
-0.103787
-0.0999767
-0.101365
-0.101686
-0.0997957
-0.100214
-0.102204
-0.102556
-0.100731
-0.10033
-0.100943
-0.101626
-0.0996197
-0.0983594
-0.0908208
-0.0860111
-0.0810089
-0.0770147
-0.0696486
-0.0653088
-0.0585348
-0.0589512
-0.0610138
-0.0622998
-0.0684411
-0.0693509
-0.0675116
-0.0681202
-0.065828
-0.0606964
-0.0564197
-0.0478807
-0.0450047
-0.0422349
-0.0364986
-0.033915
-0.0313019
-0.0292995
-0.0241868
-0.0215122
-0.0196325
-0.0116958
-0.0120485
-0.00791743
-0.00321619
-0.00334476
0.00179153
0.00602454
0.00655202
0.0124172
0.0180158
0.0231535
0.0284668
0.0295883
0.034507
0.0338834
0.0411857
0.0434565
0.0459983
0.0475533
0.0522686
0.0553205
0.054214
0.0531901
0.0543758
0.0517171
0.0535567
0.049498
0.0521134
0.0521828
0.0476457
0.0510005
0.0516478
0.0476226
0.0469293
0.0438955
0.0407369
0.0376118
0.0324945
0.0277181
0.0221345
0.0176729
0.0143526
0.0155659
0.0148307
0.0195195
0.0192689
0.0218839
0.0322966
0.0434169
0.0514331
0.066907
0.0835704
0.0866176
0.0948269
0.103443
0.107392
0.107095
0.11769
0.122186
0.126923
0.128161
0.128805
0.127423
0.130035
0.12942
0.132958
0.132806
0.140707
0.142504
0.143967
0.1501
0.148262
0.150941
0.15403
0.155724
0.156656
0.158057
0.154534
0.158423
0.155056
0.154526
0.148581
0.151577
0.150363
0.147343
0.144759
0.138781
0.137782
0.133174
0.131621
0.126374
0.121653
0.119511
0.117179
0.118875
0.113342
0.114898
0.114712
0.113883
0.11549
0.113861
0.111706
0.112478
0.110536
0.113376
0.111853
0.111649
0.112081
0.112345
0.113778
0.109631
0.112912
0.112746
0.112927
0.111255
0.113655
0.111043
0.110441
0.106502
0.10804
0.108913
0.108041
0.107837
0.11049
0.110637
0.112985
0.115227
0.121154
0.122321
0.124353
0.129785
0.133953
0.133581
0.139639
0.142992
0.14835
0.151201
0.153512
0.163211
0.164211
0.170685
0.175366
0.177551
0.178472
0.180094
0.183578
0.187282
0.187534
0.192064
0.195464
0.196701
0.199886
0.201734
0.20396
0.206114
0.20919
0.216287
0.221655
0.229297
0.234651
0.24223
0.248213
0.253985
0.263981
0.270408
0.282874
0.288632
0.299902
0.3099
0.318169
0.332023
0.343513
0.356327
0.36167
0.376509
0.386293
0.393366
0.404233
0.408789
0.420196
0.42794
0.427554
0.432221
0.435176
0.439197
0.435538
0.43913
0.444584
0.446512
0.449035
0.453009
0.459169
0.459458
0.45982
0.467406
0.474756
0.479721
0.486672
0.494684
0.503904
0.512019
0.518783
0.531541
0.537117
0.551112
0.555348
0.559962
0.573596
0.576213
0.585932
0.594001
0.596092
0.601343
0.602439
0.609605
0.608238
0.60696
0.608276
0.605707
0.603905
0.596731
0.591524
0.582507
0.577814
0.577357
0.58007
0.573594
0.579806
0.580758
0.585433
0.593276
0.601142
0.604176
0.612428
0.61952
0.626503
0.61404
0.624669
0.633336
0.639465
0.640059
0.649097
0.65611
0.656451
0.66574
0.667749
0.680348
0.684937
0.690206
0.7015
0.700995
0.710197
0.712939
0.716728
0.718855
0.72053
0.723707
0.731745
0.723451
0.73025
0.738782
0.740099
0.747105
0.749044
0.758321
0.763496
0.768124
0.776148
0.781213
0.787856
0.781135
0.786296
0.787929
0.791593
0.791802
0.787379
0.783389
0.780373
0.786907
0.786737
0.797488
0.794875
0.800492
0.800808
0.799411
0.806027
0.808905
0.809809
0.80824
0.808183
0.810193
0.812427
0.81803
0.817438
0.805365
0.808077
0.815297
0.822094
0.828822
0.83215
0.836736
0.837676
0.843066
0.849828
0.850986
0.854997
0.861551
0.859451
0.856222
0.860616
0.861697
0.866345
0.876622
0.876432
0.87251
0.864547
0.875879
0.876244
0.890171
0.884694
0.885621
0.893186
0.896543
0.902742
0.904005
0.908319
0.903655
0.909469
0.908363
0.919432
0.921682
0.919771
0.926622
0.919919
0.91536
0.90903
0.906643
0.91535
0.919223
0.92601
0.927181
0.931541
0.929951
0.933168
0.934399
0.932436
0.939476
0.949206
0.948293
0.948293
0.962449
0.96457
0.977355
0.97981
0.98037
0.985471
0.98146
0.973908
0.971514
0.965038
0.955981
0.946948
0.95089
0.950783
0.951827
0.944279
0.941632
0.950146
0.946158
0.957214
0.958461
0.962771
0.958706
0.981545
0.97985
0.982206
0.979366
0.991937
0.989418
0.993775
0.979714
0.99778
1.00059
1.00046
1.00071
1.00366
1.00729
1.01179
1.01779
1.02813
1.04052
1.04404
1.04763
1.05197
1.06365
1.0708
1.0796
1.08836
1.09155
1.0921
1.09928
1.10636
1.1079
1.11053
1.10988
1.11232
1.11201
1.117
1.12322
1.12274
1.12933
1.13822
1.13818
1.14096
1.14754
1.14713
1.15346
1.16691
1.17017
1.17689
1.19139
1.19438
1.20993
1.22783
1.23327
1.24377
1.25464
1.24865
1.26003
1.27493
1.27818
1.28386
1.29068
1.2961
1.3054
1.32426
1.33042
1.33841
1.35421
1.37397
1.3805
1.38786
1.4197
1.4184
1.42429
1.42933
1.44459
1.43778
1.44358
1.45142
1.45999
1.45466
1.46238
1.45337
1.44649
1.43955
1.43548
1.43458
1.42937
1.4374
1.43427
1.42752
1.43502
1.43913
1.43362
1.4329
1.43627
1.42896
1.42383
1.42482
1.41899
1.4171
1.41535
1.40615
1.39651
1.39242
1.40237
1.40385
1.41797
1.41055
1.40994
1.40409
1.40045
1.41105
1.41266
1.40105
1.40296
1.4056
1.40071
1.39723
1.39648
1.39115
1.38954
1.39958
1.41088
1.41282
1.41551
1.42684
1.42393
1.42419
1.43495
1.43091
1.42811
1.43576
1.44043
1.43216
1.43942
1.45067
1.47298
1.46433
1.46632
1.47437
1.47455
1.49052
1.50214
1.52291
1.54363
1.54743
1.5526
1.56483
1.56469
1.57486
1.57827
1.58087
1.5923
1.59838
1.60544
1.60982
1.60065
1.59876
1.58791
1.57819
1.57454
1.56129
1.56555
1.55551
1.55024
1.55431
1.54449
1.53653
1.53161
1.52882
1.53393
1.53364
1.53738
1.54331
1.56168
1.5647
1.57962
1.59072
1.58548
1.61808
1.61227
1.62542
1.63642
1.64532
1.67739
1.68723
1.689
1.70005
1.71735
1.73144
1.73631
1.75199
1.77643
1.78042
1.79503
1.79547
1.8022
1.8002
1.809
1.80089
1.80688
1.80411
1.80944
1.79581
1.79134
1.7831
1.78619
1.79479
1.80313
1.81805
1.83554
1.86449
1.87475
1.87703
1.90107
1.89786
1.90478
1.93783
1.93602
1.9421
1.94973
1.9461
1.9515
1.9606
1.95346
1.97201
1.9699
1.96477
1.96473
1.96367
1.96639
1.95154
1.95081
1.93436
1.92184
1.90371
1.90482
1.91329
1.91311
1.9052
1.90856
1.91147
1.89942
1.89714
1.89119
1.8702
1.87334
1.8741
1.86188
1.86426
1.84365
1.84844
1.85703
1.85151
1.85917
1.85946
1.85785
1.87052
1.86871
1.85972
1.85128
1.8482
1.8121
1.80432
1.79115
1.77033
1.75784
1.74759
1.73016
1.72736
1.7356
1.70305
1.69772
1.70307
1.70397
1.69043
1.70003
1.70471
1.69477
1.67464
1.66696
1.66802
1.66313
1.65186
1.63575
1.64459
1.6389
1.64532
1.64336
1.66344
1.67306
1.66703
1.67383
1.68279
1.66419
1.66895
1.68194
1.67137
1.6572
1.64657
1.63704
1.61338
1.6019
1.58628
1.55773
1.55793
1.54583
1.52717
1.52473
1.49778
1.48405
1.46036
1.43739
1.41718
1.38767
1.343
1.29947
1.26002
1.20962
1.16117
1.11665
1.06975
1.02032
0.889145
0.82261
0.763923
0.710507
0.668956
0.646139
0.6183
0.580941
0.551295
0.518888
0.491631
0.463012
0.441234
0.415751
0.398971
0.377489
0.353978
0.328558
0.305448
0.27194
0.236239
0.206015
0.181243
0.167707
0.158743
0.149343
0.135493
0.123804
0.115759
0.111294
0.110519
0.106353
0.108274
0.109403
0.122622
0.118676
0.132651
0.182407
0.225001
0.275154
0.327058
0.37729
0.408566
0.444107
0.486091
0.546295
0.609657
0.660954
0.700146
0.728902
0.753949
0.777357
0.79665
0.81421
0.842101
0.858294
0.884471
0.909823
0.941257
0.962624
0.988257
1.00833
1.02211
1.02296
1.02418
1.01331
1.02207
1.02762
1.05456
1.06124
1.07981
1.09382
1.09731
1.08923
1.08195
1.08831
1.09951
1.11167
1.12747
1.12818
1.12774
1.12926
1.12631
1.12716
1.1386
1.13759
1.12886
1.13045
1.12801
1.12225
1.12048
1.11634
1.10916
1.1118
1.10499
1.08536
1.08644
1.07696
1.08343
1.0801
1.07634
1.0634
1.05137
1.02754
1.01713
0.993477
0.964832
0.934419
0.861301
0.822905
0.787735
0.751427
0.705759
0.662946
0.623214
0.58558
0.547502
0.515783
0.4833
0.452359
0.427085
0.407487
0.39701
0.393659
0.397143
0.401275
0.404125
0.413904
0.418126
0.431949
0.453011
0.478224
0.506919
0.53275
0.54986
0.561133
0.57005
0.583503
0.580013
0.576156
0.564568
0.537874
0.500332
0.4637
0.39556
0.364126
0.336011
0.313915
0.301387
0.283478
0.250221
0.23025
0.212838
0.192962
0.177936
0.160205
0.14387
0.124704
0.10178
0.0778497
0.0750468
0.0597477
0.0538176
0.0483523
0.0380573
0.0315411
0.0226555
0.0132711
-0.000539248
-0.0080559
-0.0205327
-0.0297613
-0.0417694
-0.0618171
-0.0765495
-0.0971475
-0.112947
-0.129625
-0.157358
-0.177463
-0.192997
-0.243384
-0.274485
-0.309169
-0.339988
-0.369981
-0.392697
-0.410593
-0.423905
-0.429352
-0.416841
-0.386057
-0.353327
-0.305292
-0.269827
-0.232476
-0.207278
-0.183613
-0.170143
-0.155568
-0.14309
-0.13494
-0.125443
-0.124732
-0.124245
-0.131859
-0.159257
-0.183525
-0.21142
-0.230969
-0.251113
-0.274313
-0.290663
-0.330334
-0.345721
-0.367687
-0.38079
-0.392821
-0.409293
-0.412326
-0.417607
-0.419356
-0.41675
-0.41419
-0.41538
-0.417332
-0.418975
-0.426268
-0.435669
-0.441534
-0.455324
-0.469085
-0.491448
-0.510069
-0.502428
-0.524375
-0.535175
-0.544879
-0.555699
-0.568137
-0.563449
-0.503143
-0.480814
-0.467314
-0.43845
-0.416685
-0.396665
-0.362423
-0.354811
-0.34268
-0.331099
-0.314332
-0.308891
-0.303185
-0.294787
-0.293539
-0.296157
-0.300341
-0.302226
-0.305207
-0.30605
-0.311722
-0.322443
-0.32664
-0.332285
-0.343954
-0.342455
-0.343976
-0.343123
-0.344231
-0.34034
-0.332123
-0.325162
-0.323779
-0.318285
-0.312168
-0.312375
-0.30637
-0.311094
-0.320327
-0.306755
-0.291564
-0.271695
-0.253833
-0.241608
-0.218083
-0.189483
-0.177899
-0.170959
-0.159045
-0.153174
-0.144446
-0.137247
-0.124852
-0.119424
-0.109879
-0.103505
-0.0963707
-0.089718
-0.0862431
-0.0798976
-0.076417
-0.0760959
-0.0760727
-0.0739242
-0.0678126
-0.0673495
-0.0675182
-0.0673032
-0.0642275
-0.0671444
-0.064082
-0.0644358
-0.064158
-0.0618634
-0.0654113
-0.0637612
-0.0597312
-0.0599957
-0.0597412
-0.0562545
-0.0573648
-0.0603196
-0.0563173
-0.0595428
-0.0555044
-0.0571137
-0.057269
-0.0572591
-0.0554516
-0.0557126
-0.054576
-0.0553392
-0.0510908
-0.049664
-0.0462891
-0.0442519
-0.0402016
-0.0431658
-0.0421292
-0.0430932
-0.0452292
-0.0430568
-0.0409475
-0.0413304
-0.0404854
-0.0398319
-0.0389936
-0.0424164
-0.0386041
-0.040624
-0.0396537
-0.0373699
-0.0410498
-0.0391817
-0.0376834
-0.039449
-0.0406835
-0.0403765
-0.038921
-0.0406207
-0.038284
-0.0379342
-0.0418619
-0.0407825
-0.0389078
-0.0410895
-0.0382246
-0.0395315
-0.0402115
-0.0424659
-0.0430238
-0.0422613
-0.0425683
-0.0417067
-0.0417298
-0.0401686
-0.0422184
-0.0431922
-0.0400134
-0.042905
-0.0413535
-0.0432054
-0.0442816
-0.0423669
-0.0431493
-0.0426838
-0.0430932
-0.0407759
-0.0411324
-0.0414988
-0.0425155
-0.0437204
-0.0463122
-0.0437567
-0.0425056
-0.0415648
-0.0423306
-0.0423999
-0.0366603
-0.0367032
-0.0393599
-0.0349345
-0.0369936
-0.0401851
-0.0407198
-0.0449287
-0.0447339
-0.0450278
-0.0443576
-0.0447405
-0.0437303
-0.0433705
-0.0438591
-0.0436412
-0.0431526
-0.0456221
-0.0447472
-0.0430998
-0.043311
-0.0455362
-0.0426343
-0.0437666
-0.0429083
-0.0450707
-0.0434893
-0.0448132
-0.0448231
-0.0429182
-0.0444962
-0.0419246
-0.0438624
-0.0419741
-0.0460381
-0.0437798
-0.0423702
-0.0411027
-0.0422118
-0.0423735
-0.0428291
-0.042938
-0.0418553
-0.0391223
-0.0361621
-0.0304871
-0.0273928
-0.0262054
-0.0254006
-0.0258393
-0.027096
-0.0256678
-0.0284451
-0.0294182
-0.0304475
-0.0304409
-0.0320838
-0.0316219
-0.03181
-0.0296063
-0.0297052
-0.0315626
-0.0298108
-0.0320475
-0.0257139
-0.0265649
-0.028201
-0.0284682
-0.028455
-0.0266936
-0.0312293
-0.0321234
-0.0325886
-0.0334695
-0.0357793
-0.0412083
-0.0414955
-0.04308
-0.0438426
-0.0461174
-0.0540738
-0.0576424
-0.070317
-0.0884744
-0.103568
-0.119095
-0.137996
-0.15584
-0.168913
-0.187141
-0.199742
-0.20914
-0.215418
-0.21603
-0.221861
-0.225376
-0.228134
-0.231354
-0.237329
-0.238274
-0.244002
-0.255371
-0.262565
-0.276854
-0.291408
-0.301626
-0.316306
-0.339035
-0.350998
-0.37117
-0.391574
-0.404944
-0.416577
-0.426254
-0.441089
-0.45204
-0.467758
-0.48083
-0.495653
-0.51264
-0.459761
-0.437721
-0.458446
-0.461947
-0.485795
-0.51716
-0.560724
-0.603813
-0.656583
-0.685588
-0.717066
-0.723788
-0.720116
-0.701206
-0.684073
-0.649339
-0.622437
-0.594263
-0.567566
-0.567196
-0.56651
-0.577951
-0.59972
-0.617833
-0.645514
-0.669254
-0.703646
-0.735804
-0.761823
-0.782159
-0.799408
-0.80255
-0.813658
-0.813505
-0.831032
-0.830298
-0.842027
-0.852094
-0.859288
-0.875476
-0.888797
-0.89414
-0.898975
-0.911667
-0.913821
-0.913623
-0.927631
-0.92904
-0.93217
-0.937428
-0.925793
-0.934799
-0.941677
-0.952672
-0.975734
-0.984272
-0.982156
-1.00507
-1.00345
-1.00965
-1.01181
-0.999562
-0.991741
-0.979176
-0.963528
-0.955274
-0.943479
-0.932907
-0.933323
-0.932787
-0.935378
-0.944517
-0.958271
-0.963454
-0.964295
-0.963343
-0.955072
-0.961371
-0.946814
-0.945977
-0.948244
-0.955448
-0.957551
-0.95488
-0.952919
-0.955194
-0.951715
-0.950865
-0.958559
-0.964165
-0.953991
-0.944471
-0.93425
-0.921456
-0.917144
-0.91123
-0.903686
-0.897765
-0.892199
-0.897936
-0.910598
-0.935798
-0.948493
-0.958056
-0.962204
-0.961395
-0.967276
-0.962103
-0.950436
-0.950661
-0.932643
-0.925338
-0.906075
-0.896338
-0.897005
-0.892742
-0.900917
-0.892785
-0.889995
-0.902193
-0.906344
-0.918906
-0.917957
-0.910196
-0.914457
-0.909979
-0.905823
-0.898389
-0.892369
-0.887138
-0.896912
-0.904821
-0.903686
-0.923619
-0.920584
-0.927116
-0.92915
-0.927734
-0.92829
-0.912816
-0.914852
-0.905693
-0.895564
-0.882858
-0.878586
-0.869007
-0.863408
-0.846189
-0.853456
-0.85378
-0.852853
-0.862058
-0.856802
-0.856432
-0.860079
-0.849708
-0.854576
-0.843279
-0.83719
-0.831536
-0.82216
-0.817883
-0.817103
-0.802227
-0.80662
-0.797937
-0.788475
-0.784672
-0.788323
-0.778078
-0.788657
-0.790575
-0.801944
-0.800966
-0.812403
-0.806748
-0.813171
-0.801658
-0.789959
-0.776723
-0.758612
-0.736616
-0.716422
-0.694719
-0.669065
-0.6471
-0.644355
-0.632153
-0.621371
-0.619322
-0.612736
-0.609368
-0.605751
-0.60438
-0.603832
-0.59277
-0.591363
-0.581015
-0.581371
-0.570915
-0.576115
-0.578819
-0.579767
-0.582725
-0.583223
-0.570931
-0.564332
-0.555398
-0.537025
-0.526227
-0.518817
-0.511138
-0.497122
-0.492786
-0.482349
-0.465456
-0.447779
-0.423428
-0.395926
-0.357587
-0.320179
-0.290755
-0.254328
-0.213309
-0.177198
-0.13178
-0.0985312
-0.0728245
-0.0550633
-0.0400316
-0.0303271
-0.0236798
-0.0206564
-0.0105162
-0.00642396
-0.00466347
-0.00847378
-0.0282488
-0.0503113
-0.0754635
-0.102344
-0.12637
-0.148137
-0.162449
-0.180694
-0.183326
-0.185048
-0.176519
-0.17219
-0.157678
-0.139446
-0.122558
-0.107185
-0.0990103
-0.0919769
-0.0884637
-0.088263
-0.0966454
-0.11485
-0.139667
-0.170903
-0.2106
-0.260298
-0.307062
-0.362569
-0.418607
-0.470722
-0.510382
-0.54797
-0.559389
-0.571107
-0.548769
-0.529487
-0.501853
-0.477952
-0.44688
-0.406672
-0.370502
-0.342505
-0.314709
-0.285556
-0.268605
-0.254677
-0.235962
-0.225779
-0.217729
-0.206573
-0.194452
-0.18373
-0.168903
-0.155063
-0.142138
-0.126657
-0.10523
-0.0867147
-0.068014
-0.0498737
-0.0352179
-0.0219726
-0.0131737
-0.00488641
-9.50155e-05
0.0071541
0.0151987
0.0203022
0.0255742
0.0306929
0.0331238
0.0317399
0.029665
0.0289195
0.0273536
0.0238811
0.0244022
0.0221036
0.0258409
0.0267669
0.023562
0.0248124
0.0240575
0.0228637
0.0238292
0.0261827
0.0253537
0.027789
0.0326215
0.033243
0.033544
0.0327155
0.0347272
0.0322182
0.0304468
0.0292341
0.0313374
0.0317061
0.0266523
0.0289525
0.0317712
0.0312133
0.0322112
0.0321827
0.0361571
0.0369943
0.04143
0.0427654
0.0425158
0.0427106
0.0396532
0.0395872
0.0390394
0.038523
0.0377933
0.0376295
0.0379051
0.0379785
0.0359442
0.0379801
0.0407002
0.0373936
0.0380729
0.0423516
0.0407287
0.0394655
0.0395195
0.0393517
0.0393467
0.0407773
0.0375759
0.0395299
0.0388567
0.0383934
0.0367749
0.0417897
0.0400835
0.0432556
0.0415108
0.0429775
0.0389994
0.0405739
0.0461502
0.0426681
0.0408908
0.0411325
0.0400451
0.0419704
0.0408809
0.0400113
0.0398537
0.0411544
0.0432383
0.0442252
0.0428038
0.0447286
0.0433282
0.044309
0.0441637
0.0443317
0.0434677
0.042036
0.0425113
0.041812
0.0429169
0.043287
0.0436426
0.0464795
0.043379
0.0464064
0.046215
0.0447901
0.0434867
0.0454681
0.0413524
0.0435617
0.0407121
0.045759
0.0441802
0.0435989
0.0440024
0.0445883
0.0464609
0.0446655
0.0416676
0.0449803
0.0452778
0.0439892
0.0463185
0.0446977
0.0442652
0.0438997
0.0445545
0.0468744
0.0448347
0.0453678
0.0449886
0.0471208
0.0448986
0.0449828
0.0468839
0.0445891
0.0480039
0.0466206
0.046692
0.0475859
0.0464077
0.0453921
0.0457907
0.0453604
0.0466883
0.0481117
0.0444872
0.0457887
0.0451169
0.0443102
0.0474835
0.0463643
0.0474802
0.0472132
0.0462868
0.0506542
0.0479243
0.0487563
0.0492789
0.0495129
0.0450356
0.0449539
0.0494563
0.0463169
0.0468137
0.0447732
0.0470873
0.0464844
0.0462566
0.0482355
0.0469532
0.0481414
0.044826
0.0459244
0.0455692
0.0483997
0.0479635
0.0477138
0.0473886
0.0453562
0.0464353
0.046999
0.0475669
0.047188
0.0479973
0.0468364
0.0469536
0.0481909
0.0461456
0.0475417
0.0466371
0.0505369
0.0486783
0.0504953
0.0474175
0.0487291
0.0470349
0.0479012
0.0502373
0.0464077
0.0499302
0.0467155
0.0484439
0.0475145
0.0477274
0.046789
0.0474464
0.0478034
0.0463251
0.0473993
0.0491732
0.0499809
0.0487774
0.046451
0.0492669
0.0466536
0.0469718
0.0472574
0.050856
0.0487588
0.0479751
0.0478017
0.0502076
0.0489652
0.048323
0.0489293
0.0479214
0.0451115
0.048271
0.0473292
0.0500895
0.0462096
0.0478682
0.0479701
0.0508081
0.0491129
0.0465422
0.0486366
0.0494035
