-0.0122511
-0.00959913
0.00121402
-0.00830845
-0.00414025
0.00493282
-0.0132812
-0.00646136
-0.00633528
0.0123484
-0.00910223
0.0192484
-0.0133812
0.00198399
0.0187145
0.00804606
0.00574837
0.0162735
-0.00773833
0.00632616
0.000855641
0.0161128
-0.0026725
7.61999e-05
0.015951
-0.0206841
0.00332259
0.00583823
0.00364335
-0.00331217
0.00182635
-0.00564665
0.00354948
0.00348413
0.0112887
0.00389356
0.00653115
-0.00898345
0.00465663
0.000534633
-0.020498
-0.00657381
0.00424554
0.0119285
-0.00477153
-0.0150744
-0.006189
0.00659989
0.00979248
0.0016219
-0.00272661
0.0093579
0.0082261
-0.000956408
-0.00309624
0.0054976
-0.0110545
-0.000906729
0.0125261
0.00965918
0.00925821
0.0113965
-0.00129013
0.0109306
0.0024263
0.00363336
0.0115024
0.0142642
-0.00320772
-0.010211
0.0156738
-0.00321798
0.00319635
-0.00957049
-0.0091175
0.0226274
0.0115063
0.00713743
0.00532333
0.00103289
0.0115896
0.00338222
0.00207531
0.00919741
-0.00707983
-0.00317251
0.00664192
-0.000464406
0.00199392
-0.0102856
-0.00666833
-0.015747
-0.0100126
-0.00632522
-0.0100633
-0.00265403
0.00713754
-0.0116305
-0.000404219
0.0163901
-0.00161441
-0.00978271
0.0156654
-0.000928737
-0.0136481
-0.000213457
0.0102236
0.00821624
-0.0166214
-0.000582273
-0.000364272
0.000797892
-0.00813441
0.00576256
0.00136385
0.0196663
0.000419588
-0.00922303
0.0200083
0.000219166
0.0144451
0.0129836
0.00102806
0.0189179
-0.0106824
-0.0164708
0.000849721
-0.0177787
-0.00625878
-0.00712312
-0.00877559
-0.003355
6.0128e-05
0.029608
-0.00602568
0.0165502
-0.00808138
0.0114093
-0.00229647
-0.010807
-0.0228297
-0.0310053
0.00217457
0.00624707
0.000121468
0.0165209
-0.00647215
0.00434375
-0.00917648
0.0155052
-0.00657624
-0.00903364
-0.0101181
0.00514
-0.00474829
-0.00124068
0.0130237
-0.00167042
0.000732803
-0.00174986
-0.00863234
-0.0054377
0.0144886
-0.00477788
0.0114996
0.0180973
0.00482323
0.0131004
0.00503328
0.000984392
0.0162844
-0.00209463
-0.00375151
-0.000673041
0.00748716
-0.00206324
0.000140946
0.0129724
0.000827176
0.00251608
0.00364815
0.00334971
0.000911365
-0.012333
0.0170264
0.00828288
-0.00488835
0.0170441
-0.000727617
0.00725715
0.00494459
-0.000925579
0.031873
-0.00231651
0.00403018
0.0183889
0.0309653
0.0189853
0.0218165
0.0370725
0.0334221
0.0501384
0.0214465
0.0195272
-0.00423198
0.00489852
0.00992161
0.0349466
0.0281163
0.00958122
0.0206272
0.0265509
0.0161027
0.0295431
0.0226958
0.0221231
0.00793284
-0.00425329
-0.00997703
-0.00166205
0.00753665
0.0014301
0.00852653
0.0065592
0.00506129
-0.00237945
0.0010794
0.00553799
-0.0169282
-0.00477147
0.00605611
-0.00809998
-0.0152339
0.00523322
0.00513788
0.0099381
-0.00474933
0.0129852
0.0128603
0.0194425
0.00164705
0.00659584
0.00455439
0.0155188
0.0414423
0.01056
0.0205115
0.026613
0.0280372
0.0106013
0.0241358
0.00401616
0.0052188
0.00266304
-0.00270558
-0.018806
-0.015534
0.00966926
-0.00293728
-0.00961174
0.00838494
-0.0173174
0.0036162
0.0136108
0.00741234
-0.00380017
-0.00828228
0.00796995
-0.012827
-0.00633156
0.00505928
0.00761112
-0.00538078
-0.0041278
-0.0173238
0.0149311
-0.00395676
-0.00765642
-0.020529
0.00328205
-0.00552142
-0.00267018
-0.00611008
-0.00731896
0.000344034
-0.00939225
-0.00314878
-0.00192023
-0.00373264
0.00651838
-0.00567921
0.0026624
-0.00098555
0.0141651
0.150534
0.0509958
0.0505548
0.0146893
0.00166877
0.0173449
0.00391638
0.0043367
-0.000212722
-0.0101951
0.095365
0.10848
0.0187952
0.0918753
0.0666433
0.0786817
0.0248861
0.0392709
0.00536327
0.0232052
0.00282534
-0.00132296
0.00110149
-0.00913228
-0.000615604
0.000959446
0.00667744
0.0229289
0.0140809
0.0208319
0.012795
-0.00806315
0.0194647
0.0019908
0.000380542
0.010273
0.00233123
-0.00121098
0.0231229
0.00731393
0.00514939
0.0254001
0.00978222
0.00656406
0.0138458
0.00564476
0.037096
0.0354775
0.0279081
0.0405722
0.0271436
0.0325978
0.0110343
0.0267918
0.0303811
0.0452464
0.0348516
0.0135951
0.00716085
0.0180418
0.00164093
0.017814
0.021805
0.0162337
0.0219533
0.00652043
-0.0103421
0.0156726
0.0463448
0.0395719
0.0448361
0.0401169
0.0301602
0.0179154
0.0192342
0.000316838
0.0252203
-0.0053274
0.00361065
0.00773027
0.0055838
0.00834595
0.00640169
0.00786524
0.0120257
0.0129486
0.00107054
0.00253857
0.0130168
-0.0204731
-0.00735459
-0.0852731
-0.176906
-0.0777555
-0.0372216
-0.00703933
0.00793039
0.000772125
0.0364918
0.0642367
0.021524
0.000361143
-0.00162585
-0.0463099
-0.0632744
-0.023012
-0.0289893
-0.0321051
-0.038725
-0.0318414
-0.0566852
-0.0752429
-0.0535779
-0.073019
-0.11034
-0.0729432
-0.102003
-0.0820006
-0.117737
-0.139561
-0.130745
-0.1489
-0.148808
-0.128467
-0.108121
-0.0517011
-0.0515998
-0.0950553
-0.105838
-0.101875
-0.117419
-0.142844
-0.167156
-0.185873
-0.159855
-0.163216
-0.171412
-0.17292
-0.190257
-0.202964
-0.214718
-0.185722
-0.235236
-0.213586
-0.223089
-0.218403
-0.175435
-0.21118
-0.218743
-0.211041
-0.20245
-0.206305
-0.217838
-0.222238
-0.235752
-0.236799
-0.199297
-0.229633
-0.254894
-0.189469
-0.231353
-0.228066
-0.24146
-0.213374
-0.209066
-0.207359
-0.195334
-0.175867
-0.195808
-0.183111
-0.19392
-0.231179
-0.276428
-0.27682
-0.201175
-0.254829
-0.244544
-0.269771
-0.290254
-0.271607
-0.341551
-0.313905
-0.308833
-0.275922
-0.317884
-0.297057
-0.306618
-0.329799
-0.31847
-0.297113
-0.301705
-0.320652
-0.330904
-0.322797
-0.300531
-0.287381
-0.282969
-0.296656
-0.314888
-0.302871
-0.279968
-0.254474
-0.284511
-0.284259
-0.290126
-0.283674
-0.263899
-0.263626
-0.255776
-0.286299
-0.246257
-0.276772
-0.267862
-0.28721
-0.281347
-0.309959
-0.310813
-0.309284
-0.289714
-0.293581
-0.300088
-0.296847
-0.308692
-0.312331
-0.300184
-0.283189
-0.254623
-0.259264
-0.285066
-0.277156
-0.243458
-0.275745
-0.246863
-0.296269
-0.272043
-0.285881
-0.325041
-0.263168
-0.301751
-0.320204
-0.339252
-0.324434
-0.306265
-0.282944
-0.335431
-0.320317
-0.377039
-0.298265
-0.327255
-0.299755
-0.340861
-0.365119
-0.359953
-0.343631
-0.304057
-0.303909
-0.304301
-0.324821
-0.284474
-0.33349
-0.307421
-0.304312
-0.301189
-0.336128
-0.284928
-0.319186
-0.310948
-0.33109
-0.354252
-0.352481
-0.359421
-0.295342
-0.33959
-0.344589
-0.343172
-0.330431
-0.322959
-0.346293
-0.33563
-0.342429
-0.30353
-0.304502
-0.305934
-0.300114
-0.307068
-0.286941
-0.302801
-0.273471
-0.308408
-0.309001
-0.309889
-0.276436
-0.296207
-0.287862
-0.316471
-0.32337
-0.322474
-0.298547
-0.308668
-0.278973
-0.285285
-0.307751
-0.327463
-0.301984
-0.327628
-0.29763
-0.308186
-0.307974
-0.322479
-0.332989
-0.31194
-0.327589
-0.344058
-0.339563
-0.349296
-0.341155
-0.314673
-0.338421
-0.364037
-0.392728
-0.373205
-0.361145
-0.344815
-0.358005
-0.365214
-0.34537
-0.313988
-0.3138
-0.313923
-0.308859
-0.282702
-0.288321
-0.276056
-0.314216
-0.282533
-0.287039
-0.287923
-0.284595
-0.264822
-0.288337
-0.28151
-0.30628
-0.314798
-0.351764
-0.341726
-0.3231
-0.315186
-0.283573
-0.311649
-0.299431
-0.294534
-0.286028
-0.252876
-0.199574
-0.169177
-0.146291
-0.137073
-0.157018
-0.192026
-0.212579
-0.199001
-0.192681
-0.205961
-0.165247
-0.180045
-0.161584
-0.13978
-0.142926
-0.164078
-0.173747
-0.16271
-0.167704
-0.176415
-0.17562
-0.182494
-0.163467
-0.184462
-0.15135
-0.11968
-0.123706
-0.125311
-0.0917781
-0.120786
-0.111236
-0.086435
-0.0769668
-0.0237154
-0.0189264
-0.0286935
-0.0307522
-0.0351037
-0.0377153
-0.037995
-0.0455516
-0.00682874
-0.022055
0.0048003
-0.00832481
-0.00405001
0.00973915
0.0222946
0.0439403
0.0323041
0.00749596
0.0106156
0.02862
0.0287076
0.0365965
0.0108164
0.0214736
-0.00811362
0.00512032
-0.0107624
0.00433272
-0.0113668
-0.00516648
-0.00105513
0.00495631
0.00713242
0.0240761
0.0104568
0.0291234
0.0620002
0.0310613
0.100822
0.117564
0.00432464
0.030255
0.0420352
0.0435981
0.0467421
0.0397996
0.0282868
0.0414895
0.0228281
0.0385678
-0.00504268
0.0134478
-0.0148869
0.0137461
-0.00280558
0.0098545
-0.00253
-0.00678977
-0.00201777
-0.00123722
-0.000753195
-0.0033576
-0.0296933
-0.02988
-0.0163454
0.0232
0.0184334
0.00752274
-0.003754
0.0218994
-0.000942744
-0.0212395
0.00435147
0.0095537
0.0142953
0.0481597
0.000134989
0.000930957
-0.000342511
-0.0501619
0.0365258
0.013192
-0.0066996
0.0169766
0.0142619
0.000457592
0.0116643
0.0491937
0.0382984
0.0227409
0.0638649
0.0125939
0.0121395
0.014895
0.0160596
0.0177143
0.00736896
-0.00480182
0.0241889
0.0150707
-0.00983745
-0.0129668
-0.0059411
-0.00156145
0.0115353
0.0107995
0.0133714
0.0528005
-0.0110313
0.0154798
0.0321595
0.041576
0.0589454
-0.0137637
0.0620798
0.0524361
0.00270171
0.0800841
0.0329276
-0.0102722
0.088291
-0.00725405
0.0115015
0.0372349
0.0301169
0.0129084
0.00592639
0.0160479
0.0278569
0.0135516
0.0686303
0.0147624
0.0473242
0.00878657
0.0336226
0.000144327
0.012061
0.00750727
0.0400066
0.0544901
0.0370778
0.00944392
0.0523583
0.0208622
0.0408173
0.0484615
0.0515934
0.0791293
0.0577327
0.0506336
0.0212641
0.0305822
0.00842126
0.0150277
0.0128509
0.0144237
-0.00809311
0.00989934
-0.00372748
0.00922989
0.0041316
0.00884211
-0.00424789
0.0295838
0.0133489
-0.00511857
0.0179227
0.0395808
-0.0028136
0.0331345
0.03116
0.0135695
0.0450829
0.0324227
0.0230297
0.0245823
0.0234907
0.0302667
0.0261062
0.0332182
0.0246019
0.00553117
0.0607682
-0.00957621
0.117493
0.0505109
0.097977
0.119713
0.0839275
0.106536
0.0984969
0.105905
0.111244
0.11534
0.137428
0.11485
0.116511
0.10335
0.140174
0.145335
0.128627
0.145404
0.162776
0.130909
0.125158
0.116347
0.108274
0.0999342
0.0925983
0.104119
0.0886117
0.0424942
0.0454335
0.050819
0.0711746
0.0804857
0.0791285
0.0736156
0.0867903
0.0645944
0.0430031
0.0659812
0.06214
0.0733067
0.0937624
0.0802677
0.0591175
0.058602
0.0572302
0.0810977
0.0907831
0.0558491
0.0747701
0.0916187
0.0783358
0.0863471
0.0918583
0.108483
0.107291
0.146461
0.171
0.154015
0.13667
0.181493
0.184429
0.131072
0.117815
0.151805
0.160608
0.154266
0.173632
0.179992
0.184748
0.189201
0.217027
0.217214
0.226874
0.228722
0.219099
0.246696
0.191849
0.19999
0.208666
0.222067
0.186666
0.224485
0.188427
0.222384
0.226277
0.225585
0.12521
0.0825831
0.0969647
0.111414
0.0953809
0.0823685
0.0891633
0.0709583
0.0396116
0.0543322
0.0453621
0.0616107
0.0509272
0.0217095
0.0350934
0.0605278
0.110176
0.101416
0.136463
0.118545
0.128798
0.0787226
0.0194062
0.0345525
0.0805467
0.074186
0.0879624
0.0609859
0.0306726
0.0769482
0.0666459
0.0525453
0.0391864
0.0368356
0.0797953
0.0444157
0.043836
0.0390207
0.0153464
0.00122143
-0.000336959
-0.000941053
-0.00757686
0.00781425
-0.0314549
0.00757404
0.00451616
-0.000788282
0.00900857
0.0249902
0.00736061
0.018819
0.0282344
0.0193961
0.0179196
0.0082495
0.0207971
0.00963658
0.0131446
-0.00298823
0.0144023
0.00655342
-0.00105974
-0.00456621
0.0166316
-0.0132559
0.00618126
-0.00256643
-0.0011828
0.00941588
-0.00798084
-0.00522227
-0.0125437
-0.0153998
0.00234526
0.00914716
-0.0145488
-0.0071375
0.00904516
0.0234386
-0.000461796
0.00306639
0.0050539
0.0136747
-0.0102749
-0.0121581
0.00531286
-0.00129314
0.00211059
0.00528288
-0.00352632
-0.0209858
-0.00500751
-0.0101361
0.00170429
-0.022545
0.00318287
0.0105109
-0.00647724
-0.00977635
0.00386415
0.00176032
0.0055169
0.0355342
-0.00735994
-0.0120592
-0.00129924
0.000969085
0.0224606
0.0778205
0.0892038
0.118689
0.132609
0.154114
0.143989
0.204337
0.150537
0.148495
0.152752
0.16121
0.147518
0.186738
0.176537
0.121993
0.131643
0.120081
0.176067
0.175954
0.202108
0.226713
0.22237
0.24288
0.245811
0.21654
0.237755
0.240142
0.265542
0.266818
0.243351
0.264954
0.250815
0.253141
0.269125
0.255832
0.295435
0.262186
0.30373
0.292652
0.259071
0.265961
0.277392
0.300509
0.218941
0.0297562
0.222266
0.193038
0.246446
0.339305
0.400865
0.458036
0.486518
0.434124
0.40551
0.406421
0.346113
0.331158
0.271384
0.244271
0.208858
0.215126
0.237094
0.208634
0.27782
0.299126
0.313495
0.304318
0.368477
0.362054
0.395989
0.414487
0.367668
0.384239
0.362142
0.335625
0.337372
0.295466
0.397079
0.133837
0.152904
0.25883
0.210581
0.285822
0.209218
0.27669
0.277712
0.324947
0.33288
0.34283
0.36777
0.360678
0.391594
0.372846
0.393584
0.396905
0.341801
0.372618
0.377454
0.326859
0.357447
0.345071
0.350937
0.33262
0.343846
0.305094
0.363379
0.334654
0.34784
0.330903
0.32513
0.329995
0.340525
0.35697
0.352643
0.342048
0.335701
0.344049
0.337771
0.351065
0.338102
0.315034
0.331594
0.309619
0.309022
0.314671
0.320276
0.362279
0.31026
0.358425
0.303464
0.338311
0.297486
0.321706
0.29681
0.334076
0.318468
0.336939
0.343132
0.332628
0.327377
0.32043
0.359963
0.354567
0.357797
0.33529
0.332881
0.334514
0.331931
0.320433
0.341749
0.304261
0.302261
0.300557
0.295446
0.304741
0.294621
0.324433
0.310765
0.36426
0.320934
0.366853
0.336945
0.346473
0.367376
0.342064
0.356394
0.312691
0.312841
0.29619
0.283357
0.306457
0.306035
0.282402
0.277118
0.288901
0.28838
0.318951
0.319095
0.302693
0.33055
0.319907
0.348223
0.316873
0.34618
0.305659
0.344898
0.351274
0.330864
0.322261
0.297853
0.329478
0.296759
0.31163
0.294886
0.288873
0.28642
0.309158
0.294746
0.298246
0.303732
0.291931
0.308493
0.313365
0.290464
0.319255
0.276956
0.282866
0.283919
0.320501
0.304687
0.295538
0.312878
0.310396
0.311563
0.31074
0.332144
0.324327
0.306172
0.305125
0.313079
0.33654
0.329309
0.304337
0.283069
0.316997
0.300431
0.310593
0.310513
0.292469
0.300806
0.302265
0.30837
0.313469
0.291434
0.282342
0.309858
0.270948
0.294318
0.299357
0.277901
0.302011
0.275928
0.298124
0.260947
0.300143
0.285237
0.295662
0.286774
0.319283
0.287227
0.291825
0.288817
0.30932
0.318845
0.292107
0.316756
0.321882
0.340534
0.322757
0.335234
0.345083
0.334731
0.352066
0.320015
0.331852
0.307595
0.315379
0.324294
0.325494
0.330641
0.319445
0.340556
0.317121
0.339943
0.34485
0.362883
0.345167
0.319562
0.353983
0.32117
0.345102
0.369978
0.326628
0.30862
0.30333
0.281894
0.290017
0.277051
0.288556
0.311758
0.295878
0.311335
0.332182
0.344132
0.313773
0.33276
0.338515
0.333307
0.301195
0.310086
0.287902
0.298556
0.260491
0.288484
0.270794
0.271503
0.260838
0.269059
0.249035
0.248918
0.301701
0.271293
0.29213
0.312627
0.286397
0.304159
0.330627
0.318521
0.309796
0.312877
0.309393
0.28689
0.305777
0.291667
0.325311
0.291955
0.31442
0.293301
0.328235
0.313341
0.31456
0.343506
0.327899
0.366673
0.347368
0.355626
0.384796
0.319397
0.393504
0.387848
0.373899
0.404073
0.378331
0.394648
0.376343
0.353094
0.370458
0.369958
0.371433
0.371807
0.355518
0.368872
0.356009
0.358366
0.376124
0.393164
0.375894
0.397286
0.376576
0.359901
0.359438
0.368363
0.35678
0.367259
0.321691
0.328268
0.362222
0.361183
0.336131
0.386995
0.362089
0.381784
0.377102
0.340515
0.347098
0.331341
0.376232
0.365049
0.332022
0.382322
0.362265
0.388399
0.359623
0.370546
0.389606
0.399494
0.407719
0.410184
0.379147
0.407231
0.376304
0.415229
0.411481
0.383273
0.426684
0.442201
0.417537
0.412603
0.421959
0.39884
0.399196
0.4121
0.369499
0.404993
0.394753
0.364852
0.38808
0.366768
0.389381
0.389722
0.370822
0.407245
0.411785
0.4141
0.395578
0.40146
0.386146
0.368384
0.392232
0.340177
0.371999
0.364213
0.365723
0.350638
0.329326
0.348278
0.321352
0.355681
0.326977
0.316912
0.326889
0.337445
0.338078
0.332926
0.368758
0.353741
0.424826
0.36429
0.351573
0.366139
0.36471
0.339392
0.324325
0.285492
0.273728
0.285372
0.280219
0.243942
0.254637
0.262631
0.325622
0.292872
0.330266
0.328742
0.359226
0.346783
0.383179
0.360058
0.33471
0.369159
0.340403
0.358616
0.358453
0.358378
0.349028
0.336245
0.336834
0.352834
0.355301
0.367815
0.328596
0.340985
0.357642
0.347685
0.343006
0.318536
0.329812
0.304195
0.341469
0.338699
0.299528
0.308923
0.354751
0.334065
0.335065
0.291055
0.320114
0.300707
0.326432
0.299889
0.309797
0.295955
0.29504
0.283004
0.310336
0.311972
0.297853
0.262489
0.305199
0.283288
0.304692
0.281859
0.302187
0.271221
0.279208
0.268278
0.300661
0.266146
0.294523
0.300455
0.252906
0.290312
0.262074
0.276055
0.27349
0.257508
0.285651
0.252483
0.234538
0.259114
0.239632
0.233889
0.230868
0.226905
0.24245
0.221735
0.236541
0.262548
0.260186
0.254449
0.217636
0.234509
0.251473
0.249075
0.253172
0.218442
0.228182
0.237567
0.263056
0.248426
0.2273
0.262627
0.264203
0.253786
0.249063
0.233397
0.255135
0.225092
0.227674
0.194484
0.231947
0.233641
0.218332
0.208506
0.240198
0.227961
0.204715
0.185793
0.212688
0.192095
0.176179
0.173441
0.170287
0.149218
0.128723
0.115103
0.135913
0.145247
0.153183
0.126258
0.16972
0.168641
0.184054
0.180921
0.165883
0.214067
0.173778
0.212342
0.19057
0.197733
0.191055
0.199398
0.198775
0.1959
0.192777
0.2093
0.202372
0.20104
0.197186
0.183504
0.158633
0.165937
0.155911
0.1605
0.153814
0.149433
0.153581
0.144657
0.149706
0.13844
0.11277
0.10098
0.0968736
0.14216
0.0306174
0.0186339
0.0666406
0.0656739
0.0477125
0.0500792
0.0607069
0.0705255
0.0606637
0.0816735
0.0730065
0.0523734
0.0820831
0.118863
0.131878
0.0925865
0.0406936
0.0359391
0.0343254
0.0194375
0.0290872
0.0345824
0.0218642
0.00327931
0.0109832
0.00543876
0.0264099
0.00452132
0.00477471
-0.00278761
0.010986
-0.00384502
-0.0108238
-0.0190549
-0.00749828
-0.0133285
-0.0279004
-0.023908
-0.0136283
0.0122745
-0.0103128
-0.0107783
-0.0108392
-0.00153692
-0.0273109
-0.0155803
-0.0206649
-0.00666828
-0.00768657
-0.0090818
-0.0294515
0.00113634
-0.00592808
-0.00940514
-0.00436539
-0.00944391
-0.0156891
0.00303921
-0.000389587
0.0162887
-0.0226537
-0.00197565
0.000437291
-0.00350198
-0.00683201
0.0036689
-0.0231484
-0.00496891
-0.0117951
0.00443069
-0.00345805
-0.0032558
-0.00261901
0.0219885
0.00246886
0.00203412
-0.0281272
0.00268623
-0.0111104
0.010284
0.00590246
0.00216293
0.0109467
0.00260972
0.0016745
-0.0278787
-0.00586842
0.0057119
-0.00353335
0.00553707
0.00139894
-0.00493545
-0.00610244
-0.00986902
-0.00336245
-0.00937836
-0.00793802
-0.0197298
-0.000969217
-0.00653788
0.00829155
0.0105082
0.0176673
-0.0108181
0.00792701
0.00996322
-0.0241109
-0.0114679
-0.0277645
0.0113801
-0.00797276
-0.0032806
-0.00105576
0.00181452
0.0055805
-0.00484694
0.0131421
-0.0123808
0.000172447
-0.00235134
0.0092862
0.00150949
0.00977675
0.00289887
0.00917232
9.34314e-05
0.01031
-0.00121753
0.00893813
0.0230284
0.0139749
-0.0092826
0.0172916
0.0225858
-0.00912626
0.0155233
-0.0355023
-0.0017683
0.000392858
0.001267
-0.00131362
0.00303633
0.0110247
-0.0101488
-0.00255028
-0.0103025
0.00735939
0.00616576
-0.00289564
-0.00656926
0.00928063
-0.0131015
-0.00190288
-0.013752
-0.0093761
-0.0119609
-0.00871479
-0.0109136
-0.000878398
0.00915453
0.00992822
0.00774449
0.00919517
0.0115147
0.0225421
0.0261213
0.0298528
0.0348612
0.0368088
0.0781304
0.0727571
0.0456002
0.0916213
0.0867833
0.080073
0.0732555
0.0290188
0.0978706
0.0668546
0.078071
0.0833438
0.119018
0.0928502
0.11805
0.111183
0.130071
0.145822
0.130741
0.148607
0.140478
0.181639
0.194282
0.214031
0.203033
0.193103
0.222293
0.223164
0.261236
0.225593
0.248047
0.226429
0.250394
0.248441
0.25745
0.221114
0.202879
0.191766
0.195397
0.191417
0.202976
0.224226
0.222877
0.226535
0.238761
0.246137
0.254114
0.250231
0.253015
0.261684
0.246076
0.274392
0.275135
0.287483
0.282286
0.280194
0.309893
0.27634
0.261204
0.300267
0.283913
0.292971
0.262534
0.253431
0.225521
0.232298
0.235853
0.200814
0.18609
0.160185
0.147391
0.147254
0.126933
0.163006
0.143309
0.134078
0.134337
0.103912
0.155597
0.119853
0.102433
0.0953384
0.0871851
0.107432
0.116463
0.100221
0.118344
0.0802482
0.10393
0.133151
0.129786
0.110329
0.106257
0.105219
0.124742
0.107038
0.0650464
0.0479906
0.066154
0.0496441
0.0586772
0.0615031
0.0492787
0.0555411
0.0544441
0.0710533
0.0588737
0.0386536
0.0216377
0.0287526
0.0269704
0.0319733
0.0297509
0.0136142
0.0300955
0.0287976
0.0442101
0.0387668
0.0415698
0.0251395
0.00241263
0.0263286
0.0354255
0.0503833
0.0367341
0.0394824
0.0827505
0.0190219
0.0450016
0.0410331
0.0314983
0.0406631
0.0405999
0.0346088
0.0111813
0.0217837
0.0148189
0.0141498
-0.000408361
-0.0227834
0.0227476
0.0252313
0.00630809
0.0214526
0.0030844
0.00324261
0.020057
0.0143243
-0.00183437
0.00583947
0.00255589
-0.00909772
0.0054039
-0.000378628
0.00887249
0.0222859
0.00699567
0.00806523
0.00259693
-0.0200461
-0.0130494
0.00160527
-0.0160996
-0.012765
-0.00969818
-0.00579021
-0.00592619
-0.00348976
-0.0154507
-0.0142313
-0.0180672
-0.025101
-0.0253058
-0.0237287
-0.00973072
-0.0283358
-0.0137686
-0.0110457
0.00906526
-0.00755028
-0.00865031
0.00545068
0.00710155
-0.0103118
0.00499268
0.00933914
0.0140362
-0.0126041
-0.0092938
0.0239127
0.00960155
0.0126411
0.0112892
0.0132159
0.0167979
0.0104394
0.0195666
0.0154992
0.0270129
0.0344116
0.0161368
0.0180362
0.00524646
0.0141878
0.000469479
-0.00167041
-0.0226719
-0.0373608
-0.0605413
-0.130493
-0.108042
-0.0492588
-0.0679457
-0.0257469
-0.0348901
-0.0422034
0.0174144
-0.0238959
-0.00546663
-0.0424918
-0.0258247
-0.00707206
-0.00101694
-0.0219741
-0.014113
-0.0234466
-0.0317758
-0.0405629
-0.0461972
-0.0430063
-0.0327282
-0.0266886
-0.027571
-0.0252338
-0.0187468
-0.0192299
-0.0219448
0.00575293
-0.000964039
0.0104024
0.00293403
0.0215314
-0.0126456
0.00214881
0.0177569
-0.00155002
0.0179932
0.0183214
0.00393738
0.022925
0.0194172
0.0289182
0.0125351
0.00881506
0.00219315
0.0108813
-0.00191455
-0.000680045
0.0162289
-0.0028241
-0.00243586
0.0138942
0.0144913
0.0113787
-0.00233446
0.00109239
-0.0110959
-0.010541
0.00286165
-0.0138893
0.00303309
-0.00878621
-0.00183792
-0.0155995
-0.00774537
0.0105573
0.00110503
-0.0107344
0.000528485
0.00424796
0.0041507
0.00572626
0.00333347
-0.0129641
-0.0311688
-0.0114705
-0.00130989
-0.023098
-0.00318959
0.00587365
-0.00853888
-0.0159196
-0.013017
-0.025706
-0.00658375
-0.012223
-0.00504394
-0.00958618
-0.0123686
-0.0187474
-0.0016742
-0.0286215
-0.00471792
0.000521467
-0.0118446
-0.0160095
-0.00871933
-0.0169035
-0.00968699
-0.0188284
-0.0192657
-0.041687
-0.0237719
-0.0242477
-0.029044
-0.0339428
-0.0608823
-0.0626095
-0.0996336
-0.0776041
-0.0753727
-0.0828056
-0.092518
-0.0761222
-0.0905646
-0.113023
-0.124874
-0.127013
-0.133603
-0.108637
-0.143455
-0.139618
-0.136509
-0.139679
-0.15434
-0.152013
-0.143523
-0.126162
-0.175641
-0.158887
-0.161095
-0.141584
-0.155096
-0.147162
-0.164558
-0.1297
-0.159124
-0.151388
-0.138827
-0.164868
-0.156711
-0.185887
-0.162099
-0.166843
-0.192444
-0.190159
-0.190087
-0.17975
-0.161571
-0.212304
-0.202449
-0.205551
-0.2075
-0.205541
-0.249279
-0.221183
-0.231727
-0.205395
-0.210814
-0.215608
-0.229288
-0.201333
-0.223074
-0.216465
-0.219652
-0.188294
-0.192544
-0.203716
-0.223183
-0.210941
-0.185014
-0.177154
-0.166818
-0.187074
-0.186352
-0.16318
-0.196447
-0.200091
-0.194378
-0.20957
-0.243249
-0.215465
-0.223879
-0.211731
-0.210765
-0.222497
-0.207398
-0.229935
-0.242131
-0.221234
-0.243944
-0.253117
-0.224581
-0.260357
-0.247541
-0.245532
-0.259448
-0.24557
-0.26573
-0.231682
-0.206599
-0.256369
-0.220928
-0.236288
-0.237859
-0.245985
-0.254957
-0.246567
-0.175977
-0.241239
-0.267459
-0.266373
-0.224885
-0.271546
-0.252755
-0.236203
-0.27868
-0.256818
-0.293461
-0.270899
-0.247381
-0.266328
-0.236935
-0.253486
-0.267632
-0.281635
-0.26313
-0.260766
-0.260343
-0.258421
-0.259855
-0.234173
-0.279992
-0.253648
-0.286027
-0.242272
-0.26528
-0.236929
-0.215134
-0.247007
-0.24668
-0.280421
-0.256858
-0.28335
-0.286892
-0.25394
-0.306163
-0.301193
-0.259414
-0.294397
-0.285252
-0.304673
-0.30118
-0.328012
-0.310063
-0.30108
-0.306163
-0.303367
-0.277521
-0.334683
-0.295773
-0.279601
-0.296467
-0.268309
-0.212323
-0.269084
-0.270345
-0.265063
-0.280735
-0.261449
-0.300213
-0.299144
-0.312481
-0.292497
-0.287787
-0.277338
-0.295705
-0.302266
-0.297734
-0.315055
-0.316009
-0.300876
-0.313581
-0.277302
-0.275104
-0.261177
-0.251282
-0.262358
-0.287718
-0.278325
-0.325235
-0.273977
-0.257852
-0.269003
-0.238774
-0.245567
-0.267454
-0.292331
-0.272606
-0.202635
-0.336903
-0.279615
-0.306049
-0.311546
-0.30928
-0.313346
-0.284814
-0.28823
-0.293744
-0.304014
-0.309196
-0.286276
-0.292495
-0.285696
-0.299046
-0.324531
-0.303464
-0.33362
-0.299312
-0.296272
-0.280318
-0.313083
-0.303454
-0.308123
-0.305559
-0.298801
-0.332054
-0.327941
-0.318915
-0.314671
-0.345467
-0.325425
-0.352633
-0.323116
-0.352343
-0.306519
-0.327581
-0.3177
-0.359719
-0.338824
-0.333305
-0.349549
-0.319575
-0.357277
-0.331993
-0.359254
-0.341369
-0.338376
-0.361429
-0.343505
-0.359332
-0.301134
-0.333559
-0.354401
-0.373277
-0.333679
-0.362203
-0.323392
-0.368503
-0.368056
-0.336907
-0.353533
-0.346761
-0.389177
-0.388974
-0.34078
-0.395108
-0.349695
-0.378345
-0.396692
-0.377294
-0.388794
-0.380469
-0.404787
-0.411868
-0.389378
-0.381016
-0.399746
-0.418019
-0.427362
-0.413813
-0.387479
-0.442817
-0.448614
-0.440059
-0.443635
-0.478749
-0.464309
-0.476224
-0.48838
-0.503031
-0.472439
-0.4453
-0.444844
-0.434944
-0.428964
-0.443756
-0.459082
-0.434677
-0.468774
-0.453242
-0.445121
-0.473759
-0.45849
-0.432917
-0.446409
-0.453346
-0.436929
-0.383631
-0.422313
-0.434618
-0.393316
-0.420888
-0.414893
-0.391695
-0.428122
-0.419279
-0.3979
-0.397749
-0.416952
-0.422579
-0.397915
-0.420179
-0.43128
-0.430129
-0.429903
-0.435171
-0.423859
-0.414782
-0.383814
-0.419233
-0.40598
-0.42518
-0.448907
-0.43297
-0.410299
-0.472399
-0.449781
-0.429777
-0.43688
-0.481743
-0.430737
-0.424844
-0.465256
-0.466137
-0.422258
-0.401535
-0.440349
-0.436355
-0.40481
-0.418432
-0.433353
-0.413685
-0.444505
-0.431608
-0.43189
-0.432948
-0.458835
-0.469094
-0.454639
-0.467417
-0.459881
-0.41893
-0.460779
-0.458162
-0.44371
-0.440031
-0.470969
-0.460037
-0.457727
-0.434127
-0.509211
-0.505438
-0.472175
-0.490834
-0.483194
-0.518464
-0.505842
-0.510293
-0.512076
-0.46218
-0.487706
-0.467633
-0.468657
-0.463775
-0.462839
-0.463309
-0.460505
-0.412332
-0.425173
-0.437951
-0.443371
-0.431707
-0.464075
-0.491938
-0.466143
-0.457601
-0.471517
-0.496969
-0.520182
-0.479588
-0.465416
-0.42252
-0.4805
-0.464715
-0.486384
-0.503144
-0.492667
-0.526549
-0.523836
-0.508912
-0.500665
-0.519525
-0.527328
-0.546266
-0.578076
-0.558522
-0.563989
-0.577704
-0.532872
-0.519646
-0.498456
-0.556698
-0.525919
-0.539912
-0.55786
-0.566473
-0.579657
-0.594264
-0.59876
-0.568694
-0.557553
-0.538131
-0.532407
-0.55368
-0.538112
-0.559666
-0.56007
-0.576884
-0.599427
-0.576758
-0.590246
-0.573199
-0.549644
-0.566469
-0.555212
-0.528883
-0.541839
-0.544207
-0.541887
-0.554221
-0.542268
-0.549962
-0.556324
-0.594948
-0.56016
-0.577055
-0.55086
-0.523244
-0.564348
-0.565054
-0.502207
-0.5408
-0.556453
-0.533721
-0.544788
-0.532115
-0.509013
-0.509363
-0.559512
-0.535121
-0.513098
-0.497992
-0.491108
-0.535203
-0.551584
-0.528386
-0.471682
-0.472003
-0.487199
-0.504747
-0.474471
-0.48946
-0.493013
-0.448216
-0.438282
-0.479448
-0.445982
-0.452596
-0.455055
-0.463513
-0.444603
-0.463965
-0.459748
-0.421055
-0.437451
-0.449226
-0.43689
-0.449356
-0.449228
-0.477367
-0.448427
-0.446667
-0.468985
-0.482521
-0.473033
-0.468857
-0.484809
-0.514969
-0.513168
-0.411623
-0.442756
-0.471522
-0.447415
-0.4154
-0.446169
-0.446911
-0.414556
-0.441562
-0.427435
-0.411385
-0.421212
-0.400985
-0.41347
-0.396025
-0.414012
-0.380386
-0.360749
-0.372647
-0.341802
-0.340857
-0.287684
-0.308444
-0.289012
-0.30208
-0.275447
-0.286814
-0.24828
-0.224834
-0.233512
-0.227016
-0.188296
-0.168416
-0.149569
-0.137559
-0.037098
-0.0257381
-0.0340189
-0.0208466
-0.0450493
-0.0717268
-0.0405584
-0.028909
0.000995211
0.0134442
0.0190423
0.0384419
-0.00534169
-0.00406126
0.0172575
0.0151271
0.0398814
0.0385331
0.0543792
0.1239
0.109878
0.117896
0.0987775
0.0406184
0.0838301
0.0872129
0.0600288
0.0393481
0.0357545
0.0419631
0.00994785
-0.00166177
-0.00061517
-0.0158407
-0.0589014
-0.113984
-0.0794862
-0.1289
-0.211406
-0.2035
-0.256923
-0.258507
-0.200902
-0.24368
-0.278494
-0.328912
-0.334359
-0.363
-0.282882
-0.291422
-0.283638
-0.318784
-0.294578
-0.299245
-0.28986
-0.329759
-0.304106
-0.363247
-0.364685
-0.348853
-0.352545
-0.359994
-0.336137
-0.33923
-0.344842
-0.313565
-0.334563
-0.34642
-0.365388
-0.375108
-0.352043
-0.349849
-0.350397
-0.334469
-0.312494
-0.34427
-0.342022
-0.351949
-0.361247
-0.3445
-0.345992
-0.299752
-0.337925
-0.329496
-0.358265
-0.32686
-0.3255
-0.30801
-0.326079
-0.319386
-0.341385
-0.320443
-0.303067
-0.335827
-0.297416
-0.296885
-0.284212
-0.326033
-0.290083
-0.309756
-0.288392
-0.289903
-0.275609
-0.247656
-0.21272
-0.187565
-0.19681
-0.167814
-0.153433
-0.114432
-0.0992992
-0.0973008
-0.0469898
-0.0614118
-0.0342333
-0.0362435
-0.0368576
-0.0180755
-0.0219167
-0.0165852
-0.00461525
-0.0219877
-0.0333582
-0.0513272
-0.079539
-0.11253
-0.103833
-0.0855106
-0.120474
-0.162568
-0.180045
-0.199201
-0.215275
-0.216489
-0.202766
-0.205067
-0.205931
-0.183471
-0.19749
-0.144459
-0.0932398
-0.0605449
-0.0261044
-0.00114265
0.020544
0.0323811
0.0357395
0.0154165
0.00332677
0.0272367
0.105998
0.0540362
0.0373335
0.0577164
0.0627897
0.0578138
0.134103
0.175262
0.054103
0.0816433
-5.69765e-05
0.0756823
0.0459769
0.0367695
0.0462005
0.0505294
0.0395142
0.105205
0.0353097
0.0600539
0.0735305
0.0946403
0.0897698
0.135094
0.178845
0.128744
0.15487
0.16142
0.193975
0.218123
0.1848
0.254862
0.266813
0.26326
0.258437
0.265601
0.257311
0.253006
0.225743
0.194287
0.149221
0.0884033
0.0516664
0.0108063
0.0201402
-0.0304075
-0.000754462
-0.00425624
0.000306956
0.00791425
0.00369126
0.0185344
0.00261598
0.0258627
0.050437
0.0693964
0.153341
0.125854
0.151769
0.159247
0.198055
0.214085
0.199767
0.234742
0.256163
0.266623
0.246104
0.266908
0.224723
0.245437
0.22514
0.215495
0.212989
0.205665
0.191284
0.220769
0.203226
0.204637
0.24509
0.237856
0.274081
0.267591
0.275015
0.248666
0.260477
0.2777
0.297222
0.270303
0.276528
0.257989
0.210636
0.122126
0.148668
0.155581
0.110971
0.134004
0.11949
0.117598
0.145829
0.107955
0.090549
0.103734
0.0988653
0.123337
0.110215
0.118529
0.128485
0.159973
0.131062
0.160702
0.158751
0.132115
0.151554
0.156103
0.185076
0.202256
0.167071
0.142616
0.157404
0.150798
0.12127
0.147837
0.131168
0.0953717
0.107692
0.0969882
0.109015
0.118791
0.135084
0.121259
0.0556976
0.0836315
0.061443
0.0359087
0.0656091
0.0332252
0.0187689
0.0258138
0.0398879
0.0467671
0.0180776
0.0300034
0.00583
0.00340121
-0.00122074
-0.00918281
-0.0012089
0.0214138
0.0058419
0.0403999
0.0172906
0.0139895
0.00838198
-0.00347698
0.0211172
-0.00816301
-0.00667487
-0.00183842
0.00263354
0.0118929
0.0151548
0.00676121
-0.00436333
-0.00441846
-0.00578933
0.0194257
0.0125927
-0.00407013
-0.00562394
7.16317e-05
-0.00456078
-0.00534562
0.00325046
-0.0037063
0.0071282
-0.00150638
-0.00832692
0.00149431
0.00544692
-0.00541082
0.01107
0.00428802
-0.0109409
-0.00988389
-0.0157349
-0.0131237
-0.00982212
-0.00924953
0.00796484
-0.0114916
0.00307187
0.0193379
0.00824843
-0.00541655
0.0109121
-0.00568861
-0.00698064
-0.0032707
0.00840178
0.00156205
-0.0116303
-0.00859287
0.00537838
-0.00503631
-0.000570206
0.000545688
-0.0142355
-0.0134376
0.00289809
0.011704
-0.00709167
-0.00208815
-0.00502516
-0.00437483
-0.0074456
0.000801904
0.00772751
-0.00621188
-0.0110754
0.00715065
0.013674
0.0219086
0.0182113
-0.000780715
0.00570606
0.00332436
-0.00847128
0.00461415
-0.00733467
-0.0125377
-0.000680645
-0.0147641
-0.00463717
0.013645
-0.0207328
0.0152959
-0.020282
0.00559151
0.00109219
-0.0121364
-0.0156484
0.00448719
0.00163547
0.0273785
-0.00566046
-0.0150014
0.00762456
0.00127731
0.0153852
-0.0178642
-0.000684954
0.0126569
-0.0121193
0.000595652
0.0225331
0.0107489
0.0198159
0.0145558
-0.00665099
-0.0126677
0.000980881
0.0114903
-0.00867044
0.00703271
-0.0021232
-0.0128311
-0.00982166
-0.00790062
-0.0172336
-0.00779607
0.0168776
-0.00527725
-0.00830452
-0.0132692
-0.00381665
-0.0032236
0.00410539
0.0088048
-0.0178262
0.0101176
0.00161859
0.0179889
0.012304
0.00281591
-0.0124342
-0.0101106
-0.0242864
0.00576834
0.00537946
0.00153562
-0.00605008
-0.0132369
-0.0171516
-0.0134503
-0.0308339
-0.0175523
-0.00437536
0.0116264
-0.00860877
-0.00568907
-0.00954962
-0.0123014
-0.00482376
0.00734539
0.00702846
0.00467587
0.00548419
0.00859687
-0.000282516
-0.0172195
-0.00569922
-0.0266461
-0.017502
-0.00589343
-0.00207772
0.010289
0.0138409
0.00436381
-0.0134243
0.000573744
0.00151314
-0.00203565
-2.24798e-05
0.0086957
0.0167816
-0.00477314
0.0114877
-0.00323087
-0.0100354
0.0167919
0.0313772
0.0707479
0.0924237
0.0872147
0.132763
0.133099
0.138856
0.139664
0.148672
0.149931
0.126458
0.170533
0.111984
0.117561
0.156928
0.133803
0.106338
0.114611
0.149315
0.135623
0.139523
0.162697
0.176905
0.180057
0.198556
0.207271
0.230227
0.21757
0.225407
0.234413
0.226732
0.212926
0.252162
0.235243
0.257827
0.250676
0.273367
0.245055
0.258985
0.283122
0.169309
0.253651
0.245033
0.326502
0.301757
0.354521
0.332221
0.41193
0.384446
0.330677
0.349444
0.279115
0.252517
0.222036
0.213654
0.198885
0.162159
0.178976
0.197899
0.233823
0.252005
0.296635
0.281599
0.329721
0.364639
0.377162
0.425859
0.382829
0.406985
0.376074
0.337527
0.360869
0.370389
0.375261
0.356735
0.328317
0.356954
0.329715
0.356648
0.344422
0.372634
0.333958
0.386073
0.371957
0.362808
0.385616
0.354038
0.391425
0.411817
0.379327
0.396282
0.403082
0.397749
0.430773
0.408554
0.381231
0.392007
0.384272
0.401765
0.386706
0.352119
0.367052
0.363735
0.327938
0.345051
0.323622
0.343077
0.337364
0.37981
0.368125
0.359008
0.356338
0.362702
0.399739
0.388804
0.3679
0.4033
0.356683
0.370188
0.385253
0.379292
0.357862
0.368685
0.350475
0.316393
0.35935
0.338164
0.359909
0.373302
0.308965
0.346591
0.329877
0.362632
0.354848
0.349478
0.349138
0.35533
0.351015
0.36054
0.371445
0.37511
0.38268
0.377707
0.357453
0.343581
0.361279
0.359774
0.321647
0.352578
0.334473
0.364861
0.345504
0.342812
0.376456
0.328424
0.367628
0.3361
0.342471
0.321673
0.331784
0.319821
0.321602
0.307671
0.283838
0.295859
0.307717
0.323862
0.32066
0.310319
0.333337
0.3549
0.336897
0.380119
0.367591
0.347217
0.34637
0.304236
0.34735
0.266103
0.327863
0.299571
0.308069
0.312586
0.335142
0.324503
0.324239
0.330109
0.330503
0.347351
0.335777
0.330498
0.324587
0.342098
0.315446
0.295059
0.317961
0.285019
0.269175
0.304038
0.253522
0.266607
0.27057
0.287384
0.295801
0.314294
0.30292
0.299063
0.309238
0.296146
0.309242
0.33779
0.321143
0.333646
0.302137
0.324056
0.277276
0.287146
0.282327
0.289072
0.224984
0.23117
0.228733
0.228303
0.199619
0.214813
0.205812
0.228741
0.198551
0.19435
0.260977
0.224263
0.221344
0.202184
0.226211
0.203592
0.20407
0.231045
0.223908
0.205025
0.241354
0.228138
0.20515
0.233267
0.213891
0.210251
0.217208
0.182275
0.183298
0.179125
0.180455
0.146181
0.162846
0.155122
0.147376
0.115325
0.103295
0.0881927
0.0398107
0.00502082
-0.00300568
-0.0079892
-0.0568303
-0.0879088
-0.0639836
-0.144809
-0.0968791
-0.0937023
-0.0746437
-0.0872804
-0.104111
-0.0773355
-0.0414979
0.000695575
-0.000299711
0.0544112
0.0539571
0.0895617
0.101978
0.108269
0.107198
0.128471
0.103266
0.117439
0.135441
0.0934254
0.0687275
0.0629493
0.0262978
0.0253265
0.0297385
0.0071227
0.00254946
-0.0164148
-0.0102604
0.0083371
0.0167275
0.062266
0.0812638
0.142079
0.194632
0.231601
0.274886
0.322902
0.33523
0.338565
0.342717
0.343669
0.306993
0.290052
0.244409
0.201765
0.186874
0.148655
0.158491
0.131468
0.0856842
0.0736907
0.0698667
0.0583884
0.0219761
0.0344558
0.078273
0.0605847
0.049718
0.0442902
0.0372454
0.0318017
0.0243041
0.00682325
-0.00624532
-0.0204637
-0.0193701
-0.0630701
-0.0601174
-0.0686825
-0.0555154
-0.0473562
-0.0600337
-0.0718499
-0.0873972
-0.0884888
-0.0359866
-0.0391527
-0.0386301
0.00459909
-0.00827826
-0.0116906
-0.00364301
0.0114567
0.000822546
0.00224824
0.0188326
0.0287431
-0.011871
0.0038619
0.00573405
0.00347414
-0.00244685
0.00467439
-0.00970793
-0.00904084
-0.0166639
-0.0118418
-0.0270816
-0.00520865
-0.0197435
-0.0100501
0.0131519
0.000489852
0.016546
0.00243846
0.0197792
0.0053925
-0.00772024
0.0239494
-0.00652007
0.0054395
-0.0147834
-0.00880426
-0.00508647
-0.0284586
0.00703487
-0.0027265
-0.00554434
0.00769104
-0.0140017
-0.00436567
0.00990097
-0.000188433
-0.010546
0.00838762
-0.000835952
-0.00501532
0.0064852
-0.000691759
0.00624397
-0.000156764
0.00262824
0.0106433
-0.0228628
-0.0153732
-0.00196941
0.0141752
0.00255771
-0.00475887
0.0283829
0.0132589
-0.00397455
0.00378723
0.00537777
-0.00506657
-0.0186395
0.00995848
-0.0156227
0.00293467
0.00152999
0.0116527
0.0150066
-0.0160233
0.000533204
-0.0105015
-0.0105088
-0.00574742
-0.00917906
-0.0191314
0.00373984
0.0234259
0.0157945
-0.0108249
-0.00323195
-0.000959403
0.00670899
0.00704775
-0.00806043
-0.00310228
-0.0130801
0.0108404
0.0204043
-0.00220575
0.0141155
-0.00406972
-0.00567403
0.0115808
-0.00392612
0.00304084
-0.0223603
0.000996043
-0.00529429
-0.0065873
-0.0143275
0.0186359
0.0175801
0.0123203
0.00194564
-0.0154704
0.00746872
0.00508373
0.0102399
-0.00152826
-0.00958243
0.0181402
0.00442848
0.00262682
-0.00251792
-0.0131495
-0.00817714
0.00355297
-0.0129022
0.0236439
-0.0211074
0.00151289
0.0107244
-0.00452456
-0.00460176
-0.0029141
0.00752392
0.0152689
0.010169
0.0103671
0.00413343
-0.00479792
0.0103923
-0.0175414
0.00483192
0.0224144
-0.00985391
-0.00902232
0.011717
0.00740658
-0.0137109
-0.0101
0.0131621
-0.00952998
-0.00566589
-0.0113918
-0.00768615
-0.00446372
-0.0231693
-0.0139852
-0.00305171
-0.0207574
-0.00636455
0.00819885
0.0015763
-0.00973092
0.00778711
0.00940448
0.0166174
-0.00890217
-0.000264154
-0.00296373
-0.024588
-0.00509834
0.00238533
0.00104729
0.00912312
0.00398414
-0.00436213
-0.00279712
-0.0117412
-0.0109642
-0.00745595
0.00463314
-0.000490388
0.0124284
-0.00563526
-0.00271108
0.00310167
0.0041816
-0.00783076
-0.0125578
0.00668941
0.0107928
-0.0129552
-0.00278885
0.00231451
0.0148368
0.02113
0.00215169
-0.00365873
-0.0118893
0.0136886
0.00122953
0.0129522
0.0152613
0.0110711
-0.00347679
-0.015384
-0.00340529
-0.00137632
0.00754891
-0.0016373
0.00577155
-0.00781903
-0.0142092
0.0166518
-0.00481892
-0.000301303
0.0125051
0.0110099
-0.0171198
0.0138162
0.00821401
-0.000746523
-0.0146633
-0.0114313
-0.020279
-0.00816344
-0.0191071
-0.00696773
0.010019
0.0140373
0.00173354
0.0226804
0.0122902
-0.00358079
0.00157163
0.0109779
-0.00417955
0.00364421
0.00213613
