-1.85193
-1.85194
-1.85191
-1.85194
-1.85195
-1.85189
-1.85195
-1.85191
-1.85191
-1.85194
-1.85195
-1.8519
-1.85188
-1.85193
-1.85186
-1.85192
-1.85192
-1.85194
-1.8519
-1.85189
-1.85195
-1.8519
-1.8519
-1.85191
-1.85192
-1.85192
-1.85188
-1.85193
-1.8519
-1.85193
-1.85191
-1.85192
-1.85196
-1.85195
-1.85186
-1.85191
-1.85194
-1.8519
-1.85193
-1.85189
-1.85197
-1.85191
-1.85187
-1.85188
-1.8519
-1.85193
-1.85186
-1.8519
-1.85191
-1.85189
-1.85194
-1.8519
-1.85191
-1.85193
-1.85191
-1.85193
-1.85187
-1.85195
-1.85193
-1.85192
-1.85194
-1.85195
-1.85193
-1.85194
-1.85196
-1.8519
-1.85189
-1.85187
-1.8519
-1.85192
-1.85191
-1.85191
-1.85192
-1.8519
-1.85186
-1.85194
-1.85196
-1.85192
-1.85185
-1.85193
-1.85193
-1.85193
-1.8519
-1.85195
-1.85189
-1.85192
-1.8519
-1.85191
-1.85193
-1.85188
-1.85191
-1.85191
-1.85191
-1.85191
-1.85189
-1.8519
-1.85194
-1.85188
-1.85195
-1.85192
-1.85196
-1.85192
-1.85195
-1.85189
-1.8519
-1.85192
-1.85191
-1.85185
-1.85192
-1.85191
-1.85191
-1.85193
-1.85189
-1.8519
-1.85187
-1.8519
-1.85191
-1.85191
-1.85192
-1.85188
-1.85196
-1.85194
-1.85196
-1.85195
-1.85188
-1.85192
-1.8519
-1.85192
-1.85191
-1.85193
-1.85196
-1.8519
-1.85191
-1.85191
-1.85192
-1.85187
-1.85191
-1.85192
-1.85195
-1.85193
-1.85191
-1.85189
-1.85195
-1.85192
-1.85188
-1.85196
-1.85189
-1.8519
-1.85187
-1.85189
-1.8519
-1.8519
-1.85186
-1.8519
-1.85194
-1.8519
-1.85189
-1.85191
-1.85195
-1.85192
-1.85195
-1.85192
-1.85191
-1.85192
-1.85197
-1.85193
-1.85196
-1.85185
-1.85189
-1.85195
-1.85193
-1.85192
-1.85188
-1.85187
-1.8518
-1.85186
-1.85184
-1.85179
-1.85175
-1.85174
-1.85178
-1.85166
-1.85155
-1.85149
-1.85159
-1.85158
-1.85159
-1.85155
-1.8515
-1.85154
-1.85139
-1.85119
-1.85099
-1.85106
-1.85114
-1.85128
-1.85115
-1.85113
-1.85108
-1.85115
-1.85113
-1.85113
-1.85118
-1.85118
-1.85115
-1.85112
-1.85121
-1.85123
-1.85122
-1.8512
-1.85117
-1.85122
-1.85122
-1.85122
-1.8512
-1.85118
-1.85116
-1.85121
-1.85116
-1.8512
-1.8512
-1.85122
-1.85115
-1.8512
-1.85117
-1.85116
-1.85118
-1.85124
-1.85119
-1.85119
-1.85119
-1.8512
-1.85118
-1.85118
-1.85116
-1.85117
-1.85119
-1.85116
-1.85119
-1.85119
-1.85117
-1.85115
-1.8511
-1.85116
-1.85117
-1.85113
-1.85115
-1.85116
-1.85114
-1.85118
-1.85114
-1.85114
-1.85117
-1.8512
-1.85114
-1.85116
-1.85115
-1.85115
-1.85115
-1.8511
-1.85116
-1.85112
-1.85112
-1.8511
-1.85113
-1.85113
-1.85115
-1.85111
-1.85114
-1.85113
-1.8511
-1.85114
-1.85111
-1.85108
-1.85111
-1.85113
-1.85113
-1.85114
-1.85112
-1.85106
-1.85118
-1.85116
-1.85114
-1.85118
-1.85116
-1.85114
-1.85119
-1.85118
-1.85117
-1.85119
-1.85119
-1.85114
-1.85119
-1.85114
-1.85093
-1.84955
-1.84915
-1.84984
-1.85064
-1.85118
-1.8512
-1.85093
-1.85027
-1.85031
-1.85034
-1.8497
-1.85009
-1.85067
-1.85083
-1.85073
-1.85043
-1.85042
-1.85062
-1.8507
-1.85055
-1.85049
-1.85047
-1.85053
-1.8505
-1.85056
-1.85057
-1.85058
-1.85067
-1.85062
-1.85058
-1.8506
-1.85053
-1.85055
-1.85054
-1.85057
-1.85058
-1.85063
-1.8506
-1.85058
-1.8506
-1.85058
-1.85057
-1.85049
-1.85048
-1.85058
-1.85054
-1.85058
-1.85057
-1.85057
-1.85058
-1.85051
-1.85058
-1.85051
-1.85058
-1.85058
-1.85048
-1.85053
-1.85058
-1.85057
-1.85062
-1.8506
-1.85061
-1.85058
-1.85051
-1.8506
-1.85051
-1.85053
-1.85052
-1.8505
-1.85053
-1.85059
-1.85058
-1.85059
-1.85054
-1.85056
-1.85051
-1.85051
-1.85052
-1.85053
-1.85051
-1.85058
-1.85052
-1.85047
-1.85065
-1.85059
-1.85057
-1.85056
-1.85056
-1.8505
-1.85027
-1.85015
-1.85012
-1.85033
-1.85038
-1.85038
-1.8505
-1.85211
-1.85241
-1.85252
-1.85258
-1.85324
-1.85433
-1.85598
-1.85782
-1.8601
-1.86242
-1.86513
-1.86831
-1.87145
-1.8746
-1.87772
-1.8809
-1.88367
-1.88648
-1.88906
-1.8913
-1.89313
-1.89497
-1.89664
-1.89809
-1.89938
-1.90074
-1.90208
-1.90364
-1.90407
-1.90453
-1.90476
-1.90505
-1.90528
-1.90566
-1.90571
-1.90585
-1.90584
-1.90588
-1.90596
-1.90606
-1.90618
-1.90641
-1.9066
-1.90695
-1.90736
-1.90778
-1.90807
-1.90832
-1.90845
-1.90854
-1.90856
-1.90858
-1.90857
-1.90861
-1.90865
-1.90866
-1.90862
-1.90862
-1.90865
-1.90867
-1.90861
-1.90863
-1.90859
-1.90865
-1.90858
-1.90859
-1.90858
-1.90861
-1.90868
-1.90866
-1.90862
-1.9086
-1.90862
-1.9086
-1.90859
-1.90859
-1.9086
-1.90862
-1.90857
-1.9086
-1.90857
-1.90859
-1.90856
-1.90859
-1.90858
-1.90859
-1.9086
-1.9086
-1.90862
-1.90862
-1.90856
-1.90865
-1.90857
-1.90857
-1.90852
-1.90857
-1.9085
-1.90852
-1.90845
-1.90851
-1.9085
-1.90847
-1.90847
-1.90841
-1.90845
-1.90837
-1.90834
-1.90832
-1.90831
-1.90827
-1.90822
-1.90828
-1.90821
-1.90822
-1.90821
-1.90813
-1.90811
-1.90813
-1.90814
-1.90813
-1.90812
-1.9081
-1.908
-1.90792
-1.90793
-1.90789
-1.90785
-1.90776
-1.90769
-1.90769
-1.90762
-1.90759
-1.90758
-1.90745
-1.90731
-1.90714
-1.90692
-1.90662
-1.90589
-1.90536
-1.90446
-1.90383
-1.90305
-1.90156
-1.90087
-1.89992
-1.89905
-1.89813
-1.89736
-1.89668
-1.89601
-1.89546
-1.89501
-1.8945
-1.89393
-1.89352
-1.89298
-1.89254
-1.89198
-1.89143
-1.89091
-1.89032
-1.88973
-1.88911
-1.88837
-1.88747
-1.88661
-1.88564
-1.88467
-1.88364
-1.88237
-1.88095
-1.87933
-1.87753
-1.87562
-1.87355
-1.86939
-1.8673
-1.86521
-1.86298
-1.86055
-1.85823
-1.85593
-1.85359
-1.85149
-1.84926
-1.847
-1.8449
-1.84269
-1.84074
-1.83913
-1.83735
-1.83551
-1.83351
-1.83148
-1.82972
-1.82797
-1.82634
-1.82438
-1.82234
-1.82054
-1.81871
-1.81685
-1.81481
-1.81269
-1.81061
-1.80851
-1.80612
-1.80376
-1.80116
-1.79524
-1.792
-1.78875
-1.78538
-1.78203
-1.77854
-1.77481
-1.77154
-1.76798
-1.76495
-1.762
-1.7594
-1.75669
-1.75445
-1.75181
-1.74926
-1.74685
-1.7441
-1.74145
-1.73843
-1.73557
-1.73246
-1.72946
-1.72624
-1.7232
-1.71997
-1.71686
-1.71382
-1.71083
-1.70776
-1.70505
-1.70183
-1.69882
-1.69602
-1.69324
-1.69027
-1.68764
-1.68473
-1.68149
-1.67798
-1.67077
-1.66748
-1.66436
-1.66125
-1.65807
-1.65463
-1.65102
-1.64731
-1.64414
-1.64122
-1.63886
-1.63709
-1.63518
-1.63296
-1.63062
-1.62774
-1.62448
-1.62125
-1.61781
-1.61409
-1.61039
-1.60645
-1.60237
-1.59802
-1.59341
-1.58852
-1.58363
-1.57874
-1.5742
-1.56975
-1.5654
-1.56142
-1.55776
-1.55363
-1.54887
-1.54458
-1.54001
-1.53499
-1.52975
-1.51882
-1.5139
-1.5082
-1.50352
-1.49891
-1.49467
-1.49055
-1.48683
-1.48228
-1.4782
-1.47423
-1.47025
-1.46639
-1.46268
-1.45839
-1.4549
-1.45198
-1.44958
-1.4476
-1.4457
-1.44371
-1.44189
-1.43991
-1.43755
-1.43553
-1.4334
-1.43122
-1.42939
-1.42748
-1.42545
-1.4238
-1.42181
-1.42044
-1.41906
-1.41777
-1.41664
-1.41486
-1.41318
-1.41228
-1.41146
-1.41082
-1.41057
-1.41016
-1.41004
-1.4098
-1.40962
-1.40958
-1.40963
-1.40966
-1.40965
-1.40976
-1.40987
-1.40992
-1.40995
-1.40991
-1.40995
-1.40992
-1.4099
-1.40993
-1.40975
-1.40967
-1.40974
-1.41021
-1.41065
-1.41075
-1.41071
-1.41027
-1.40959
-1.40886
-1.40825
-1.40814
-1.40828
-1.40912
-1.40949
-1.4097
-1.4095
-1.40938
-1.4093
-1.40932
-1.40939
-1.40934
-1.40888
-1.40907
-1.41009
-1.41155
-1.41275
-1.41369
-1.41425
-1.41479
-1.41492
-1.41478
-1.41446
-1.41384
-1.41328
-1.41255
-1.41205
-1.41206
-1.41217
-1.41253
-1.41278
-1.41328
-1.41405
-1.41475
-1.41516
-1.41517
-1.41515
-1.41517
-1.4152
-1.41545
-1.41592
-1.41752
-1.41806
-1.41874
-1.41912
-1.41886
-1.41802
-1.41735
-1.41696
-1.41689
-1.41666
-1.41628
-1.41597
-1.41547
-1.41469
-1.41429
-1.41391
-1.41387
-1.41356
-1.41324
-1.41309
-1.41292
-1.41294
-1.41284
-1.4129
-1.41292
-1.4129
-1.41285
-1.41294
-1.41298
-1.41302
-1.41308
-1.41301
-1.41286
-1.41277
-1.41271
-1.41223
-1.41189
-1.41135
-1.4109
-1.41067
-1.41056
-1.41045
-1.41018
-1.40985
-1.40953
-1.40905
-1.40854
-1.40795
-1.40721
-1.40638
-1.40561
-1.40499
-1.40455
-1.40416
-1.40391
-1.40379
-1.40361
-1.40317
-1.40282
-1.40203
-1.40101
-1.40003
-1.39901
-1.39782
-1.39635
-1.39422
-1.39198
-1.38932
-1.38682
-1.38399
-1.37784
-1.37405
-1.37004
-1.36598
-1.36157
-1.357
-1.3527
-1.34861
-1.34464
-1.34075
-1.33695
-1.33311
-1.32959
-1.32589
-1.32228
-1.31858
-1.31457
-1.31081
-1.30658
-1.3018
-1.2966
-1.29106
-1.2852
-1.27932
-1.27377
-1.26842
-1.2634
-1.25856
-1.25396
-1.24938
-1.24496
-1.24049
-1.23573
-1.23026
-1.2251
-1.21529
-1.20996
-1.20468
-1.19974
-1.19512
-1.19082
-1.18651
-1.18228
-1.17754
-1.17244
-1.16687
-1.1614
-1.1561
-1.15098
-1.14604
-1.14094
-1.13603
-1.13142
-1.12693
-1.12268
-1.11817
-1.11336
-1.10839
-1.103
-1.09725
-1.09135
-1.08555
-1.07976
-1.07447
-1.07002
-1.06577
-1.06172
-1.05733
-1.05273
-1.04768
-1.04277
-1.03767
-1.02825
-1.02316
-1.01813
-1.01348
-1.00893
-1.00487
-1.00113
-0.997469
-0.99371
-0.989749
-0.985459
-0.981044
-0.976539
-0.971972
-0.967323
-0.962895
-0.958527
-0.954281
-0.952924
-0.950997
-0.94962
-0.948201
-0.94713
-0.945604
-0.944167
-0.942983
-0.941767
-0.940513
-0.939167
-0.937772
-0.936506
-0.935285
-0.934254
-0.933385
-0.932888
-0.932514
-0.932408
-0.932142
-0.931832
-0.931366
-0.931589
-0.93171
-0.931808
-0.931777
-0.931756
-0.931802
-0.931951
-0.932207
-0.932537
-0.932838
-0.933019
-0.932884
-0.932821
-0.932592
-0.932453
-0.932426
-0.932496
-0.932504
-0.932606
-0.932784
-0.932916
-0.933135
-0.933514
-0.933672
-0.934052
-0.93484
-0.935669
-0.936328
-0.936681
-0.93693
-0.936983
-0.936926
-0.936972
-0.937086
-0.937223
-0.937281
-0.937225
-0.937216
-0.937222
-0.937311
-0.937412
-0.937495
-0.937759
-0.937945
-0.938116
-0.938149
-0.938094
-0.938162
-0.938156
-0.938273
-0.938356
-0.938427
-0.938625
-0.938673
-0.938737
-0.938816
-0.938781
-0.938747
-0.938734
-0.938727
-0.938738
-0.938718
-0.938673
-0.938745
-0.938776
-0.93876
-0.938806
-0.938814
-0.938814
-0.938811
-0.938829
-0.938819
-0.938853
-0.938892
-0.939126
-0.939614
-0.939583
-0.939617
-0.939557
-0.939543
-0.939457
-0.939383
-0.939295
-0.939301
-0.939409
-0.939341
-0.939053
-0.938217
-0.937408
-0.936393
-0.934939
-0.933414
-0.932106
-0.930952
-0.930084
-0.929075
-0.927727
-0.926035
-0.923931
-0.921269
-0.918777
-0.91519
-0.913601
-0.9121
-0.910331
-0.908187
-0.906141
-0.904324
-0.902617
-0.901003
-0.899402
-0.897445
-0.895373
-0.893577
-0.891771
-0.889917
-0.887875
-0.885579
-0.883065
-0.880524
-0.87762
-0.874749
-0.871823
-0.869205
-0.866269
-0.863334
-0.86025
-0.857215
-0.854177
-0.851151
-0.848242
-0.845676
-0.842249
-0.839238
-0.836302
-0.832165
-0.830358
-0.828281
-0.825945
-0.82346
-0.821107
-0.819048
-0.816883
-0.814772
-0.812547
-0.810346
-0.808189
-0.805948
-0.803868
-0.801673
-0.799385
-0.796904
-0.794428
-0.791862
-0.78929
-0.786403
-0.783696
-0.781358
-0.779025
-0.776693
-0.774685
-0.772621
-0.770569
-0.768247
-0.765386
-0.763786
-0.761442
-0.759371
-0.757081
-0.75411
-0.751055
-0.74615
-0.743484
-0.740544
-0.737423
-0.734397
-0.731414
-0.728354
-0.725336
-0.722363
-0.719547
-0.716616
-0.714251
-0.711884
-0.709497
-0.707112
-0.704948
-0.70275
-0.700282
-0.698043
-0.695671
-0.693164
-0.690607
-0.687887
-0.685239
-0.682586
-0.679942
-0.677283
-0.674504
-0.671803
-0.66894
-0.666094
-0.663078
-0.660376
-0.658015
-0.655548
-0.651352
-0.649433
-0.647608
-0.645462
-0.643342
-0.641421
-0.639382
-0.637314
-0.634933
-0.632353
-0.629605
-0.626906
-0.624088
-0.621521
-0.618784
-0.616157
-0.61321
-0.610264
-0.607314
-0.604366
-0.601772
-0.59913
-0.59652
-0.594132
-0.592155
-0.590017
-0.587647
-0.585669
-0.583647
-0.581245
-0.579236
-0.576803
-0.574457
-0.57186
-0.566981
-0.56427
-0.561763
-0.55916
-0.556382
-0.553818
-0.550958
-0.54847
-0.545701
-0.543002
-0.540322
-0.537667
-0.535455
-0.53304
-0.530795
-0.52879
-0.526848
-0.524708
-0.522207
-0.519991
-0.51777
-0.515216
-0.512814
-0.510186
-0.507381
-0.50476
-0.502004
-0.499181
-0.496439
-0.493617
-0.490821
-0.488009
-0.485164
-0.482103
-0.479239
-0.47456
-0.472301
-0.47025
-0.468373
-0.466215
-0.46368
-0.461498
-0.459239
-0.45667
-0.454371
-0.451673
-0.448918
-0.445917
-0.442968
-0.439861
-0.437047
-0.433922
-0.431061
-0.427934
-0.424897
-0.421949
-0.419277
-0.416521
-0.413889
-0.411763
-0.40945
-0.407137
-0.404775
-0.402812
-0.40102
-0.398596
-0.396242
-0.394195
-0.391577
-0.388905
-0.386175
-0.383265
-0.377248
-0.373942
-0.370779
-0.367495
-0.364291
-0.360951
-0.357657
-0.354407
-0.351655
-0.348892
-0.346358
-0.344195
-0.342127
-0.339644
-0.337206
-0.334906
-0.332526
-0.330112
-0.327832
-0.325124
-0.322305
-0.319436
-0.31643
-0.313432
-0.310477
-0.307348
-0.304305
-0.30122
-0.29792
-0.29493
-0.291834
-0.288834
-0.286214
-0.283792
-0.281056
-0.276233
-0.273645
-0.270958
-0.268495
-0.265793
-0.26271
-0.259669
-0.256402
-0.253354
-0.249964
-0.246698
-0.24328
-0.239737
-0.236268
-0.23265
-0.228968
-0.225653
-0.222596
-0.219571
-0.217279
-0.214827
-0.212096
-0.209814
-0.207436
-0.204903
-0.202527
-0.200222
-0.197786
-0.195263
-0.192742
-0.190254
-0.1879
-0.18548
-0.182995
-0.178015
-0.175423
-0.172887
-0.170379
-0.16777
-0.165092
-0.16296
-0.160626
-0.15775
-0.155018
-0.152115
-0.149445
-0.145928
-0.142723
-0.139355
-0.135562
-0.131616
-0.127292
-0.123133
-0.11886
-0.114386
-0.109839
-0.105459
-0.101014
-0.0967993
-0.0926206
-0.0890657
-0.0855744
-0.0818044
-0.0782007
-0.0744245
-0.0708838
-0.0669738
-0.0630224
-0.0589128
-0.0546266
-0.0463514
-0.0420784
-0.0379356
-0.0340152
-0.0303957
-0.0269729
-0.0233618
-0.0197865
-0.0160497
-0.0123587
-0.00838256
-0.0041514
-1.72257e-05
0.004116
0.00827366
0.0124015
0.0165474
0.0207266
0.0251785
0.029134
0.0332592
0.0372019
0.0409876
0.0452345
0.0496219
0.0541171
0.058766
0.0636685
0.0687242
0.0735459
0.0781739
0.0828409
0.0878937
0.0918132
0.0954558
0.102643
0.106261
0.110153
0.113806
0.117761
0.121843
0.12579
0.12978
0.133718
0.137669
0.14174
0.145693
0.149445
0.153132
0.156721
0.160153
0.163663
0.167164
0.170686
0.174614
0.17865
0.182679
0.186815
0.191064
0.195343
0.199655
0.203863
0.208168
0.212137
0.21604
0.219376
0.223217
0.226881
0.230905
0.235012
0.239236
0.24415
0.248309
0.252912
0.257397
0.261804
0.270873
0.274881
0.278747
0.282799
0.286306
0.290169
0.293755
0.297556
0.301783
0.30619
0.310468
0.314915
0.319455
0.323947
0.328362
0.332603
0.33666
0.340519
0.343748
0.347199
0.350682
0.354276
0.35832
0.362087
0.366165
0.370371
0.374595
0.378716
0.382916
0.386971
0.391094
0.39522
0.398822
0.401867
0.405849
0.40932
0.413261
0.420821
0.425148
0.429508
0.433837
0.438205
0.442727
0.447227
0.451558
0.455996
0.460122
0.46403
0.467767
0.471222
0.474716
0.47832
0.482156
0.486149
0.490177
0.494331
0.498562
0.502775
0.506907
0.511024
0.515111
0.518941
0.52266
0.525966
0.529298
0.532636
0.53599
0.539557
0.543096
0.546604
0.550378
0.554179
0.558085
0.562255
0.569505
0.573328
0.577116
0.580813
0.584354
0.587929
0.591245
0.594431
0.597816
0.601052
0.604488
0.60792
0.611391
0.614975
0.618596
0.622202
0.625795
0.629221
0.632627
0.63587
0.639312
0.642513
0.645649
0.648241
0.651104
0.653811
0.656538
0.659441
0.662711
0.66566
0.668868
0.671942
0.675334
0.678608
0.68509
0.688221
0.691397
0.694564
0.697859
0.701094
0.704334
0.707304
0.710326
0.712971
0.715716
0.718651
0.721318
0.724242
0.727076
0.730186
0.733228
0.736497
0.739561
0.742672
0.745755
0.748962
0.752024
0.755143
0.758233
0.761162
0.764061
0.767004
0.769427
0.77182
0.774111
0.776313
0.778475
0.780902
0.783531
0.788656
0.791267
0.793986
0.796759
0.799483
0.802508
0.805266
0.807965
0.810589
0.813062
0.815545
0.81796
0.820126
0.822142
0.823974
0.825944
0.827896
0.829494
0.830983
0.832681
0.834688
0.836614
0.838453
0.840343
0.842143
0.844238
0.846299
0.848415
0.850643
0.852799
0.854873
0.857004
0.859175
0.861279
0.865827
0.867895
0.870165
0.872503
0.874602
0.876787
0.878837
0.88085
0.882922
0.884655
0.886216
0.88794
0.889894
0.891611
0.893487
0.895201
0.897033
0.898891
0.900386
0.901774
0.903128
0.903796
0.904724
0.905886
0.906943
0.908307
0.909133
0.910149
0.911057
0.911735
0.912517
0.913272
0.91416
0.914955
0.916122
0.917002
0.917727
0.917983
0.919013
0.919452
0.91978
0.920133
0.920461
0.920831
0.921187
0.921548
0.921812
0.922164
0.922459
0.922819
0.923224
0.923444
0.9237
0.92401
0.924069
0.924182
0.924279
0.924394
0.924463
0.924595
0.924754
0.924784
0.92483
0.924931
0.924996
0.924931
0.925006
0.924968
0.924921
0.925005
0.925005
0.925018
0.924976
0.924956
0.924988
0.925145
0.925111
0.925299
0.925719
0.926279
0.926437
0.926428
0.926321
0.926225
0.926261
0.926246
0.926261
0.926296
0.926301
0.926306
0.926275
0.92632
0.926325
0.926335
0.926343
0.926291
0.926315
0.926281
0.926317
0.926325
0.926309
0.926328
0.926348
0.926324
0.926374
0.92632
0.926319
0.926329
0.926247
0.926278
0.926249
0.926309
0.926266
0.926305
0.926341
0.926327
0.926252
0.926269
0.926281
0.926215
0.92619
0.926216
0.926249
0.926688
0.92676
0.926734
0.926795
0.926837
0.926872
0.926852
0.927248
0.927773
0.927723
0.927776
0.927683
0.927466
0.927495
0.927558
0.927705
0.927718
0.927664
0.927749
0.927721
0.927683
0.92771
0.927706
0.927728
0.92784
0.928008
0.928094
0.928174
0.928155
0.928133
0.928091
0.928187
0.928218
0.928195
0.928193
0.928284
0.928251
0.92825
0.928245
0.928227
0.928209
0.928224
0.928195
0.928189
0.928167
0.928147
0.928215
0.928185
0.928147
0.928123
0.928051
0.928116
0.928001
0.927972
0.927908
0.927879
0.927817
0.927487
0.927159
0.926698
0.926173
0.925432
0.92479
0.923861
0.922706
0.921691
0.919568
0.917596
0.91556
0.913665
0.912041
0.91051
0.909133
0.907535
0.905844
0.905198
0.904559
0.903634
0.902608
0.901319
0.899941
0.898462
0.897092
0.895583
0.893955
0.892257
0.89053
0.888545
0.886549
0.884727
0.882917
0.880832
0.878819
0.876385
0.874094
0.870281
0.868083
0.865986
0.863714
0.861564
0.85978
0.85786
0.856002
0.854015
0.851099
0.847965
0.844892
0.842292
0.839704
0.836971
0.834164
0.831439
0.82877
0.825734
0.822604
0.819103
0.815511
0.811717
0.80791
0.803942
0.799849
0.795818
0.791915
0.788035
0.784219
0.780496
0.776977
0.773477
0.769839
0.766585
0.763108
0.755738
0.751872
0.748046
0.74392
0.739845
0.735534
0.731148
0.72666
0.722096
0.717447
0.712797
0.708361
0.704038
0.699658
0.695311
0.691195
0.686865
0.68242
0.678182
0.673977
0.669579
0.665212
0.660668
0.656345
0.651885
0.647505
0.64294
0.638482
0.634065
0.629624
0.62525
0.620442
0.615065
0.60989
0.604809
0.595252
0.590109
0.585102
0.580457
0.575656
0.570735
0.566049
0.561603
0.556924
0.552043
0.546982
0.542039
0.537017
0.531693
0.526241
0.521145
0.516083
0.511252
0.506811
0.502447
0.497822
0.492812
0.48789
0.483131
0.478224
0.473197
0.468023
0.462979
0.457973
0.45287
0.447859
0.442764
0.436945
0.43159
0.421367
0.416144
0.411031
0.405725
0.400339
0.394848
0.38948
0.384371
0.379101
0.374252
0.369224
0.364
0.358698
0.353509
0.347995
0.342563
0.337285
0.332128
0.327073
0.322415
0.317754
0.313115
0.30851
0.303949
0.299318
0.294315
0.289234
0.284152
0.279027
0.273902
0.269134
0.264307
0.259391
0.254736
0.250139
0.245918
0.236929
0.23208
0.227325
0.22244
0.217539
0.212758
0.207965
0.203232
0.198534
0.19394
0.189298
0.184564
0.179771
0.17499
0.170034
0.165293
0.160783
0.156195
0.151542
0.147062
0.142799
0.138674
0.134609
0.130603
0.126969
0.12332
0.119434
0.11599
0.112665
0.109981
0.107986
0.106556
0.104949
0.102848
0.100647
0.0980517
0.0967644
0.0955268
0.0941283
0.0928928
0.0917535
0.0910145
0.0902272
0.089196
0.0880485
0.0867631
0.085236
0.0837278
0.0814119
0.0784279
0.0753448
0.0727617
0.0704028
0.0679552
0.0649288
0.061638
0.057949
0.0541428
0.0500312
0.0459585
0.0419647
0.0378724
0.0337709
0.0295013
0.025333
0.0212879
0.0173879
0.0136131
0.00993627
0.00592732
0.00232476
-0.00225723
-0.0107664
-0.0152775
-0.0198556
-0.0244266
-0.0288647
-0.0335173
-0.0382897
-0.0430999
-0.0477605
-0.0522109
-0.056562
-0.0612065
-0.0661359
-0.0709577
-0.0757787
-0.0805215
-0.085113
-0.0896123
-0.0941604
-0.098925
-0.103502
-0.107881
-0.112301
-0.116619
-0.120975
-0.125518
-0.130233
-0.13503
-0.139671
-0.144563
-0.149462
-0.154233
-0.158752
-0.163168
-0.171426
-0.175475
-0.179555
-0.18386
-0.188369
-0.193027
-0.197435
-0.201835
-0.206283
-0.210946
-0.215406
-0.219863
-0.224252
-0.228582
-0.232603
-0.236495
-0.24041
-0.244198
-0.248358
-0.252462
-0.256489
-0.26053
-0.264736
-0.268812
-0.273116
-0.277316
-0.281476
-0.285529
-0.289727
-0.293857
-0.297585
-0.301364
-0.305214
-0.309748
-0.314048
-0.318206
-0.32638
-0.330632
-0.334512
-0.337982
-0.34167
-0.345759
-0.349928
-0.353839
-0.357812
-0.361369
-0.365233
-0.369023
-0.373062
-0.377222
-0.381446
-0.385532
-0.389695
-0.393734
-0.397633
-0.401537
-0.405238
-0.408739
-0.412351
-0.415949
-0.419466
-0.422726
-0.426247
-0.429965
-0.433443
-0.437134
-0.440575
-0.444221
-0.447961
-0.451822
-0.455911
-0.459753
-0.463465
-0.467461
-0.474073
-0.477205
-0.480617
-0.483904
-0.487439
-0.491109
-0.494769
-0.498358
-0.501754
-0.505308
-0.508822
-0.512462
-0.516139
-0.519884
-0.523738
-0.527459
-0.530958
-0.534542
-0.538199
-0.541619
-0.545192
-0.548913
-0.55267
-0.556491
-0.560345
-0.564162
-0.568241
-0.572307
-0.576188
-0.580306
-0.584244
-0.587847
-0.591698
-0.598859
-0.602266
-0.605424
-0.608631
-0.611777
-0.615461
-0.619073
-0.622781
-0.626562
-0.630316
-0.634194
-0.638037
-0.64168
-0.645357
-0.648953
-0.65258
-0.655933
-0.659407
-0.662762
-0.665894
-0.668931
-0.672402
-0.675749
-0.679476
-0.683363
-0.687127
-0.691071
-0.694748
-0.6984
-0.702172
-0.705658
-0.709134
-0.712369
-0.715806
-0.719098
-0.722395
-0.725656
-0.728867
-0.732244
-0.735639
-0.742739
-0.746285
-0.749691
-0.753233
-0.756949
-0.760528
-0.764145
-0.767575
-0.77108
-0.774583
-0.777922
-0.781327
-0.784681
-0.787962
-0.791307
-0.794839
-0.798327
-0.801862
-0.805428
-0.8091
-0.812855
-0.816513
-0.820099
-0.823706
-0.827036
-0.830114
-0.833168
-0.83609
-0.839163
-0.842038
-0.844994
-0.847964
-0.850982
-0.854067
-0.857437
-0.864268
-0.867728
-0.871085
-0.874785
-0.878236
-0.881908
-0.885475
-0.888858
-0.892438
-0.89581
-0.899429
-0.902891
-0.906414
-0.909655
-0.913029
-0.916648
-0.920083
-0.923753
-0.927479
-0.93118
-0.93513
-0.938902
-0.942579
-0.946281
-0.949916
-0.95378
-0.957239
-0.960778
-0.964245
-0.967585
-0.971042
-0.974541
-0.978224
-0.981938
-0.98996
-0.993943
-0.997712
-1.00153
-1.00525
-1.00912
-1.01285
-1.01663
-1.02059
-1.02454
-1.02827
-1.03215
-1.03568
-1.03955
-1.04354
-1.04764
-1.05197
-1.05614
-1.06042
-1.06499
-1.06937
-1.07353
-1.07741
-1.08135
-1.08513
-1.08874
-1.09234
-1.09573
-1.09939
-1.10312
-1.10691
-1.11074
-1.11416
-1.1186
-1.12271
-1.12678
-1.1351
-1.13911
-1.14307
-1.14704
-1.1508
-1.15479
-1.15872
-1.16234
-1.16579
-1.16947
-1.1733
-1.17722
-1.18124
-1.18547
-1.1897
-1.19383
-1.19794
-1.20197
-1.20601
-1.21005
-1.21409
-1.2181
-1.22197
-1.22572
-1.22978
-1.23391
-1.23815
-1.24241
-1.24669
-1.25097
-1.25506
-1.25904
-1.26295
-1.26681
-1.27037
-1.27428
-1.27793
-1.28526
-1.28911
-1.29283
-1.29688
-1.30101
-1.30506
-1.30915
-1.31336
-1.31753
-1.32167
-1.32611
-1.33032
-1.33455
-1.33855
-1.34242
-1.34604
-1.35004
-1.35417
-1.35831
-1.36253
-1.36671
-1.37082
-1.37501
-1.37928
-1.38342
-1.38772
-1.39204
-1.39621
-1.40037
-1.40448
-1.40857
-1.41254
-1.41658
-1.42054
-1.42404
-1.42822
-1.43212
-1.43615
-1.44436
-1.44854
-1.45262
-1.45651
-1.46039
-1.46411
-1.46769
-1.47139
-1.47513
-1.47915
-1.48292
-1.48675
-1.49057
-1.49436
-1.49812
-1.50173
-1.50526
-1.50876
-1.51193
-1.51527
-1.51842
-1.52162
-1.52453
-1.52774
-1.53075
-1.534
-1.53717
-1.54072
-1.54426
-1.54785
-1.55154
-1.55498
-1.55858
-1.56194
-1.56548
-1.57278
-1.57637
-1.57951
-1.58283
-1.58577
-1.5887
-1.59168
-1.59483
-1.59807
-1.60151
-1.60509
-1.60849
-1.61193
-1.61521
-1.61863
-1.62189
-1.62522
-1.62851
-1.63188
-1.63515
-1.63847
-1.64162
-1.64446
-1.64734
-1.65011
-1.65287
-1.65563
-1.65842
-1.66136
-1.66429
-1.66745
-1.67052
-1.67356
-1.67671
-1.67988
-1.6828
-1.68597
-1.692
-1.69505
-1.69806
-1.70107
-1.70428
-1.70723
-1.7102
-1.71321
-1.71633
-1.7196
-1.72294
-1.72625
-1.72989
-1.73339
-1.73717
-1.74075
-1.74429
-1.74789
-1.75102
-1.75437
-1.7574
-1.76059
-1.76365
-1.76659
-1.76938
-1.77237
-1.77504
-1.77798
-1.78074
-1.78374
-1.78667
-1.78993
-1.79302
-1.79627
-1.79929
-1.80249
-1.80534
-1.81115
-1.81377
-1.81631
-1.81886
-1.82129
-1.82374
-1.82627
-1.82823
-1.83024
-1.83232
-1.8341
-1.8359
-1.83775
-1.83973
-1.84147
-1.84345
-1.84537
-1.84709
-1.84886
-1.85069
-1.85206
-1.85336
-1.85456
-1.85568
-1.85672
-1.85756
-1.85844
-1.8591
-1.85991
-1.86081
-1.86144
-1.86222
-1.8629
-1.86344
-1.86383
-1.86463
-1.86521
-1.86662
-1.86709
-1.86739
-1.86741
-1.86744
-1.86745
-1.86741
-1.8674
-1.86734
-1.86718
-1.86705
-1.86691
-1.86667
-1.86661
-1.86647
-1.86631
-1.86605
-1.86586
-1.86559
-1.86537
-1.8652
-1.86504
-1.86484
-1.86464
-1.86447
-1.86419
-1.86371
-1.86319
-1.86261
-1.86195
-1.86139
-1.86084
-1.86039
-1.85999
-1.85945
-1.85841
-1.85783
-1.85734
-1.85681
-1.85642
-1.85601
-1.85562
-1.85534
-1.85486
-1.85439
-1.85393
-1.85298
-1.85213
-1.85152
-1.85103
-1.85097
-1.85086
-1.85052
-1.8503
-1.84997
-1.84978
-1.84942
-1.84907
-1.84869
-1.84837
-1.84828
-1.84821
-1.8482
-1.8481
-1.84801
-1.84792
-1.84776
-1.84756
-1.84743
-1.84729
-1.8473
-1.84726
-1.8471
-1.84689
-1.84662
-1.84622
-1.8458
-1.84541
-1.84493
-1.84436
-1.84396
-1.84347
-1.84314
-1.84254
-1.84205
-1.84149
-1.841
-1.84056
-1.84022
-1.83991
-1.83955
-1.83921
-1.83893
-1.83848
-1.83806
-1.83774
-1.83733
-1.83688
-1.83646
-1.83591
-1.83535
-1.83472
-1.83392
-1.8328
-1.83168
-1.83059
-1.82913
-1.8252
-1.82356
-1.82197
-1.82102
-1.81981
-1.81847
-1.81684
-1.81529
-1.81381
-1.81234
-1.81087
-1.80965
-1.80876
-1.80801
-1.80724
-1.80636
-1.80555
-1.8047
-1.80384
-1.80303
-1.80213
-1.80112
-1.80027
-1.799
-1.79759
-1.79631
-1.79502
-1.79324
-1.79127
-1.7889
-1.7864
-1.78441
-1.78263
-1.78142
-1.77986
-1.77775
-1.77524
-1.77069
-1.76826
-1.76589
-1.76318
-1.76049
-1.7579
-1.75548
-1.75328
-1.75075
-1.74848
-1.74592
-1.7428
-1.73901
-1.73566
-1.7324
-1.72907
-1.72532
-1.72182
-1.71816
-1.71444
-1.71089
-1.70737
-1.70416
-1.70099
-1.69786
-1.69497
-1.69228
-1.68928
-1.68645
-1.68355
-1.68058
-1.67743
-1.67356
-1.6703
-1.66629
-1.65964
-1.65623
-1.65282
-1.64929
-1.64589
-1.6426
-1.63925
-1.63632
-1.63351
-1.63075
-1.62796
-1.62518
-1.622
-1.61879
-1.61528
-1.61169
-1.60777
-1.60374
-1.59978
-1.59555
-1.59164
-1.58766
-1.5835
-1.57945
-1.57577
-1.57221
-1.5691
-1.56611
-1.56327
-1.56029
-1.55744
-1.55409
-1.55078
-1.54687
-1.54371
-1.54035
-1.5334
-1.52984
-1.52662
-1.52329
-1.52033
-1.51738
-1.515
-1.51274
-1.51062
-1.50828
-1.50617
-1.50395
-1.50145
-1.49892
-1.4966
-1.49387
-1.49102
-1.488
-1.48489
-1.48174
-1.47893
-1.47591
-1.47274
-1.46911
-1.46564
-1.46198
-1.45836
-1.45488
-1.45171
-1.44865
-1.44577
-1.44307
-1.44057
-1.43789
-1.43524
-1.43248
-1.42707
-1.4243
-1.42159
-1.41886
-1.41604
-1.41285
-1.40907
-1.40552
-1.4018
-1.39809
-1.39448
-1.39128
-1.38839
-1.38583
-1.38316
-1.38052
-1.37776
-1.37474
-1.37175
-1.36851
-1.36502
-1.36135
-1.35741
-1.35356
-1.34973
-1.34565
-1.34146
-1.33735
-1.33297
-1.32918
-1.3256
-1.32197
-1.31855
-1.31483
-1.31102
-1.30752
-1.3041
-1.29617
-1.29248
-1.28886
-1.28495
-1.28126
-1.27741
-1.27365
-1.27029
-1.26676
-1.26396
-1.26114
-1.25839
-1.25541
-1.25234
-1.24888
-1.24528
-1.2412
-1.23695
-1.23266
-1.22824
-1.22389
-1.21945
-1.21516
-1.21082
-1.20664
-1.20285
-1.19905
-1.19543
-1.1919
-1.18836
-1.18454
-1.18089
-1.17384
-1.17014
-1.1664
-1.16267
-1.15895
-1.15523
-1.15167
-1.1484
-1.14536
-1.14246
-1.14009
-1.13776
-1.13544
-1.13321
-1.13089
-1.12843
-1.12589
-1.12326
-1.12046
-1.11753
-1.11456
-1.11136
-1.10789
-1.1044
-1.10079
-1.09743
-1.09387
-1.09082
-1.08802
-1.08583
-1.08394
-1.08216
-1.08009
-1.07818
-1.07453
-1.07234
-1.07013
-1.06827
-1.06627
-1.06403
-1.06156
-1.05886
-1.05597
-1.05278
-1.0495
-1.04602
-1.04257
-1.03893
-1.03514
-1.03118
-1.02705
-1.02299
-1.01918
-1.01552
-1.01227
-1.009
-1.00598
-1.00325
-1.00049
-0.997502
-0.994357
-0.991127
-0.987882
-0.984463
-0.980943
-0.977321
-0.973706
-0.971039
-0.969393
-0.967832
-0.966495
-0.965502
-0.964946
-0.964642
-0.964194
-0.96349
-0.962638
-0.962152
-0.962022
-0.96197
-0.962024
-0.962016
-0.962022
-0.961962
-0.961936
-0.9617
-0.961198
-0.960623
-0.960006
-0.95958
-0.959226
-0.959004
-0.958889
-0.958673
-0.958497
-0.958152
-0.957823
-0.957514
-0.957159
-0.956749
-0.956373
-0.955954
-0.955644
-0.955441
-0.955137
-0.954958
-0.95481
-0.954495
-0.954217
-0.953886
-0.953574
-0.953334
-0.95324
-0.953105
-0.952768
-0.952404
-0.952248
-0.951937
-0.951771
-0.951627
-0.951453
-0.95138
-0.951376
-0.951373
-0.951406
-0.95124
-0.951104
-0.951096
-0.951151
-0.95114
-0.951096
-0.951096
-0.95111
-0.95103
-0.95099
-0.951009
-0.950973
-0.950998
-0.950995
-0.950987
-0.950986
-0.950996
-0.950968
-0.950947
-0.950987
-0.950974
-0.950975
-0.950959
-0.950961
-0.951008
-0.95094
-0.950959
-0.950944
-0.950955
-0.950925
-0.950944
-0.950901
-0.950986
-0.950922
-0.95081
-0.950819
-0.950801
-0.950849
-0.950803
-0.950687
-0.950678
-0.950706
-0.950635
-0.950684
-0.950649
-0.950656
-0.950666
-0.950689
-0.950679
-0.950648
-0.950673
-0.950658
-0.950704
-0.950692
-0.950679
-0.950702
-0.950639
-0.950643
-0.950557
-0.950548
-0.950558
-0.950591
-0.950625
-0.950648
-0.950654
-0.950603
-0.950477
-0.950438
-0.950442
-0.950455
-0.950361
-0.950316
-0.95038
-0.950327
-0.950356
-0.950331
-0.950353
-0.950337
-0.95035
-0.95035
-0.950388
-0.950391
-0.950369
-0.950354
-0.950357
-0.950341
-0.950312
-0.950329
-0.95035
-0.950378
-0.950376
-0.950378
-0.950416
-0.950411
-0.950439
-0.950388
-0.950405
-0.950449
-0.950408
-0.950442
-0.950448
-0.950449
-0.950475
-0.950614
-0.950875
-0.951306
-0.95149
-0.951535
-0.95141
-0.951054
-0.950785
-0.950558
-0.950418
-0.95024
-0.95008
-0.950003
-0.949898
-0.949801
-0.949713
-0.949579
-0.949466
-0.94927
-0.949294
-0.949263
-0.949446
-0.949549
-0.949577
-0.949513
-0.949413
-0.94927
-0.949216
-0.949197
-0.949134
-0.949118
-0.949024
-0.948901
-0.948765
-0.94866
-0.948415
-0.948319
-0.947989
-0.94675
-0.945922
-0.944911
-0.943671
-0.942406
-0.940995
-0.939535
-0.938113
-0.936713
-0.935306
-0.933767
-0.93242
-0.931117
-0.929947
-0.928678
-0.927241
-0.925538
-0.923987
-0.922317
-0.920629
-0.918824
-0.917125
-0.915322
-0.913698
-0.912245
-0.910703
-0.908924
-0.906976
-0.905235
-0.903647
-0.902329
-0.901045
-0.899788
-0.897827
-0.895738
-0.894009
-0.892078
-0.890181
-0.88803
-0.885618
-0.880392
-0.877281
-0.874296
-0.871092
-0.867874
-0.864615
-0.861596
-0.858434
-0.85537
-0.852384
-0.849592
-0.846768
-0.844243
-0.841551
-0.839296
-0.837294
-0.835309
-0.833535
-0.831859
-0.830195
-0.828472
-0.826513
-0.824428
-0.822527
-0.82066
-0.818406
-0.816051
-0.813471
-0.810585
-0.807831
-0.804958
-0.802118
-0.799325
-0.796343
-0.793445
-0.790292
-0.787183
-0.783969
-0.781356
-0.778991
-0.77411
-0.771929
-0.769816
-0.767564
-0.765348
-0.763201
-0.76096
-0.758616
-0.756072
-0.753411
-0.750814
-0.74789
-0.744884
-0.741592
-0.738374
-0.735138
-0.73219
-0.729106
-0.726189
-0.72318
-0.720489
-0.717623
-0.71523
-0.712938
-0.710523
-0.707856
-0.705207
-0.702734
-0.69992
-0.697326
-0.694431
-0.691381
-0.688239
-0.685132
-0.681892
-0.678798
-0.675663
-0.672574
-0.669612
-0.666686
-0.663656
-0.657791
-0.655372
-0.652925
-0.650551
-0.648192
-0.645916
-0.643382
-0.64085
-0.638325
-0.635723
-0.633085
-0.629988
-0.626832
-0.623378
-0.619959
-0.616562
-0.613066
-0.609412
-0.605649
-0.601996
-0.598234
-0.595029
-0.591801
-0.588954
-0.58626
-0.583563
-0.580733
-0.577946
-0.57485
-0.571818
-0.568581
-0.565284
-0.561878
-0.558414
-0.554944
-0.551258
-0.547874
-0.544694
-0.541018
-0.537584
-0.534216
-0.53101
-0.524885
-0.522024
-0.519043
-0.515834
-0.512681
-0.509299
-0.505806
-0.502157
-0.4984
-0.494512
-0.490722
-0.486874
-0.482881
-0.479203
-0.475384
-0.471943
-0.468706
-0.465613
-0.462864
-0.460033
-0.456846
-0.453668
-0.450238
-0.446971
-0.44347
-0.439638
-0.435717
-0.432052
-0.428416
-0.424984
-0.421209
-0.417682
-0.41429
-0.411045
-0.407878
-0.401923
-0.399145
-0.396239
-0.393337
-0.390127
-0.387013
-0.383346
-0.379724
-0.375892
-0.371949
-0.368152
-0.364397
-0.360741
-0.357171
-0.353666
-0.350164
-0.347055
-0.344088
-0.341327
-0.33889
-0.335972
-0.333069
-0.330338
-0.327503
-0.324749
-0.32188
-0.318832
-0.315631
-0.312437
-0.309369
-0.306354
-0.303259
-0.30033
-0.29721
-0.29411
-0.291128
-0.288274
-0.283098
-0.280617
-0.277976
-0.275813
-0.273542
-0.270987
-0.268469
-0.266273
-0.263653
-0.260723
-0.257887
-0.254688
-0.251635
-0.248211
-0.24482
-0.24143
-0.237814
-0.234417
-0.23076
-0.22729
-0.224271
-0.221538
-0.218837
-0.21697
-0.215195
-0.213192
-0.211523
-0.210292
-0.209025
-0.20768
-0.206873
-0.206193
-0.205591
-0.204878
-0.204128
-0.203201
-0.202214
-0.200987
-0.197755
-0.195602
-0.193003
-0.189877
-0.186706
-0.18311
-0.179452
-0.175471
-0.17171
-0.168301
-0.164706
-0.161713
-0.159117
-0.156561
-0.153685
-0.151343
-0.149393
-0.146917
-0.144845
-0.143065
-0.140946
-0.138785
-0.136831
-0.134994
-0.13328
-0.131754
-0.129772
-0.12776
-0.125838
-0.123513
-0.120993
-0.118571
-0.1161
-0.113625
-0.110933
-0.108634
-0.106571
-0.104224
-0.0994292
-0.0975507
-0.095731
-0.093118
-0.0902926
-0.0883038
-0.0864452
-0.0842227
-0.082318
-0.0808818
-0.0793959
-0.0782394
-0.0773703
-0.0765498
-0.0757413
-0.0749958
-0.0744414
-0.0740518
-0.0737327
-0.0735581
-0.0733666
-0.0733109
-0.0732374
-0.0732086
-0.0732647
-0.0733866
-0.0735024
-0.073684
-0.0738072
-0.0741564
-0.074374
-0.0747036
-0.0750389
-0.0755478
-0.0759512
-0.0764374
-0.0769403
-0.0774004
-0.0784804
-0.0795217
-0.0801619
-0.0805666
-0.081186
-0.0821294
-0.0829229
-0.0835632
-0.0842502
-0.0850545
-0.0857548
-0.08651
-0.0873321
-0.0882758
-0.0892468
-0.0901983
-0.0912756
-0.0922544
-0.0931417
-0.0938935
-0.0946631
-0.0953507
-0.0960108
-0.0965295
-0.0970034
-0.0973575
-0.0976024
-0.0977756
-0.0979459
-0.098114
-0.0982328
-0.0984471
-0.0984997
-0.0986571
-0.0988427
-0.0989437
-0.0990966
-0.0991921
-0.0993887
-0.0995646
-0.0998041
-0.0999891
-0.100185
-0.100383
-0.100625
-0.100945
-0.101198
-0.101489
-0.101718
-0.10189
-0.102093
-0.102272
-0.102612
-0.102811
-0.103105
-0.103301
-0.103498
-0.103752
-0.10391
-0.104117
-0.104416
-0.104586
-0.104979
-0.105295
-0.105711
-0.106089
-0.107124
-0.107673
-0.108132
-0.108574
-0.109007
-0.10934
-0.109656
-0.11005
-0.110349
-0.110729
-0.111186
-0.111564
-0.111953
-0.112387
-0.112662
-0.113002
-0.113203
-0.113467
-0.113766
-0.114063
-0.114348
-0.114702
-0.115102
-0.115562
-0.116031
-0.116415
-0.116835
-0.117215
-0.117462
-0.117751
-0.1181
-0.118375
-0.118712
-0.119353
-0.119691
-0.120076
-0.120379
-0.120702
-0.120954
-0.121077
-0.121164
-0.121261
-0.121314
-0.121355
-0.12142
-0.121425
-0.12145
-0.121405
-0.121452
-0.121436
-0.121426
-0.121413
-0.121465
-0.121415
-0.121419
-0.121477
-0.121458
-0.121427
-0.121453
-0.121402
-0.121442
-0.121416
-0.121419
-0.121393
-0.121448
-0.12145
-0.12146
-0.121479
-0.121501
-0.121437
-0.121446
-0.121453
-0.121517
-0.121472
-0.121408
-0.12144
-0.121466
-0.121447
-0.121462
-0.121504
-0.121446
-0.121457
-0.121422
-0.121488
-0.121466
-0.121496
-0.12142
-0.121419
-0.121414
-0.121445
-0.12143
-0.121478
-0.121494
-0.12147
-0.121484
-0.121439
-0.121438
-0.121482
-0.121454
-0.121488
-0.121471
-0.121504
-0.121496
-0.121491
-0.121485
-0.12151
-0.121489
-0.121411
-0.121528
-0.121469
-0.121482
-0.121455
-0.121491
-0.121472
-0.121503
-0.121518
-0.12151
-0.121467
-0.121484
-0.121496
-0.121427
-0.121493
-0.121479
-0.121499
-0.121461
-0.121463
-0.121487
-0.121499
-0.121554
-0.121438
-0.12145
-0.121501
-0.12147
-0.12149
-0.121475
-0.121462
-0.121494
-0.121476
-0.121521
-0.121505
-0.121488
-0.121481
-0.121452
-0.121499
-0.12149
-0.12148
-0.121525
-0.121475
-0.121498
-0.121497
-0.121478
-0.121494
-0.121451
-0.121556
-0.121517
-0.121512
-0.121484
-0.121502
-0.121434
-0.121468
-0.121499
-0.121506
-0.121535
-0.121528
-0.121495
-0.12152
-0.121535
