-0.104182
-0.1043
-0.107623
-0.106381
-0.107085
-0.107776
-0.10553
-0.106919
-0.105748
-0.10375
-0.104779
-0.106535
-0.107457
-0.108096
-0.106836
-0.106334
-0.105057
-0.105269
-0.107368
-0.107138
-0.104477
-0.106121
-0.106133
-0.106907
-0.106954
-0.10547
-0.107705
-0.105837
-0.106588
-0.107073
-0.10618
-0.106564
-0.106582
-0.105482
-0.108823
-0.10495
-0.106576
-0.108338
-0.104205
-0.106517
-0.10401
-0.106523
-0.107711
-0.108096
-0.108178
-0.106369
-0.107357
-0.106972
-0.106393
-0.107262
-0.105506
-0.107019
-0.106712
-0.10534
-0.106345
-0.107558
-0.109012
-0.104176
-0.105589
-0.107723
-0.106091
-0.10631
-0.105571
-0.105648
-0.104359
-0.108651
-0.105494
-0.105973
-0.106564
-0.106239
-0.108533
-0.10631
-0.105494
-0.106357
-0.107067
-0.106168
-0.104619
-0.106813
-0.108137
-0.1066
-0.104785
-0.106972
-0.106937
-0.106156
-0.106824
-0.107043
-0.107019
-0.105039
-0.106487
-0.107522
-0.107203
-0.105435
-0.108663
-0.10469
-0.105991
-0.108037
-0.10537
-0.106476
-0.10644
-0.106334
-0.103644
-0.10605
-0.105258
-0.108817
-0.105938
-0.104826
-0.106854
-0.108575
-0.105985
-0.10903
-0.107114
-0.105151
-0.106564
-0.106257
-0.107587
-0.106694
-0.106245
-0.107493
-0.106919
-0.108379
-0.106233
-0.105849
-0.105417
-0.107877
-0.108042
-0.105216
-0.106003
-0.103697
-0.106334
-0.105518
-0.106085
-0.105932
-0.108238
-0.107114
-0.105583
-0.107161
-0.10657
-0.104755
-0.105388
-0.106328
-0.1066
-0.105843
-0.105837
-0.106824
-0.106771
-0.106771
-0.107203
-0.105187
-0.108013
-0.107274
-0.10647
-0.10728
-0.10602
-0.107936
-0.105506
-0.107067
-0.106694
-0.106588
-0.106168
-0.1078
-0.105405
-0.106452
-0.108232
-0.107735
-0.105429
-0.106369
-0.105601
-0.107664
-0.107232
-0.105867
-0.107658
-0.106848
-0.107954
-0.10767
-0.109249
-0.109054
-0.107096
-0.108504
-0.108953
-0.111709
-0.109876
-0.111786
-0.115803
-0.118022
-0.113312
-0.113543
-0.115164
-0.116093
-0.114732
-0.115282
-0.119105
-0.125511
-0.127809
-0.127163
-0.127211
-0.123213
-0.126381
-0.126399
-0.124848
-0.124102
-0.125369
-0.124303
-0.123805
-0.124889
-0.125085
-0.123959
-0.120626
-0.122645
-0.122509
-0.122894
-0.122402
-0.119875
-0.122509
-0.121254
-0.123125
-0.123539
-0.122503
-0.122254
-0.124723
-0.122225
-0.12094
-0.121834
-0.122675
-0.120247
-0.123125
-0.124723
-0.122094
-0.120271
-0.122201
-0.121047
-0.123048
-0.120798
-0.123054
-0.122621
-0.124214
-0.124942
-0.122852
-0.123675
-0.121242
-0.121562
-0.122734
-0.124398
-0.12557
-0.122965
-0.123018
-0.1229
-0.1248
-0.123782
-0.123758
-0.12271
-0.123024
-0.124907
-0.121704
-0.123983
-0.122604
-0.122491
-0.123409
-0.123
-0.121893
-0.126328
-0.122248
-0.123723
-0.124735
-0.124575
-0.125908
-0.123521
-0.122432
-0.124552
-0.123314
-0.123432
-0.124439
-0.12544
-0.12419
-0.124634
-0.124557
-0.12393
-0.12486
-0.121976
-0.124421
-0.126435
-0.122367
-0.122355
-0.12464
-0.122077
-0.121129
-0.124161
-0.122414
-0.122864
-0.121585
-0.122461
-0.121378
-0.123231
-0.119981
-0.121514
-0.127821
-0.161515
-0.173304
-0.156209
-0.138055
-0.122834
-0.122598
-0.128816
-0.143482
-0.146003
-0.141524
-0.158752
-0.150716
-0.132886
-0.131743
-0.134208
-0.140089
-0.139733
-0.137207
-0.134931
-0.137741
-0.138458
-0.14083
-0.13869
-0.138269
-0.137794
-0.137682
-0.135364
-0.134249
-0.135144
-0.138696
-0.136858
-0.138423
-0.136804
-0.138091
-0.138672
-0.137937
-0.134504
-0.136899
-0.137089
-0.136751
-0.138275
-0.138411
-0.139105
-0.140392
-0.138328
-0.138536
-0.137551
-0.137676
-0.136976
-0.13588
-0.140908
-0.138524
-0.13831
-0.138672
-0.138275
-0.140712
-0.139793
-0.136721
-0.13719
-0.136526
-0.137522
-0.136887
-0.138642
-0.139022
-0.137871
-0.138536
-0.13796
-0.137634
-0.140368
-0.136615
-0.136769
-0.137806
-0.135696
-0.141109
-0.136312
-0.139591
-0.138192
-0.139781
-0.139876
-0.137729
-0.136674
-0.138109
-0.139508
-0.135103
-0.136733
-0.135838
-0.137765
-0.13952
-0.139739
-0.143506
-0.148603
-0.148181
-0.143755
-0.141364
-0.142924
-0.139063
-0.09891
-0.0903448
-0.0897484
-0.089028
-0.0698859
-0.0455175
-0.0163524
0.00744259
0.0470938
0.10371
0.157645
0.212559
0.263534
0.305478
0.344207
0.378272
0.407072
0.428123
0.441186
0.450162
0.449475
0.443997
0.434196
0.426917
0.414443
0.407755
0.401992
0.399749
0.373268
0.351922
0.325868
0.311585
0.292397
0.254752
0.238782
0.229135
0.215506
0.205653
0.196552
0.189067
0.18447
0.184299
0.185714
0.188563
0.192699
0.199885
0.200413
0.201623
0.200134
0.197382
0.191342
0.182877
0.17461
0.163653
0.153127
0.149112
0.141099
0.137507
0.132205
0.134057
0.129877
0.131504
0.130944
0.131628
0.13
0.128739
0.130885
0.131274
0.133219
0.131291
0.130372
0.132188
0.129835
0.128709
0.12937
0.129258
0.13092
0.130425
0.131079
0.128957
0.131899
0.128497
0.128875
0.128421
0.129287
0.128916
0.12924
0.129611
0.130708
0.131227
0.129535
0.131026
0.129829
0.127643
0.126305
0.12901
0.129664
0.127601
0.125686
0.127313
0.125933
0.126087
0.125662
0.125362
0.126481
0.125562
0.125568
0.123252
0.12172
0.122439
0.120188
0.123323
0.120877
0.122221
0.11855
0.118433
0.118568
0.120041
0.116724
0.117243
0.118798
0.116659
0.114663
0.113885
0.115776
0.112925
0.113343
0.109486
0.108285
0.106036
0.106424
0.106383
0.103157
0.103646
0.0977537
0.093599
0.0896449
0.0824207
0.0694526
0.0685647
0.0636961
0.0477346
0.0325215
0.015944
0.00305621
-0.0142582
-0.0311222
-0.0455882
-0.056198
-0.063241
-0.0709651
-0.0804453
-0.0877114
-0.0996427
-0.110769
-0.120573
-0.132187
-0.142029
-0.154208
-0.169436
-0.181557
-0.197636
-0.21107
-0.228186
-0.241926
-0.251989
-0.260621
-0.271839
-0.275689
-0.274649
-0.268584
-0.266647
-0.267063
-0.268518
-0.273579
-0.283281
-0.295882
-0.305279
-0.309592
-0.315127
-0.324422
-0.334079
-0.33717
-0.343347
-0.347936
-0.356552
-0.361433
-0.365426
-0.367548
-0.370146
-0.375093
-0.385678
-0.387308
-0.389945
-0.40563
-0.418458
-0.437473
-0.443036
-0.44804
-0.452458
-0.44996
-0.457237
-0.458669
-0.450997
-0.450131
-0.448766
-0.440067
-0.440634
-0.442613
-0.442254
-0.457231
-0.468809
-0.482389
-0.495361
-0.507784
-0.515311
-0.537501
-0.54624
-0.566915
-0.587755
-0.605295
-0.612712
-0.61639
-0.612847
-0.613746
-0.609101
-0.609391
-0.606696
-0.59282
-0.589204
-0.579021
-0.584053
-0.581316
-0.585986
-0.583593
-0.581549
-0.583194
-0.580804
-0.578077
-0.58636
-0.586093
-0.598448
-0.606446
-0.629615
-0.635277
-0.640394
-0.642717
-0.641908
-0.647269
-0.648521
-0.657967
-0.654418
-0.641703
-0.629193
-0.631967
-0.633045
-0.646967
-0.655184
-0.660672
-0.656813
-0.656157
-0.645037
-0.630883
-0.631081
-0.631817
-0.646115
-0.659918
-0.674758
-0.692915
-0.704212
-0.703942
-0.707193
-0.708557
-0.724026
-0.746561
-0.767795
-0.801689
-0.833848
-0.850853
-0.873462
-0.890293
-0.905701
-0.913501
-0.92272
-0.929901
-0.928142
-0.924186
-0.930502
-0.938353
-0.968082
-0.974902
-0.986322
-0.997952
-1.0098
-1.01709
-1.00189
-1.00553
-0.996033
-0.972353
-0.940797
-0.925506
-0.906647
-0.898402
-0.87343
-0.856693
-0.846254
-0.814126
-0.784967
-0.76139
-0.745281
-0.729919
-0.722542
-0.714683
-0.694205
-0.67681
-0.658265
-0.640086
-0.625267
-0.61899
-0.607639
-0.591763
-0.57186
-0.54294
-0.522245
-0.503181
-0.459804
-0.457212
-0.4433
-0.436787
-0.427977
-0.412007
-0.390255
-0.36603
-0.349324
-0.330122
-0.325686
-0.320455
-0.3147
-0.31509
-0.314621
-0.31185
-0.310219
-0.309081
-0.311747
-0.309452
-0.311247
-0.309914
-0.309221
-0.314554
-0.315767
-0.312496
-0.302252
-0.29203
-0.288417
-0.289059
-0.302367
-0.316522
-0.334556
-0.352604
-0.356964
-0.352278
-0.331064
-0.320095
-0.314853
-0.321181
-0.322725
-0.325411
-0.324239
-0.324367
-0.324349
-0.335162
-0.332067
-0.306057
-0.268832
-0.237091
-0.214133
-0.198824
-0.188364
-0.186558
-0.187416
-0.19609
-0.209431
-0.224187
-0.24409
-0.256397
-0.254114
-0.251483
-0.243068
-0.238105
-0.225242
-0.206113
-0.187559
-0.177346
-0.177138
-0.178835
-0.17759
-0.178132
-0.168829
-0.158193
-0.118981
-0.108042
-0.0892229
-0.0826407
-0.0877586
-0.104737
-0.123764
-0.13166
-0.133455
-0.140362
-0.151173
-0.157659
-0.168496
-0.188835
-0.199111
-0.208396
-0.208923
-0.216144
-0.225566
-0.228575
-0.232583
-0.232403
-0.235007
-0.233417
-0.233003
-0.234515
-0.234677
-0.232937
-0.231784
-0.230591
-0.230357
-0.229949
-0.234425
-0.237247
-0.238057
-0.249587
-0.259801
-0.271556
-0.284231
-0.289683
-0.291878
-0.296398
-0.300022
-0.31
-0.318912
-0.332079
-0.344592
-0.359216
-0.37868
-0.398905
-0.419816
-0.434698
-0.44624
-0.456236
-0.466679
-0.467022
-0.471303
-0.483853
-0.491473
-0.505101
-0.514354
-0.526563
-0.5382
-0.552415
-0.556275
-0.562007
-0.569065
-0.587688
-0.602054
-0.612435
-0.643877
-0.672499
-0.694897
-0.707108
-0.723947
-0.736028
-0.750988
-0.751156
-0.750172
-0.746393
-0.756137
-0.775839
-0.802081
-0.816459
-0.836682
-0.846401
-0.869066
-0.873106
-0.882771
-0.901817
-0.921264
-0.953496
-0.983554
-1.00257
-1.01194
-1.01811
-1.01138
-1.01938
-1.03402
-1.04856
-1.04164
-1.04101
-1.03427
-1.0311
-1.0223
-1.02447
-1.02798
-1.03479
-1.05255
-1.06601
-1.05896
-1.05235
-1.04937
-1.04723
-1.04834
-1.06562
-1.07134
-1.07692
-1.06621
-1.05481
-1.05709
-1.06574
-1.07736
-1.08497
-1.08545
-1.08416
-1.08472
-1.08067
-1.0813
-1.08733
-1.08939
-1.09468
-1.09994
-1.10792
-1.11671
-1.11181
-1.11656
-1.11243
-1.11951
-1.11283
-1.10554
-1.09839
-1.07193
-1.05796
-1.04871
-1.04085
-1.03767
-1.03466
-1.02441
-1.01402
-1.0043
-1.00426
-0.997083
-1.00677
-1.00659
-0.996249
-1.00056
-1.00139
-0.999645
-0.997766
-0.90316
-0.859895
-0.814411
-0.782871
-0.746401
-0.711831
-0.683568
-0.658998
-0.630031
-0.598216
-0.572814
-0.550155
-0.52668
-0.50525
-0.482839
-0.456863
-0.424329
-0.392459
-0.334749
-0.317705
-0.302501
-0.293488
-0.266279
-0.243606
-0.226744
-0.217389
-0.209775
-0.202671
-0.191919
-0.178484
-0.172179
-0.161126
-0.154439
-0.15656
-0.157433
-0.163233
-0.162773
-0.160856
-0.155122
-0.152025
-0.144496
-0.136312
-0.127519
-0.120452
-0.109559
-0.105822
-0.093593
-0.0732948
-0.0550961
-0.0492341
-0.0442778
-0.0384689
-0.037209
-0.0386661
-0.0390135
-0.0357224
-0.033668
-0.0296272
-0.0311428
-0.0322906
-0.0315607
-0.0289886
-0.0275644
-0.0257989
-0.018638
-0.0148229
-0.00982889
-0.0113582
-0.0138258
-0.0115347
-0.011367
-0.00900544
-0.00641463
-0.00641463
-0.00411804
-0.00465616
-0.00274485
-0.00219206
-0.00434152
-0.00486494
-0.00487082
-0.00538542
-0.00461499
-0.00598236
-0.00681751
-0.00522368
-0.00650874
-0.00419449
-0.00409158
-0.00602647
-0.00393867
-0.00410628
-0.000942417
-0.00329177
-0.00148931
-0.001751
0.00139506
0.013028
0.0118639
0.0118051
0.00896246
0.00932993
0.0118757
0.00591093
0.00454974
0.00447036
0.00728678
0.00510245
-0.00263017
-0.0123229
-0.0295477
-0.0455587
-0.069538
-0.101392
-0.124306
-0.13901
-0.145983
-0.156575
-0.17231
-0.190335
-0.215982
-0.259105
-0.291957
-0.340423
-0.357671
-0.372063
-0.388946
-0.403238
-0.412201
-0.425348
-0.444098
-0.462535
-0.47271
-0.474587
-0.471134
-0.476235
-0.485388
-0.490684
-0.487321
-0.491758
-0.497423
-0.4996
-0.501649
-0.507055
-0.512799
-0.505778
-0.511852
-0.512821
-0.519634
-0.519861
-0.525982
-0.52897
-0.539572
-0.538693
-0.559884
-0.585963
-0.608269
-0.619248
-0.615683
-0.622428
-0.626967
-0.623138
-0.627433
-0.611527
-0.590827
-0.578071
-0.558368
-0.54906
-0.534399
-0.529074
-0.514076
-0.508381
-0.507403
-0.507239
-0.514347
-0.513154
-0.514884
-0.524397
-0.542966
-0.562037
-0.568344
-0.567484
-0.575856
-0.588068
-0.588703
-0.589705
-0.607864
-0.593181
-0.600555
-0.585446
-0.582451
-0.597935
-0.596701
-0.587414
-0.588997
-0.593419
-0.605989
-0.608019
-0.60961
-0.6081
-0.615707
-0.623732
-0.630447
-0.641329
-0.646183
-0.661191
-0.654832
-0.65595
-0.659036
-0.647988
-0.646658
-0.640623
-0.628727
-0.617558
-0.607527
-0.60286
-0.590744
-0.587394
-0.576334
-0.572105
-0.57285
-0.573766
-0.581057
-0.593443
-0.59438
-0.60437
-0.610272
-0.611426
-0.620573
-0.631851
-0.633417
-0.626195
-0.627709
-0.632591
-0.625906
-0.616485
-0.614841
-0.612438
-0.608997
-0.602877
-0.599874
-0.587504
-0.590343
-0.580664
-0.587191
-0.581972
-0.582142
-0.58093
-0.584396
-0.586333
-0.589407
-0.602594
-0.615592
-0.619071
-0.62196
-0.620403
-0.627743
-0.630971
-0.624289
-0.637988
-0.635352
-0.621112
-0.612867
-0.609179
-0.604649
-0.601083
-0.596269
-0.596185
-0.593198
-0.590386
-0.590072
-0.588018
-0.58662
-0.591857
-0.597925
-0.600905
-0.599659
-0.607039
-0.612729
-0.61359
-0.612641
-0.613878
-0.619098
-0.615652
-0.610498
-0.608825
-0.601647
-0.598398
-0.593161
-0.592051
-0.587748
-0.590587
-0.582285
-0.586313
-0.582644
-0.586027
-0.582767
-0.58912
-0.591539
-0.604837
-0.611102
-0.607581
-0.613678
-0.611
-0.608171
-0.611233
-0.605618
-0.608552
-0.599978
-0.597043
-0.59047
-0.592188
-0.58547
-0.587221
-0.582531
-0.586704
-0.58598
-0.595056
-0.597589
-0.601257
-0.611355
-0.613965
-0.622272
-0.623511
-0.632751
-0.64073
-0.641332
-0.63922
-0.638778
-0.637482
-0.632618
-0.630866
-0.623457
-0.618303
-0.609648
-0.609577
-0.610808
-0.609031
-0.61304
-0.611115
-0.611206
-0.608319
-0.614452
-0.61175
-0.611618
-0.618099
-0.619441
-0.615453
-0.615226
-0.61502
-0.617006
-0.615145
-0.61044
-0.616837
-0.616133
-0.616925
-0.609523
-0.613739
-0.60957
-0.61528
-0.614996
-0.621346
-0.61941
-0.618116
-0.621875
-0.62592
-0.629581
-0.630556
-0.637995
-0.640966
-0.648369
-0.644865
-0.649945
-0.644446
-0.643722
-0.64063
-0.640075
-0.63428
-0.639422
-0.640822
-0.643434
-0.650813
-0.656313
-0.655058
-0.663216
-0.668259
-0.675387
-0.678317
-0.681829
-0.682083
-0.682505
-0.682044
-0.666765
-0.661063
-0.648672
-0.628919
-0.615233
-0.598433
-0.58806
-0.57396
-0.563478
-0.547582
-0.548167
-0.534172
-0.532126
-0.536458
-0.54575
-0.549058
-0.568623
-0.589994
-0.609793
-0.630051
-0.644446
-0.671285
-0.681342
-0.711345
-0.727443
-0.744415
-0.75786
-0.768782
-0.781633
-0.791599
-0.79736
-0.800248
-0.808173
-0.810063
-0.80611
-0.815881
-0.8204
-0.821346
-0.838523
-0.840345
-0.853394
-0.855028
-0.861425
-0.862564
-0.861235
-0.860166
-0.86121
-0.85809
-0.861409
-0.860849
-0.864968
-0.87426
-0.871296
-0.882526
-0.880597
-0.885911
-0.88425
-0.87775
-0.872438
-0.866657
-0.85596
-0.858532
-0.863319
-0.858706
-0.864552
-0.880915
-0.889667
-0.906016
-0.933308
-0.949993
-0.974994
-0.991289
-1.00159
-1.00303
-1.00313
-0.993825
-0.990964
-0.98088
-0.973591
-0.972404
-0.974371
-0.979735
-0.994565
-1.0008
-1.00084
-0.998627
-0.994619
-0.979646
-0.963845
-0.956559
-0.943446
-0.925752
-0.913849
-0.908658
-0.904339
-0.904412
-0.909758
-0.914667
-0.919773
-0.926089
-0.930702
-0.93532
-0.939589
-0.945698
-0.946867
-0.936911
-0.93602
-0.937459
-0.935076
-0.940654
-0.941976
-0.952059
-0.957298
-0.972468
-0.975883
-0.986925
-0.993702
-0.991011
-0.991188
-0.983163
-0.98449
-0.972192
-0.966605
-0.976553
-0.964433
-0.970495
-0.983349
-0.98135
-0.996744
-0.999972
-0.998017
-0.991609
-0.984872
-0.970873
-0.963775
-0.958343
-0.945817
-0.932483
-0.930966
-0.929967
-0.936001
-0.947424
-0.944761
-0.95864
-0.959531
-0.965104
-0.968875
-0.960959
-0.951965
-0.940476
-0.941731
-0.927231
-0.916128
-0.913838
-0.909738
-0.904949
-0.901613
-0.903514
-0.911246
-0.907668
-0.914244
-0.916054
-0.919869
-0.924029
-0.925036
-0.934532
-0.932722
-0.927187
-0.928272
-0.934226
-0.929403
-0.943802
-0.943481
-0.942803
-0.944346
-0.938216
-0.939217
-0.923136
-0.91208
-0.901111
-0.889163
-0.881542
-0.882231
-0.878913
-0.873157
-0.886715
-0.895489
-0.902357
-0.909058
-0.928599
-0.925117
-0.940736
-0.932178
-0.936372
-0.923362
-0.907796
-0.895629
-0.869863
-0.860767
-0.852262
-0.845684
-0.854713
-0.853754
-0.869127
-0.876585
-0.888617
-0.901153
-0.908994
-0.915758
-0.911047
-0.897809
-0.89342
-0.880232
-0.861952
-0.850598
-0.836037
-0.821174
-0.814507
-0.80139
-0.804629
-0.806341
-0.808335
-0.812911
-0.822551
-0.823753
-0.82738
-0.832859
-0.826387
-0.818469
-0.806635
-0.794789
-0.785855
-0.776868
-0.772805
-0.7696
-0.765494
-0.768613
-0.77932
-0.78892
-0.790972
-0.800509
-0.813023
-0.815771
-0.824805
-0.833976
-0.829043
-0.827865
-0.817864
-0.807754
-0.802001
-0.782858
-0.774752
-0.764914
-0.758498
-0.751017
-0.748381
-0.749397
-0.751305
-0.754238
-0.766881
-0.776476
-0.775445
-0.778316
-0.782126
-0.784678
-0.77536
-0.779202
-0.767984
-0.764478
-0.75469
-0.743222
-0.740139
-0.728789
-0.718716
-0.710636
-0.697719
-0.687518
-0.672852
-0.661931
-0.658317
-0.648936
-0.647916
-0.645652
-0.647755
-0.655284
-0.65535
-0.649667
-0.648383
-0.650592
-0.655041
-0.653024
-0.646236
-0.641726
-0.638344
-0.628844
-0.620083
-0.613286
-0.604683
-0.601731
-0.595539
-0.594337
-0.585013
-0.586792
-0.589958
-0.58369
-0.585764
-0.586859
-0.579586
-0.585341
-0.58909
-0.596465
-0.600891
-0.611925
-0.608558
-0.616886
-0.627805
-0.631901
-0.614371
-0.597565
-0.588521
-0.571141
-0.532207
-0.503672
-0.485597
-0.466364
-0.455321
-0.432971
-0.421054
-0.40929
-0.389296
-0.373155
-0.363615
-0.356701
-0.355572
-0.360145
-0.354103
-0.345617
-0.326253
-0.309494
-0.305271
-0.298152
-0.290627
-0.281981
-0.273847
-0.266226
-0.261272
-0.252382
-0.248447
-0.245671
-0.242386
-0.235834
-0.226267
-0.221483
-0.219759
-0.215823
-0.211516
-0.210253
-0.208478
-0.204935
-0.204492
-0.206048
-0.202477
-0.199533
-0.20306
-0.20171
-0.196819
-0.198964
-0.198771
-0.197231
-0.20053
-0.198303
-0.198668
-0.200006
-0.19769
-0.198464
-0.202651
-0.202592
-0.207193
-0.217926
-0.23099
-0.234311
-0.233971
-0.23156
-0.225848
-0.22904
-0.228464
-0.228328
-0.229959
-0.227967
-0.228328
-0.226155
-0.225624
-0.226557
-0.226749
-0.228934
-0.224768
-0.226814
-0.227511
-0.227686
-0.22797
-0.224046
-0.228138
-0.226733
-0.226929
-0.229021
-0.225914
-0.226733
-0.226653
-0.223447
-0.226519
-0.22421
-0.224753
-0.225281
-0.226264
-0.227282
-0.225144
-0.225393
-0.224172
-0.225093
-0.222941
-0.222015
-0.223296
-0.224398
-0.234578
-0.237813
-0.236391
-0.237637
-0.238732
-0.239665
-0.238472
-0.249016
-0.262184
-0.261647
-0.262832
-0.259423
-0.254673
-0.255624
-0.256984
-0.260358
-0.261502
-0.25963
-0.261225
-0.261883
-0.261182
-0.260164
-0.262127
-0.261503
-0.263587
-0.267525
-0.269965
-0.274188
-0.271944
-0.272259
-0.270396
-0.274489
-0.274912
-0.274581
-0.274041
-0.275921
-0.275012
-0.273695
-0.275687
-0.273344
-0.273718
-0.274103
-0.273284
-0.274053
-0.272059
-0.272109
-0.274401
-0.272902
-0.270999
-0.270736
-0.269001
-0.270482
-0.268025
-0.26874
-0.265322
-0.264176
-0.263461
-0.256348
-0.246814
-0.23624
-0.22331
-0.203719
-0.186467
-0.163873
-0.135124
-0.111012
-0.0885413
-0.0457167
-0.012867
0.0243638
0.0535684
0.0792776
0.0968757
0.11819
0.13996
0.135104
0.133554
0.139248
0.148078
0.157791
0.172982
0.194857
0.20506
0.214072
0.226463
0.24063
0.255557
0.276562
0.29534
0.307807
0.316647
0.33091
0.343468
0.364887
0.380643
0.394081
0.405983
0.418359
0.429258
0.436143
0.433793
0.443376
0.442337
0.447723
0.474455
0.505081
0.53495
0.55956
0.571805
0.584175
0.608584
0.633081
0.640387
0.656895
0.671413
0.692929
0.710841
0.736006
0.752909
0.771496
0.789574
0.81019
0.826396
0.829079
0.846359
0.84722
0.857123
0.865042
0.871665
0.884018
0.896905
0.938059
0.950411
0.957187
0.971497
0.979678
0.985985
1.0024
1.01655
1.03743
1.05183
1.07293
1.07911
1.09716
1.10014
1.11062
1.11203
1.11934
1.1211
1.13172
1.13368
1.13524
1.13547
1.15043
1.14794
1.15126
1.16016
1.17976
1.17622
1.19888
1.2053
1.19256
1.21782
1.23419
1.25019
1.256
1.27832
1.2927
1.30759
1.30039
1.31388
1.32223
1.33885
1.33692
1.33978
1.33665
1.33846
1.34608
1.34136
1.36666
1.39527
1.40622
1.42429
1.43373
1.42612
1.42893
1.44376
1.45548
1.45583
1.45267
1.45451
1.4578
1.47374
1.4727
1.48351
1.49379
1.49657
1.50621
1.52641
1.53935
1.55413
1.56178
1.55411
1.56727
1.56977
1.5871
1.58365
1.57212
1.59359
1.59173
1.59191
1.59257
1.58662
1.57498
1.57517
1.57754
1.57685
1.56687
1.56855
1.55441
1.54545
1.53633
1.51601
1.51351
1.50244
1.50651
1.51209
1.51184
1.51354
1.51756
1.51306
1.50784
1.50576
1.49738
1.49465
1.48871
1.48911
1.49519
1.49602
1.49635
1.48159
1.4723
1.46134
1.46787
1.46701
1.45554
1.4524
1.46415
1.45864
1.45256
1.45202
1.44993
1.43299
1.43826
1.42524
1.41717
1.39959
1.3832
1.37396
1.36318
1.34383
1.32539
1.311
1.26308
1.2324
1.17706
1.09202
1.01895
0.947621
0.922609
0.904735
0.830039
0.801581
0.772864
0.746386
0.730671
0.718449
0.707265
0.692218
0.679578
0.65894
0.644989
0.647133
0.65399
0.669436
0.698835
0.733936
0.742143
0.742062
0.749059
0.760269
0.786724
0.816614
0.851014
0.889098
0.92845
0.947668
0.981005
1.00003
1.03521
1.06
1.07469
1.09189
1.09574
1.11088
1.11994
1.137
1.16056
1.20127
1.21484
1.21751
1.23294
1.23997
1.2524
1.26566
1.28867
1.31252
1.31385
1.30446
1.31188
1.33234
1.32988
1.31613
1.31631
1.31522
1.31362
1.3092
1.32271
1.3406
1.34905
1.34355
1.35024
1.35468
1.35202
1.35401
1.36331
1.36346
1.37489
1.3772
1.39055
1.39447
1.39997
1.39871
1.40267
1.38709
1.39106
1.40099
1.40179
1.41093
1.40604
1.39229
1.40057
1.40134
1.4064
1.39742
1.40855
1.39982
1.38204
1.38299
1.36475
1.37033
1.37353
1.36755
1.35864
1.3646
1.3598
1.36132
1.37059
1.36792
1.36398
1.37787
1.37785
1.38144
1.37681
1.37016
1.37389
1.37856
1.36498
1.37755
1.38591
1.38576
1.35944
1.35487
1.37375
1.38507
1.39302
1.39347
1.38581
1.38537
1.36757
1.38009
1.39048
1.3846
1.38328
1.37875
1.37704
1.37513
1.3597
1.34159
1.33879
1.32598
1.32563
1.33117
1.31811
1.31924
1.31338
1.29771
1.28753
1.2719
1.26638
1.25824
1.26213
1.25983
1.25458
1.25584
1.24217
1.23325
1.22767
1.22595
1.23097
1.23618
1.23774
1.24608
1.24097
1.2305
1.23026
1.21653
1.21719
1.21742
1.22002
1.23979
1.23047
1.22849
1.22892
1.23177
1.23776
1.22692
1.23712
1.22202
1.22456
1.21547
1.20047
1.21248
1.21767
1.20853
1.21589
1.23193
1.21959
1.23476
1.2283
1.22102
1.20185
1.20283
1.17817
1.18908
1.18396
1.18155
1.18502
1.18627
1.18439
1.19331
1.17928
1.18411
1.17902
1.16973
1.1729
1.16379
1.17067
1.17161
1.15505
1.15811
1.14576
1.15834
1.16044
1.16081
1.1658
1.1581
1.14506
1.15327
1.13484
1.13345
1.12822
1.12364
1.12569
1.12262
1.12998
1.13282
1.13448
1.12871
1.13259
1.12825
1.12693
1.12651
1.13084
1.14515
1.14064
1.13706
1.13623
1.13695
1.13857
1.13178
1.14607
1.13789
1.13373
1.12993
1.1229
1.12736
1.11764
1.12836
1.12769
1.13279
1.13334
1.13708
1.13462
1.12263
1.13129
1.12187
1.12008
1.11942
1.12282
1.12223
1.1322
1.12546
1.13412
1.1298
1.13318
1.12167
1.12896
1.11933
1.12376
1.12128
1.12176
1.12913
1.11743
1.13768
1.13588
1.15029
1.15048
1.15134
1.15899
1.15852
1.17133
1.16607
1.16661
1.17436
1.17511
1.18232
1.18031
1.18343
1.18652
1.18502
1.19806
1.19124
1.19909
1.19611
1.20764
1.20855
1.21556
1.23163
1.24015
1.24513
1.25414
1.24807
1.25428
1.25961
1.25452
1.27239
1.28085
1.29079
1.29649
1.29042
1.30509
1.3011
1.31153
1.3296
1.32442
1.33435
1.34881
1.34381
1.33708
1.32993
1.31523
1.32142
1.31367
1.32025
1.32353
1.32558
1.33
1.32064
1.32796
1.31281
1.31409
1.31563
1.30614
1.31827
1.30095
1.30098
1.30986
1.29842
1.30612
1.31261
1.31672
1.31253
1.29743
1.29719
1.29471
1.29966
1.31742
1.31322
1.3158
1.31648
1.3103
1.31473
1.31575
1.31162
1.31969
1.32887
1.31567
1.32173
1.31908
1.31325
1.31712
1.31163
1.31427
1.31664
1.31794
1.30555
1.31184
1.30811
1.29665
1.30113
1.28781
1.30087
1.28814
1.28972
1.29067
1.28048
1.27895
1.27994
1.27055
1.26534
1.2783
1.26698
1.27795
1.28216
1.27617
1.28435
1.30511
1.30801
1.30815
1.30924
1.29036
1.28062
1.27583
1.27473
1.26687
1.26954
1.27306
1.26686
1.2746
1.28075
1.27515
1.26534
1.26632
1.26117
1.24994
1.23649
1.22676
1.22521
1.23101
1.23908
1.24708
1.24051
1.23554
1.23487
1.23373
1.23103
1.22569
1.22976
1.2179
1.21894
1.21105
1.19936
1.19427
1.18519
1.18483
1.18897
1.17163
1.16934
1.15655
1.15273
1.14647
1.14464
1.1411
1.13333
1.12259
1.11877
1.11823
1.12149
1.12104
1.1184
1.11575
1.10965
1.11006
1.11614
1.11756
1.11317
1.10731
1.1123
1.11905
1.12665
1.12409
1.12383
1.13026
1.13407
1.13845
1.13468
1.13021
1.12288
1.11812
1.12093
1.11964
1.12609
1.12016
1.12058
1.1101
1.10898
1.0958
1.09129
1.07462
1.06262
1.0463
1.04869
1.03431
1.03884
1.04278
1.04777
1.04847
1.05966
1.04547
1.05595
1.05274
1.05597
1.06649
1.06876
1.08436
1.08481
1.09203
1.08863
1.1012
1.09656
1.10943
1.10906
1.12178
1.11763
1.12821
1.12744
1.13016
1.13604
1.12707
1.13688
1.12428
1.13092
1.11942
1.12827
1.11802
1.11852
1.1067
1.09643
1.08245
1.07375
1.06973
1.0663
1.06441
1.0635
1.06113
1.06157
1.04901
1.03669
1.02145
1.01064
1.00143
1.00589
0.997508
1.0023
0.996321
0.991539
0.986147
0.965079
0.944333
0.928413
0.908625
0.886907
0.87863
0.860183
0.843159
0.830499
0.815214
0.792104
0.769059
0.743191
0.717264
0.69511
0.665442
0.642188
0.619784
0.599345
0.581366
0.563709
0.547532
0.539185
0.52742
0.510754
0.492053
0.476892
0.46141
0.457467
0.456468
0.454901
0.460681
0.457954
0.457556
0.456449
0.455091
0.451764
0.448441
0.442255
0.436208
0.435261
0.432592
0.428786
0.421702
0.415109
0.409935
0.404807
0.396698
0.393853
0.389208
0.385193
0.382488
0.372734
0.361306
0.348395
0.330571
0.315183
0.301544
0.288522
0.27809
0.268692
0.25666
0.228772
0.215762
0.203267
0.191235
0.182676
0.172226
0.164227
0.156363
0.144645
0.134033
0.125633
0.119599
0.106554
0.092075
0.0810149
0.079768
0.0785269
0.083256
0.0779799
0.0724458
0.0679473
0.0620087
0.0531077
0.046165
0.0391463
0.034332
0.0343614
0.035584
0.0331798
0.0296881
0.0281304
0.0251089
0.0208881
0.0162086
0.0153091
0.0126635
0.0125577
0.00910651
0.0037089
-0.00221852
-0.0107406
-0.0218299
-0.0321876
-0.0435917
-0.0592624
-0.0682583
-0.0807758
-0.0884435
-0.10287
-0.11562
-0.130641
-0.143144
-0.154249
-0.164185
-0.170132
-0.18005
-0.189849
-0.198078
-0.209192
-0.217012
-0.226483
-0.23625
-0.247385
-0.257626
-0.271827
-0.287011
-0.299427
-0.308369
-0.323635
-0.334373
-0.33594
-0.337979
-0.36917
-0.382177
-0.391484
-0.386806
-0.377313
-0.370868
-0.370726
-0.369498
-0.367523
-0.357875
-0.348783
-0.337244
-0.321059
-0.300423
-0.27749
-0.261146
-0.25111
-0.249311
-0.242611
-0.232589
-0.229133
-0.221545
-0.221551
-0.230357
-0.240664
-0.247951
-0.253596
-0.268222
-0.286732
-0.308606
-0.330538
-0.338475
-0.343144
-0.340833
-0.342924
-0.352733
-0.376466
-0.446884
-0.483642
-0.513513
-0.537756
-0.560985
-0.57564
-0.584047
-0.58464
-0.58117
-0.582148
-0.58414
-0.589878
-0.605302
-0.6065
-0.620888
-0.624771
-0.638628
-0.64304
-0.648899
-0.654866
-0.659772
-0.665025
-0.66088
-0.671287
-0.669353
-0.679717
-0.688953
-0.690937
-0.701122
-0.700861
-0.694875
-0.688074
-0.697834
-0.696958
-0.704233
-0.695271
-0.69871
-0.696238
-0.697982
-0.694417
-0.703822
-0.713876
-0.724119
-0.738689
-0.741065
-0.739377
-0.743357
-0.745209
-0.754916
-0.768348
-0.772022
-0.771247
-0.775002
-0.768067
-0.774973
-0.777187
-0.773996
-0.796158
-0.806675
-0.814157
-0.828167
-0.815167
-0.82496
-0.817599
-0.814832
-0.814043
-0.823042
-0.813686
-0.81361
-0.806093
-0.792022
-0.770022
-0.769933
-0.756707
-0.741239
-0.736064
-0.728214
-0.726934
-0.730495
-0.724435
-0.722298
-0.716981
-0.720171
-0.718197
-0.722097
-0.723467
-0.723833
-0.726711
-0.721739
-0.722126
-0.718418
-0.709254
-0.707747
-0.709247
-0.720958
-0.724464
-0.73699
-0.749428
-0.77635
-0.785958
-0.79007
-0.795483
-0.790414
-0.780623
-0.774662
-0.771897
-0.755749
-0.738205
-0.731396
-0.725763
-0.721453
-0.713441
-0.719928
-0.741884
-0.75629
-0.772067
-0.787494
-0.809813
-0.809548
-0.827148
-0.825319
-0.815265
-0.811411
-0.803588
-0.796053
-0.797974
-0.792239
-0.795813
-0.785831
-0.7901
-0.792815
-0.791446
-0.806116
-0.815926
-0.825702
-0.854109
-0.872766
-0.891998
-0.902027
-0.918544
-0.921608
-0.92686
-0.919466
-0.906639
-0.904174
-0.884315
-0.866625
-0.861929
-0.842372
-0.841228
-0.842682
-0.839575
-0.843224
-0.841993
-0.841978
-0.835973
-0.844137
-0.842821
-0.853594
-0.862815
-0.874383
-0.881161
-0.878148
-0.887149
-0.894927
-0.895911
-0.895477
-0.901773
-0.90377
-0.918209
-0.931737
-0.937521
-0.94296
-0.925252
-0.924412
-0.914421
-0.889314
-0.874264
-0.863313
-0.858823
-0.847464
-0.842817
-0.837996
-0.82698
-0.827619
-0.814958
-0.812556
-0.802834
-0.793294
-0.785183
-0.775387
-0.770084
-0.758853
-0.748533
-0.734281
-0.731893
-0.722033
-0.719319
-0.721539
-0.722029
-0.726194
-0.727175
-0.726737
-0.722012
-0.716421
-0.706792
-0.709372
-0.708948
-0.702511
-0.696785
-0.710222
-0.702844
-0.697971
-0.695098
-0.68761
-0.675738
-0.672847
-0.669026
-0.672509
-0.675281
-0.691496
-0.69836
-0.710578
-0.716824
-0.728038
-0.738896
-0.757458
-0.776458
-0.792778
-0.80706
-0.815148
-0.817158
-0.819057
-0.812442
-0.798947
-0.791147
-0.782998
-0.779695
-0.775506
-0.770494
-0.770593
-0.772011
-0.771077
-0.754985
-0.70005
-0.667042
-0.622279
-0.588342
-0.557246
-0.515816
-0.500935
-0.486591
-0.475957
-0.460847
-0.442383
-0.429759
-0.423963
-0.417004
-0.405029
-0.394155
-0.383512
-0.369257
-0.364224
-0.349483
-0.337985
-0.32575
-0.317833
-0.310544
-0.30275
-0.297751
-0.291908
-0.289701
-0.28266
-0.272543
-0.267543
-0.253632
-0.243119
-0.236187
-0.228027
-0.222186
-0.219137
-0.214782
-0.206125
-0.200108
-0.192149
-0.18877
-0.185765
-0.176402
-0.170587
-0.166117
-0.167464
-0.165127
-0.160882
-0.155891
-0.153052
-0.14955
-0.150817
-0.147238
-0.145342
-0.144573
-0.142963
-0.146336
-0.148858
-0.148674
-0.144514
-0.143962
-0.142506
-0.14377
-0.144633
-0.143031
-0.142521
-0.14253
-0.138592
-0.14003
-0.137848
-0.137575
-0.13955
-0.139727
-0.141554
-0.140151
-0.1403
-0.138989
-0.140463
-0.141068
-0.138281
-0.137848
-0.139051
-0.139567
-0.139289
-0.140614
-0.140184
-0.140697
-0.139816
-0.137596
-0.136206
-0.142034
-0.14089
-0.13976
-0.140486
-0.140181
-0.1439
-0.142429
-0.143408
-0.145232
-0.14425
-0.14401
-0.142942
-0.143434
-0.141957
-0.143461
-0.143509
-0.143689
-0.143188
-0.142963
-0.143936
-0.144532
-0.142405
-0.142494
-0.144212
-0.147626
-0.146336
-0.144781
-0.142141
-0.13925
-0.138091
-0.137946
-0.139422
-0.14094
-0.145179
-0.142758
-0.142126
-0.1453
-0.144084
-0.143832
-0.144066
-0.144651
-0.143701
-0.144455
-0.145253
-0.141984
-0.144161
-0.144235
-0.142841
-0.144298
-0.144594
-0.14444
-0.143574
-0.14468
-0.145389
-0.143835
-0.143399
-0.14304
-0.144274
-0.143182
-0.141782
-0.144247
-0.143784
-0.142634
-0.141106
-0.141557
-0.142313
-0.140157
-0.142011
-0.141382
-0.139235
-0.13126
-0.119848
-0.116078
-0.114028
-0.116963
-0.125064
-0.133793
-0.138281
-0.140712
-0.146048
-0.148748
-0.147692
-0.147618
-0.145007
-0.14237
-0.139902
-0.134845
-0.130685
-0.122358
-0.117779
-0.108501
-0.102568
-0.10154
-0.101732
-0.101445
-0.104811
-0.103803
-0.1025
-0.103901
-0.105621
-0.105432
-0.109039
-0.112008
-0.11325
-0.115779
-0.11506
-0.121576
-0.139965
-0.150582
-0.162196
-0.181867
-0.194159
-0.202447
-0.215955
-0.233615
-0.243068
-0.253858
-0.267127
-0.272368
-0.272492
-0.269031
-0.273885
-0.283559
-0.296346
-0.300833
-0.306811
-0.311083
-0.320663
-0.32901
-0.348596
-0.367366
-0.380908
-0.392155
-0.401236
-0.410518
-0.416316
-0.431552
-0.442326
-0.4541
-0.450441
-0.456008
-0.45738
-0.465068
-0.481555
-0.488579
-0.491642
-0.499574
-0.512253
-0.520519
-0.524871
-0.536737
-0.544553
-0.551708
-0.549758
-0.554117
-0.550339
-0.54906
-0.546086
-0.556265
-0.553647
-0.562674
-0.571532
-0.579088
-0.58677
-0.579221
-0.582767
-0.58524
-0.584336
-0.575759
-0.571386
-0.573838
-0.559739
-0.553285
-0.551639
-0.551679
-0.559511
-0.562126
-0.568188
-0.565517
-0.567841
-0.575112
-0.576111
-0.585783
-0.588739
-0.592683
-0.598243
-0.609573
-0.609509
-0.622927
-0.621601
-0.615446
-0.617131
-0.619315
-0.623521
-0.615213
-0.615974
-0.618651
-0.611783
-0.619847
-0.620475
-0.633369
-0.641062
-0.647589
-0.64
-0.638145
-0.630283
-0.638617
-0.638799
-0.646317
-0.646108
-0.656026
-0.661957
-0.666788
-0.683894
-0.684873
-0.683123
-0.683067
-0.685567
-0.682538
-0.683288
-0.672642
-0.671935
-0.662664
-0.656219
-0.64988
-0.648448
-0.644161
-0.648713
-0.655125
-0.656572
-0.658479
-0.661212
-0.674085
-0.689424
-0.689055
-0.690022
-0.703489
-0.701547
-0.698494
-0.70245
-0.69628
-0.696876
-0.69623
-0.694988
-0.694904
-0.702999
-0.700163
-0.697152
-0.710097
-0.706199
-0.709261
-0.721145
-0.726406
-0.722026
-0.737123
-0.746946
-0.752929
-0.762315
-0.760242
-0.759091
-0.75644
-0.75485
-0.757608
-0.755066
-0.751426
-0.744867
-0.73937
-0.737865
-0.732535
-0.742269
-0.75128
-0.762414
-0.76609
-0.767441
-0.777462
-0.780207
-0.784896
-0.77711
-0.777795
-0.782767
-0.779969
-0.782429
-0.77801
-0.771679
-0.76938
-0.7615
-0.763894
-0.765442
-0.777269
-0.769461
-0.777102
-0.779724
-0.788531
-0.78334
-0.780044
-0.77801
-0.770302
-0.765097
-0.753685
-0.738082
-0.743647
-0.739345
-0.745972
-0.747037
-0.759098
-0.773105
-0.777502
-0.798481
-0.795985
-0.805538
-0.802503
-0.80669
-0.798395
-0.798496
-0.793807
-0.780259
-0.774285
-0.760796
-0.749527
-0.739182
-0.726683
-0.730823
-0.722044
-0.7278
-0.730528
-0.730438
-0.736856
-0.735859
-0.738418
-0.73566
-0.738252
-0.730787
-0.730827
-0.718715
-0.711329
-0.701547
-0.700528
-0.691545
-0.687856
-0.684564
-0.683635
-0.677396
-0.685051
-0.682783
-0.687983
-0.687301
-0.69344
-0.687284
-0.687326
-0.687122
-0.677236
-0.678724
-0.669019
-0.675752
-0.670407
-0.681694
-0.687621
-0.690979
-0.696984
-0.703212
-0.701657
-0.70516
-0.703513
-0.703652
-0.701646
-0.695385
-0.688654
-0.670826
-0.65789
-0.63683
-0.607499
-0.58205
-0.548809
-0.514613
-0.478916
-0.448281
-0.42464
-0.403881
-0.389922
-0.377446
-0.381084
-0.398908
-0.422417
-0.449276
-0.476687
-0.515514
-0.545133
-0.576726
-0.596922
-0.619019
-0.637723
-0.651355
-0.670718
-0.674134
-0.688457
-0.689496
-0.67726
-0.680377
-0.668271
-0.652313
-0.640524
-0.622386
-0.601679
-0.577661
-0.558248
-0.531243
-0.520232
-0.51629
-0.504618
-0.50423
-0.508073
-0.512488
-0.519454
-0.520166
-0.524499
-0.533968
-0.534082
-0.537775
-0.561112
-0.574424
-0.58359
-0.604625
-0.615835
-0.612801
-0.612263
-0.605564
-0.598762
-0.579766
-0.555684
-0.532412
-0.497131
-0.465305
-0.441597
-0.415705
-0.391557
-0.362693
-0.342093
-0.31883
-0.297155
-0.274326
-0.255529
-0.243476
-0.231727
-0.217588
-0.207293
-0.194246
-0.18447
-0.170738
-0.160272
-0.14932
-0.139797
-0.126074
-0.115396
-0.104532
-0.0921194
-0.082294
-0.0684382
-0.0532121
-0.0402912
-0.0316637
-0.020659
-0.00865254
0.00587124
0.0160484
0.0273236
0.0419311
0.0557252
0.0654762
0.0756891
0.0897523
0.101669
0.109102
0.114374
0.123536
0.131347
0.135849
0.142348
0.142386
0.143755
0.139721
0.135836
0.132987
0.127943
0.119978
0.113641
0.10743
0.101164
0.0950451
0.0895317
0.0843722
0.0828325
0.0852296
0.0873181
0.0905525
0.0949539
0.0999917
0.104259
0.108241
0.111462
0.116886
0.120788
0.126125
0.124202
0.123769
0.122356
0.121795
0.119979
0.114539
0.112897
0.1085
0.108002
0.104148
0.102926
0.102505
0.104616
0.105428
0.111792
0.111182
0.113725
0.115882
0.11768
0.11757
0.121421
0.122686
0.12295
0.125086
0.125804
0.126504
0.1255
0.127205
0.128636
0.131395
0.130454
0.131788
0.131181
0.132419
0.129838
0.132726
0.131371
0.132039
0.135072
0.135323
0.133547
0.13455
0.13383
0.13279
0.132496
0.129588
0.130391
0.13513
0.136175
0.141167
0.143391
0.143987
0.146552
0.147151
0.147947
0.148346
0.147328
0.148228
0.145493
0.147898
0.146675
0.149381
0.152094
0.15149
0.153249
0.152359
0.153338
0.151936
0.153471
0.153499
0.153555
0.153332
0.156549
0.153886
0.152604
0.152371
0.155341
0.153226
0.153235
0.151425
0.154438
0.152395
0.153562
0.15467
0.154392
0.154754
0.152907
0.153943
0.153465
0.152395
0.154481
0.155067
0.155056
0.154086
0.153041
0.155572
0.153754
0.153993
0.153739
0.154296
0.15388
0.15377
0.154714
0.154364
0.155713
0.155849
0.152945
0.15412
0.152607
0.152997
0.15229
0.154644
0.155042
0.155707
0.155699
0.153224
0.1556
0.156246
0.155425
0.155647
0.155956
0.15403
0.155403
0.15771
0.154023
0.156895
0.153341
0.153974
0.156325
0.15445
0.155622
0.153837
0.155211
0.153834
0.152936
0.1553
0.15703
0.155758
0.155684
0.155642
0.152083
0.15399
0.154786
0.153452
0.155076
0.154001
0.155544
0.155301
0.157084
0.15283
0.153015
0.155151
0.15456
0.156599
0.155597
0.154492
0.156139
0.153905
0.155712
0.155699
0.155583
0.155521
0.154608
0.157123
0.155942
0.156862
0.155919
0.156099
0.154904
0.154219
0.155324
0.153552
0.153704
0.156933
0.157152
0.155916
0.154994
0.156283
0.155146
0.154128
0.154001
0.156648
0.157403
0.157163
0.154977
0.15661
0.156297
