-0.000356753
-0.00773064
-0.0105016
-0.00132987
-0.0127841
0.000694904
-0.00752504
0.000939845
0.0040859
-0.00222567
-0.0153438
0.0101918
0.0080183
0.00284164
0.0158132
-0.0169366
0.0041956
-0.00690635
0.00160151
0.0103801
-0.00730381
-0.00715303
-0.00372654
-0.00140914
0.00662767
-0.00582922
0.00507002
0.00169703
-0.000753051
-0.00286306
-0.00954079
-0.00159919
-0.0093505
-0.0107823
0.0155233
0.0021871
-0.00119592
-0.00280364
0.00769091
-0.00865828
-0.00229029
-0.00667099
0.0155353
0.0273542
0.0075689
0.00225635
0.013616
0.00227334
0.00784268
0.01711
-0.00854679
-0.00122962
0.00989768
0.00328386
-0.00893502
-0.00925026
0.0139154
0.00050988
-0.00474417
-0.00442577
0.000808471
-0.0111785
-0.0167709
-0.0188363
0.00434949
-0.00585017
0.00750609
0.014196
0.00887285
0.0101597
0.0159621
-0.0062797
-0.00760417
0.0098838
0.00902262
-0.0106669
-0.00710641
0.00765527
0.0207249
-0.00540854
-8.11694e-06
-0.00966559
-0.00165795
0.000703919
-0.00406607
0.00845367
-0.00625976
0.00175459
-0.00955799
0.0163637
-0.00765279
0.000641818
-0.000669954
0.00568201
0.00342496
0.00246608
-0.00257075
0.00883505
0.00193151
-0.00048024
-0.0121861
0.0068572
-0.0173612
0.00699162
0.00315342
0.00472775
0.00986197
0.0190179
0.00677981
0.00718724
-0.00415156
-0.00557369
0.000216019
0.0092908
0.020941
0.0142142
-0.0030564
0.0015777
-0.00226861
0.014946
-0.0198788
-0.010551
-0.00874491
-0.0230224
0.013158
-0.0105028
0.00938051
-0.0111474
-0.00987115
-0.0105422
-0.0123195
-0.000700694
0.00371074
-0.0018101
-0.000292577
0.0202992
0.00475932
-0.0133587
-0.01267
-0.0106216
0.00367444
0.00771956
-0.0147273
0.00730496
0.00855305
-0.00483727
0.0063527
-0.00068903
0.00918419
0.0014565
0.0139489
-0.00993196
0.0103867
0.0111913
-0.0206321
0.00818746
0.0102675
0.00843427
-0.0153614
-0.011477
-0.0226469
-0.00558557
0.00101936
-0.00410045
-0.00738733
-0.0139152
-0.0233083
0.00792455
0.00299566
0.0162501
-0.00709629
-0.00297737
0.0124176
-0.00254222
0.00522031
0.00795633
-0.00679341
0.00100172
0.00436729
0.0122282
-0.0137516
0.0158313
0.0124772
0.0102853
0.00362276
0.00377063
-0.00297727
-0.00192323
-0.00159226
-0.0123955
0.010399
0.0275175
0.00840078
-0.00289466
0.0119649
-0.0137851
0.0146711
-0.00966305
0.00534176
0.00199765
0.00529028
0.00749353
-0.00634022
-0.0106869
0.0103386
0.0156679
-0.020401
-0.0157974
-0.00895917
-0.00813986
0.0117668
-0.00137743
-0.00756057
-0.00621388
0.00220979
-0.00290861
0.012819
-0.00721884
0.00509654
0.00528816
-0.00110124
-0.0069275
-0.00667592
-0.00832898
0.00205406
0.00149573
0.0168711
-0.0143869
0.010702
-0.00289577
0.00227362
-0.00274479
-0.00701522
0.0106765
-0.00924249
-0.0203828
-0.0120195
-0.000308633
-0.00482804
-0.00144398
-0.00738413
0.015227
0.0226227
-0.0104997
-0.011817
0.00726726
-0.00251133
-0.00652288
-0.0055396
-0.00188638
-0.00312758
0.00334088
-0.00886307
-0.00710778
0.00985786
0.0131221
0.00907912
-0.00914643
0.000342193
0.00455972
-0.0134986
-0.0040472
0.00612145
0.0169248
0.0161303
-0.00534339
-0.0100973
0.00251791
-0.00753309
-0.00823021
0.00331739
-0.00677936
0.00325153
0.00343711
-0.0117956
0.0018715
-0.00287862
-0.013382
0.0108657
0.01099
-0.0174455
0.00390793
-0.0026524
-0.00992315
0.00708422
0.0170405
-0.00186448
0.00477898
0.0136428
0.00424556
-0.00748453
0.00362469
-0.00257128
0.00152397
0.0670267
0.222915
0.0201232
-0.0881363
-0.0953754
-0.0391863
0.00438833
0.0613512
0.0172753
0.0107139
0.0294281
0.0829031
-0.093259
-0.0639828
-0.0292502
0.0176512
0.0183538
0.0251169
-0.0107109
-0.00113991
0.0227453
-0.00152907
0.0213548
0.00894162
0.0085975
-0.00853221
-0.0110473
-0.0158635
-0.00788378
-0.00337327
0.0128597
-0.0121531
-0.0105369
0.0178291
-0.0165965
-0.0227319
-0.00418682
0.00174364
0.00323409
-0.00627755
-0.0229772
0.0156816
-0.0115144
0.0133845
-0.010692
-0.00368791
0.0202993
0.00279177
-0.00969005
0.00955817
-0.0156383
0.00272493
-0.023868
0.0153509
0.0108975
0.0106481
0.0292861
-0.0108611
-0.00527081
-0.00931651
-0.0114835
-0.00757732
-0.0107214
-0.00903557
0.0062138
-0.0171998
0.00655728
0.00513873
0.00329452
0.0206907
0.00445329
-0.0183387
-0.00859303
0.00277532
0.0212482
0.00617428
0.0104002
0.00849067
0.000374093
-0.00557067
0.00545659
-0.0152223
-0.00209062
0.0177789
6.03534e-05
-0.0096611
0.00166254
-0.0102213
-0.00482482
0.0164533
0.0407225
0.00955753
0.00778365
-0.0352358
-0.000501646
0.00876598
-0.0219412
-0.110146
-0.0242376
0.0170467
-0.02171
-0.0849503
-0.110455
-0.255596
-0.134167
-0.211137
-0.262674
-0.294718
-0.329888
-0.322806
-0.334905
-0.318537
-0.310425
-0.282767
-0.296605
-0.245492
-0.225543
-0.16499
-0.185634
-0.179431
-0.124548
-0.123718
-0.150289
-0.127882
-0.133724
-0.0441239
-0.0543086
-0.0291121
-0.0181326
-0.0371367
-0.0195503
-0.00970688
-0.0243987
-0.00671475
-0.0115777
-0.011492
-0.0153019
-0.0153801
-0.0372358
-0.01058
-0.0234488
-0.0207178
-0.0219788
-0.0288492
-0.00735043
-0.00820961
-0.00506779
0.00334611
-0.00715932
0.0130555
-0.00511009
-0.00985509
-0.00616452
0.000459927
0.00947832
0.00237611
-0.0135616
0.00359132
0.00630254
3.19404e-05
-0.00638326
-0.00231529
0.000646867
0.0141819
0.0189649
-0.00262132
0.000940551
0.0127589
0.00688186
-0.00482843
-0.00438542
-0.00355764
0.00154426
-0.0119852
-0.00586765
0.00624006
-0.00609799
0.00904531
-0.00307531
0.00132915
0.00943684
0.0158455
0.00642579
0.00512423
0.00108704
-0.0131233
0.0102556
0.0180881
-0.0144349
0.00260893
-0.00421491
0.00488995
-0.0101537
0.0143302
0.00859084
0.0182555
-0.00105464
0.00439532
0.00527853
0.0177288
0.0172131
-0.0178557
-0.00150941
-0.014138
0.0137176
0.00142643
0.0100305
0.0175414
-0.0153191
0.00294547
-0.00547794
-0.0154996
0.0239021
0.011309
0.00586551
-0.000264827
0.0134259
-0.0060066
-0.00559601
0.00496816
0.0110089
0.00448616
-0.00887244
-0.0138856
0.00764505
-0.00070667
-0.00573837
0.000386677
-0.00176767
-0.00522439
0.00712153
0.0153508
0.0248412
0.0265133
0.0209406
0.0581332
0.0430691
0.124763
0.081731
0.085253
0.167069
0.0926463
0.0821625
0.0645604
0.092896
0.0710366
0.0727758
0.0599437
0.0720916
0.0444848
0.0537407
0.0714884
0.0269264
0.040939
0.0336252
0.063292
0.0707453
0.0617414
0.0634886
0.0453238
0.0570206
0.0748392
0.093527
0.0951193
0.0997681
0.0985865
0.108362
0.148154
0.137957
0.173793
0.201223
0.209658
0.224439
0.204407
0.227369
0.205941
0.213656
0.237451
0.220209
0.238649
0.222695
0.198902
0.234453
0.237387
0.204684
0.209146
0.197485
0.154701
0.195008
0.198817
0.172855
0.18697
0.160485
0.155737
0.175366
0.218073
0.227534
0.194785
0.183765
0.192165
0.212815
0.206274
0.211147
0.235694
0.238009
0.25266
0.290433
0.309904
0.328787
0.340417
0.315055
0.358632
0.33571
0.353441
0.329325
0.35992
0.309789
0.296744
0.272412
0.263917
0.219242
0.254845
0.246514
0.254008
0.263017
0.265316
0.304912
0.291742
0.316897
0.310563
0.319527
0.308801
0.312633
0.302318
0.317154
0.300161
0.287562
0.282908
0.316672
0.28486
0.271352
0.277757
0.306747
0.249052
0.309042
0.324844
0.354788
0.360647
0.325924
0.313733
0.304785
0.320234
0.343443
0.381282
0.364354
0.274265
0.261933
0.190895
0.164414
0.19858
0.206138
0.237462
0.351945
0.334745
0.320662
0.38003
0.353769
0.401853
0.388516
0.428606
0.463685
0.473605
0.48926
0.486977
0.503417
0.459066
0.434032
0.434392
0.429599
0.381292
0.418401
0.45063
0.45389
0.423299
0.505557
0.566784
0.582545
0.51874
0.495416
0.414271
0.427641
0.470789
0.396658
0.397916
0.425803
0.410067
0.372054
0.426222
0.380056
0.389265
0.3985
0.332301
0.284224
0.2451
0.18305
0.200849
0.222716
0.190998
0.190444
0.240339
0.192952
0.215088
0.220565
0.181724
0.168419
0.203267
0.172516
0.162525
0.150445
0.151903
0.120252
0.112834
0.12148
0.127761
0.0427818
0.09142
0.0538375
0.0346046
0.0375227
0.00178135
0.022226
0.00323361
0.0116925
0.00013434
0.00343706
-0.00255661
-0.0175842
2.60202e-05
-0.0033029
-0.00283014
0.0105979
-0.0066412
0.0103023
0.0137943
0.00224999
0.0195492
0.00465668
-0.00515195
-0.0423117
-0.0331367
-0.00131632
0.0219068
0.0632564
0.0596016
0.0653734
0.0498318
-0.00729891
-0.0417586
-0.0522988
-0.0510749
-0.0305208
0.00396321
0.0037189
0.0113375
0.0124373
0.00384712
0.00985663
0.00505726
-0.0408052
-0.114144
-0.173051
-0.109124
-0.0744649
-0.0496155
-0.0679381
-0.0185254
0.0192043
0.0428157
0.0586755
0.0619521
0.0831275
0.0335206
-0.00984838
-0.0190023
-0.0478486
-0.0152602
-0.0849783
-0.0709581
-0.0780135
-0.0120279
-0.00250693
0.00106545
0.00186404
0.00633023
-0.0468653
-0.0431871
-0.0867959
-0.0500784
-0.0614478
-0.0302574
0.0393306
0.0806346
0.0512405
0.0535963
-0.00438029
0.0482043
0.0744084
0.0221778
0.0563361
0.074261
0.0373597
0.0401444
0.00134118
0.0194586
0.046949
0.0026039
0.0183859
-0.01113
0.0218177
-0.0329808
0.00364149
-0.0197878
0.0113801
-0.00397887
-0.0103039
0.0173846
-0.0103141
-0.009348
0.0116098
0.0331929
0.00092163
0.0405814
0.0322975
0.0630859
0.0412319
0.0166132
0.0342285
0.00266674
0.0174104
0.0447304
0.0205241
0.034664
0.0439528
0.0610555
0.0707353
0.0809787
0.0886717
0.0646189
0.0322087
0.0285917
0.0246559
0.00348774
-0.00525133
0.059741
0.0352039
0.0726201
0.112881
0.0950366
0.102201
0.118148
0.148823
0.233044
0.235021
0.253973
0.237211
0.317279
0.34233
0.37591
0.410659
0.388291
0.402172
0.466899
0.441792
0.385532
0.377407
0.396398
0.35435
0.363502
0.373122
0.331603
0.369019
0.37321
0.419639
0.423446
0.430205
0.486442
0.556508
0.580858
0.60415
0.60568
0.567911
0.532336
0.506684
0.446113
0.451529
0.448976
0.443262
0.436255
0.480865
0.511149
0.524558
0.481701
0.533401
0.538512
0.492219
0.466492
0.404785
0.464554
0.423046
0.457403
0.506525
0.56124
0.553507
0.528529
0.521296
0.485601
0.47912
0.483278
0.436274
0.464806
0.436192
0.439334
0.501627
0.516947
0.547886
0.582489
0.565776
0.557293
0.539756
0.516793
0.404631
0.427092
0.432547
0.435261
0.484297
0.481254
0.503796
0.499303
0.498472
0.515956
0.503065
0.451316
0.433261
0.399698
0.344869
0.348328
0.414899
0.403106
0.422466
0.462848
0.443241
0.439258
0.478513
0.452068
0.436496
0.387056
0.105816
0.188846
0.121956
0.123876
0.116345
0.156153
0.14491
0.102165
0.130895
0.131288
0.150952
0.137634
0.120867
0.12978
0.0969541
0.0586417
0.0477326
0.0287504
-0.00855733
0.0423896
0.0387286
0.0352365
-0.0297163
-0.020822
-0.0132941
0.000859206
-0.00491179
-0.000203687
-0.0243855
-0.053481
-0.0454076
-0.0248238
0.0036658
-0.000273287
0.0109444
0.038168
0.00562499
0.0100887
-0.00786183
-0.00131854
-0.0152953
-0.0288583
-0.00895634
-0.0300285
-0.0608599
-0.0143886
-0.0260592
-0.0896271
-0.116698
-0.0495661
-0.0131623
-0.0361726
-0.0204336
0.00654668
-0.0113193
-0.0133984
-0.00783923
-0.0288909
0.00531886
-0.00315533
0.000453689
-0.024178
0.00749588
0.00736181
-0.0296298
-0.0219281
-0.00874014
-0.00447746
0.0166203
0.000530176
-0.00576254
-0.0162435
-0.0019753
0.00715203
-0.0237643
0.0041499
-0.016818
-0.0079978
-0.0238064
0.000424261
-0.0161678
-0.00282751
-0.00712588
0.0127327
0.0235352
0.00675843
-0.0204938
-0.00179188
-0.0156393
-0.00377427
0.00172694
-0.000368391
0.00380628
-0.00225932
-0.000363229
-0.00188963
-0.0243323
-0.0385304
0.0166006
-0.0082894
-0.00916623
-0.00906952
0.00386599
-0.00379908
-0.00049465
0.0108037
-0.00369814
0.00524125
0.0347982
0.114973
0.100786
0.0994312
0.117882
0.165136
0.138098
0.111487
0.08408
0.11006
0.139328
0.174324
0.191079
0.259581
0.22444
0.159491
0.150827
0.126978
0.192048
0.226624
0.187657
0.175771
0.160674
0.146967
0.162496
0.207476
0.206803
0.167566
0.172558
0.18228
0.182929
0.241749
0.262634
0.288516
0.287474
0.28587
0.279639
0.254469
0.300692
0.289736
0.301264
0.307507
0.306103
0.297759
0.29182
0.333122
0.327203
0.301907
0.247452
0.199796
0.174868
0.189001
0.223966
0.238657
0.251557
0.225277
0.211823
0.223007
0.240658
0.210246
0.193631
0.214866
0.211101
0.197421
0.230402
0.260931
0.255994
0.260706
0.250363
0.282144
0.249983
0.243452
0.254933
0.200788
0.175233
0.182841
0.219884
0.246125
0.334149
0.0996966
0.194197
0.241779
0.230008
0.345436
0.266659
0.231403
0.291663
0.293923
0.337747
0.279594
0.306605
0.284364
0.341167
0.288796
0.315932
0.28596
0.237398
0.229391
0.218361
0.216217
0.225758
0.222143
0.239992
0.202356
0.261643
0.247937
0.248899
0.267777
0.262239
0.266889
0.239976
0.24891
0.255634
0.252293
0.271814
0.285212
0.319201
0.272166
0.24908
0.235347
0.198007
0.194169
0.163844
0.198665
0.18648
0.157154
0.20599
0.196815
0.219712
0.246234
0.290242
0.27747
0.280549
0.250086
0.290943
0.256751
0.30851
0.288743
0.325991
0.282738
0.264796
0.264257
0.273631
0.23206
0.178147
0.235643
0.239223
0.166218
0.193115
0.232384
0.213724
0.240569
0.257449
0.257753
0.225225
0.272836
0.233878
0.27922
0.286045
0.273912
0.275979
0.249911
0.281718
0.285343
0.271802
0.258418
0.220786
0.241321
0.227641
0.187034
0.184878
0.247564
0.282634
0.213639
0.221271
0.254404
0.25314
0.266654
0.294722
0.262091
0.2742
0.271448
0.274123
0.258406
0.264041
0.272125
0.303514
0.309618
0.249476
0.244639
0.225575
0.192593
0.190154
0.240213
0.245092
0.222742
0.232545
0.257001
0.230481
0.272212
0.272127
0.286716
0.294365
0.301243
0.28298
0.318522
0.273159
0.30778
0.288603
0.280437
0.240925
0.286428
0.254609
0.230805
0.250736
0.219875
0.205885
0.193132
0.186392
0.258214
0.235281
0.22185
0.262227
0.246358
0.289571
0.290934
0.311719
0.323927
0.307163
0.334302
0.323748
0.337247
0.344554
0.292671
0.255635
0.280439
0.24295
0.209744
0.216375
0.226772
0.226128
0.251702
0.260033
0.226908
0.213018
0.281055
0.278934
0.304523
0.30715
0.301873
0.296904
0.309758
0.303393
0.315723
0.338579
0.295332
0.319333
0.31103
0.254357
0.243755
0.291797
0.223136
0.271313
0.269348
0.232999
0.263762
0.310711
0.310295
0.345586
0.29853
0.3572
0.324288
0.356773
0.382573
0.345498
0.38812
0.332072
0.319
0.307621
0.3038
0.199208
0.264169
0.272892
0.231257
0.230802
0.243368
0.240848
0.222819
0.257727
0.237417
0.254797
0.239653
0.258546
0.274949
0.239916
0.271462
0.257329
0.281601
0.266537
0.274953
0.246196
0.176642
0.256082
0.298066
0.286936
0.278396
0.269347
0.339934
0.343984
0.330322
0.423607
0.376421
0.418393
0.439114
0.420599
0.423034
0.442776
0.473111
0.43972
0.389547
0.44816
0.333961
0.347981
0.400858
0.339984
0.378735
0.357109
0.40186
0.421309
0.404271
0.400205
0.405766
0.418005
0.411598
0.394783
0.331546
0.351366
0.377522
0.362761
0.385012
0.380156
0.402347
0.396588
0.40933
0.429086
0.402704
0.431669
0.408268
0.40563
0.447302
0.407231
0.394899
0.375006
0.396384
0.394932
0.488757
0.470885
0.46766
0.463349
0.503151
0.517916
0.458272
0.46852
0.411629
0.434795
0.357223
0.376435
0.347914
0.385106
0.374868
0.375574
0.42854
0.388447
0.381288
0.421063
0.391158
0.385182
0.413956
0.343796
0.350677
0.348405
0.34666
0.365131
0.336277
0.369134
0.387969
0.405606
0.410195
0.422082
0.447097
0.430445
0.445918
0.429216
0.455475
0.397484
0.390881
0.349659
0.371178
0.378548
0.389909
0.390747
0.454479
0.46711
0.452858
0.477936
0.466228
0.452494
0.456116
0.403889
0.380384
0.418712
0.360073
0.38399
0.370155
0.392366
0.409799
0.442822
0.412086
0.442847
0.460335
0.444223
0.444767
0.425779
0.405171
0.359899
0.332563
0.329301
0.352436
0.370945
0.402419
0.399448
0.402371
0.437332
0.449248
0.410387
0.409094
0.412956
0.388434
0.38365
0.37941
0.331903
0.351391
0.349812
0.390227
0.379387
0.453138
0.486772
0.413834
0.413664
0.448436
0.48239
0.424377
0.415144
0.400924
0.388863
0.330364
0.38082
0.342517
0.374631
0.388307
0.387927
0.41993
0.408406
0.403809
0.417563
0.415088
0.41229
0.4153
0.384503
0.335849
0.35058
0.347268
0.324965
0.339782
0.360915
0.33995
0.370771
0.390672
0.398658
0.384539
0.386456
0.366697
0.396291
0.397767
0.381649
0.364685
0.35289
0.304798
0.332025
0.33195
0.325502
0.370324
0.344982
0.358619
0.346738
0.362705
0.351721
0.34852
0.3308
0.354105
0.331949
0.3298
0.308429
0.289327
0.2647
0.296588
0.266357
0.275508
0.311214
0.335839
0.296156
0.316099
0.317587
0.345022
0.34708
0.330522
0.298087
0.329546
0.312206
0.341381
0.309912
0.336177
0.2648
0.295092
0.227202
0.282611
0.286922
0.275019
0.289582
0.310959
0.318964
0.330501
0.324195
0.346148
0.292941
0.322895
0.317986
0.328567
0.280554
0.316434
0.250788
0.29813
0.27927
0.230756
0.241714
0.243463
0.227633
0.217728
0.248429
0.267941
0.277745
0.261311
0.267676
0.285636
0.258018
0.310031
0.271617
0.273166
0.288145
0.23894
0.24615
0.222118
0.206626
0.190071
0.152596
0.198772
0.205663
0.161557
0.144175
0.183441
0.212895
0.177809
0.179247
0.201972
0.201633
0.211322
0.193269
0.204477
0.238111
0.226208
0.182414
0.222694
0.213456
0.200057
0.226815
0.21466
0.213131
0.232802
0.227373
0.196433
0.19133
0.217706
0.201818
0.150167
0.147299
0.160257
0.215403
0.166428
0.175969
0.172609
0.179258
0.142594
0.120588
0.135222
0.12667
0.041965
0.121241
0.111568
0.150925
0.098294
0.109012
0.0942659
0.0929358
0.0608963
0.0560623
0.0803284
0.088816
0.0857832
0.125772
0.0737579
0.0604488
0.038939
0.0660428
0.0417443
0.0343942
0.050493
0.0332735
0.0504618
0.0388782
0.0299217
0.0102212
0.0354716
0.0226533
0.0335181
0.0462933
0.0243517
0.0386479
0.034329
0.0134655
0.0195828
0.001483
0.0115393
-0.0135967
0.00957262
0.036682
-0.0041134
0.00211635
0.0129858
0.00872285
-0.00127097
0.0156999
-0.00754322
-0.0136031
0.00379486
0.0149519
0.00577524
-0.00339886
-0.0157299
-0.00904738
0.018042
-0.00410748
0.00680634
0.0900025
0.0588838
0.00303095
0.00301049
-0.00914177
-0.0241583
-0.00331343
-0.00822501
-0.00411888
-0.00359352
-0.00215282
0.0041981
-0.00549084
-0.00525346
-9.3637e-05
0.0190174
0.0168537
-0.00376534
0.000988607
-0.00415902
-0.000553575
-0.0151332
0.0086623
-0.0128661
0.00357079
-0.00470162
0.00617283
-0.00295649
-0.0220814
0.00512747
-0.0190805
-0.0154942
-0.00967765
-0.0116656
-0.00925095
0.00373638
0.0218299
0.0150209
-0.0120726
-0.0127595
0.0120094
-0.00404875
-0.00718065
-0.00346791
0.0148982
0.079269
-0.00125923
-0.0121938
0.010066
-0.00270946
-0.00159609
-0.00197893
0.0803249
0.0247273
-0.0144963
-0.00440871
-0.0266488
-0.0106543
0.0219105
0.00973286
-0.00664342
-0.0156615
-0.0137886
0.0216143
0.0113118
0.00676458
0.00433579
-0.000121407
0.00593828
0.0137642
0.013767
0.0143135
0.0189786
0.00771876
-0.00781541
-0.0334185
-0.00180238
0.0249864
-0.00630784
-0.00348706
0.0154796
0.0114105
0.00328782
-0.00995646
-0.00595601
-0.0161373
0.0119034
-0.00820164
0.00213804
-0.0151803
-0.00318684
0.00194028
0.00111748
-0.00513107
0.0163147
-0.0193546
0.00658558
-0.0332105
-0.00633986
0.0123053
-0.013957
-0.00232952
-0.0237243
-0.0360228
-0.0716319
-0.06668
-0.0686165
-0.0687768
-0.0834339
-0.122275
-0.114493
-0.285504
-0.202626
-0.12741
-0.190987
-0.157449
-0.135088
-0.163098
-0.163823
-0.20618
0.0179896
-0.137328
-0.0720558
-0.121499
-0.1044
-0.147275
-0.15801
-0.154318
-0.156169
-0.16265
-0.167558
-0.172201
-0.201944
-0.193038
-0.164965
-0.189853
-0.192403
-0.206426
-0.253233
-0.218017
-0.221137
-0.231709
-0.199472
-0.239176
-0.215986
-0.175138
-0.181461
-0.195845
-0.229344
-0.313512
-0.287517
-0.29589
-0.236826
-0.268786
-0.261184
-0.272621
-0.259207
-0.261668
-0.318988
-0.32919
-0.357898
-0.370638
-0.3747
-0.41194
-0.390985
-0.418651
-0.410769
-0.369612
-0.379431
-0.380583
-0.373234
-0.346609
-0.336745
-0.341454
-0.310051
-0.356519
-0.40309
-0.406337
-0.352928
-0.418134
-0.431916
-0.421379
-0.43806
-0.478393
-0.481811
-0.432578
-0.455639
-0.479058
-0.454293
-0.411662
-0.421676
-0.426753
-0.423666
-0.423272
-0.412588
-0.430324
-0.452977
-0.430636
-0.466227
-0.434746
-0.454272
-0.436522
-0.453206
-0.45691
-0.433282
-0.450711
-0.440639
-0.497466
-0.514305
-0.544196
-0.512736
-0.483952
-0.521178
-0.515457
-0.455033
-0.474348
-0.481213
-0.472817
-0.476117
-0.479275
-0.454282
-0.505708
-0.516976
-0.505099
-0.545963
-0.536023
-0.458774
-0.488417
-0.514102
-0.453624
-0.421325
-0.438468
-0.52798
-0.516143
-0.491903
-0.483908
-0.484362
-0.498084
-0.535576
-0.515498
-0.510305
-0.489295
-0.483306
-0.51238
-0.52978
-0.561628
-0.526273
-0.513316
-0.541604
-0.524017
-0.521359
-0.527289
-0.5204
-0.526595
-0.487686
-0.49867
-0.519445
-0.527641
-0.517882
-0.51888
-0.514252
-0.514839
-0.495337
-0.517601
-0.485612
-0.489038
-0.439086
-0.453008
-0.475202
-0.479945
-0.481275
-0.470316
-0.519051
-0.552989
-0.529837
-0.477369
-0.457016
-0.464686
-0.474051
-0.430528
-0.416229
-0.48261
-0.48169
-0.485414
-0.476417
-0.480477
-0.491671
-0.493023
-0.458498
-0.467548
-0.454558
-0.456993
-0.45971
-0.481242
-0.485711
-0.489298
-0.459419
-0.471523
-0.505424
-0.465233
-0.419611
-0.417676
-0.429952
-0.383417
-0.372332
-0.368455
-0.351189
-0.399968
-0.356413
-0.309666
-0.268694
-0.161252
-0.144113
-0.142682
-0.227897
-0.201242
-0.113682
-0.12652
-0.118465
-0.141206
-0.123816
-0.103591
-0.0610849
-0.0725976
-0.122866
-0.107473
-0.131002
-0.139047
-0.162453
-0.246497
-0.330989
-0.270054
-0.286554
-0.237955
-0.252804
-0.315303
-0.337027
-0.357294
-0.405724
-0.4038
-0.395244
-0.410586
-0.379663
-0.411384
-0.439112
-0.398704
-0.387935
-0.393594
-0.368315
-0.367236
-0.391096
-0.409073
-0.42235
-0.455945
-0.462609
-0.447681
-0.445491
-0.437613
-0.47751
-0.461218
-0.483683
-0.461451
-0.471927
-0.446462
-0.448623
-0.494902
-0.495508
-0.489523
-0.468558
-0.436484
-0.466394
-0.475468
-0.479969
-0.447507
-0.452591
-0.462166
-0.418709
-0.405577
-0.498768
-0.501158
-0.46481
-0.438631
-0.483539
-0.52684
-0.494934
-0.417748
-0.435115
-0.388345
-0.375121
-0.428156
-0.448453
-0.444518
-0.454735
-0.468901
-0.438711
-0.419473
-0.464033
-0.464493
-0.436287
-0.415537
-0.443146
-0.430959
-0.349698
-0.391355
-0.387917
-0.40699
-0.429633
-0.413825
-0.387813
-0.44264
-0.42222
-0.383641
-0.422889
-0.441881
-0.365614
-0.423227
-0.421011
-0.362736
-0.373839
-0.411248
-0.398762
-0.415558
-0.412729
-0.433564
-0.424019
-0.36642
-0.342184
-0.372544
-0.415578
-0.418987
-0.368659
-0.408973
-0.340443
-0.366867
-0.383586
-0.38157
-0.425453
-0.451207
-0.415042
-0.400642
-0.416959
-0.390911
-0.356555
-0.391356
-0.325847
-0.373752
-0.35732
-0.362925
-0.360752
-0.339365
-0.39617
-0.326026
-0.365479
-0.357437
-0.355968
-0.379618
-0.389608
-0.399317
-0.396874
-0.350731
-0.339495
-0.328844
-0.341657
-0.322487
-0.347721
-0.338822
-0.380907
-0.362288
-0.33794
-0.362979
-0.375974
-0.385089
-0.358713
-0.363125
-0.353505
-0.392318
-0.362809
-0.33416
-0.374247
-0.360197
-0.330686
-0.386158
-0.373956
-0.391143
-0.35607
-0.423684
-0.388322
-0.375273
-0.417065
-0.400679
-0.384347
-0.394855
-0.356185
-0.366921
-0.308886
-0.341009
-0.302135
-0.31813
-0.312826
-0.370178
-0.363789
-0.337595
-0.384067
-0.367948
-0.375552
-0.384106
-0.351212
-0.375815
-0.376746
-0.349334
-0.329247
-0.339998
-0.312382
-0.323881
-0.31559
-0.367464
-0.316347
-0.365082
-0.411554
-0.368731
-0.384544
-0.391525
-0.355236
-0.387641
-0.350407
-0.351482
-0.35558
-0.324501
-0.334656
-0.304182
-0.333133
-0.295767
-0.351682
-0.33476
-0.360084
-0.33185
-0.37011
-0.356344
-0.381967
-0.358289
-0.354561
-0.354703
-0.35297
-0.360905
-0.329256
-0.335166
-0.337604
-0.311636
-0.326653
-0.348301
-0.363677
-0.370288
-0.36776
-0.365898
-0.375202
-0.376312
-0.352624
-0.353847
-0.301365
-0.304243
-0.28236
-0.29639
-0.297268
-0.289557
-0.291377
-0.306167
-0.315485
-0.313895
-0.344746
-0.344001
-0.364012
-0.321412
-0.381034
-0.361825
-0.323731
-0.372445
-0.32412
-0.383482
-0.345641
-0.34697
-0.365712
-0.339975
-0.343191
-0.31236
-0.364584
-0.353388
-0.358824
-0.401244
-0.349554
-0.3964
-0.399843
-0.342806
-0.377186
-0.366448
-0.391228
-0.36339
-0.354111
-0.357699
-0.314497
-0.354803
-0.349216
-0.382218
-0.41287
-0.414685
-0.41074
-0.34495
-0.391544
-0.385385
-0.380628
-0.382396
-0.372669
-0.39645
-0.418443
-0.354991
-0.391632
-0.367157
-0.371937
-0.429898
-0.40856
-0.388983
-0.407321
-0.440923
-0.429707
-0.406013
-0.414549
-0.385394
-0.365845
-0.386632
-0.352731
-0.366884
-0.369156
-0.371769
-0.369866
-0.37801
-0.406729
-0.391068
-0.406209
-0.411067
-0.445776
-0.421984
-0.407389
-0.377987
-0.399045
-0.381777
-0.401897
-0.402912
-0.349929
-0.337082
-0.375898
-0.385954
-0.395387
-0.411264
-0.460712
-0.406686
-0.430575
-0.398249
-0.406137
-0.395398
-0.414104
-0.417234
-0.411644
-0.387097
-0.382065
-0.404427
-0.426787
-0.429913
-0.42059
-0.422222
-0.429157
-0.404754
-0.39031
-0.408415
-0.355946
-0.384221
-0.366812
-0.354427
-0.349049
-0.390165
-0.387941
-0.403936
-0.414481
-0.422249
-0.380466
-0.431554
-0.448071
-0.375477
-0.424647
-0.436032
-0.421258
-0.374042
-0.406011
-0.35141
-0.388463
-0.442241
-0.420031
-0.421827
-0.409121
-0.419992
-0.396354
-0.435206
-0.431848
-0.401461
-0.434262
-0.441669
-0.400513
-0.405128
-0.409859
-0.406362
-0.383154
-0.375469
-0.389291
-0.357158
-0.395583
-0.422405
-0.415971
-0.419192
-0.420912
-0.388979
-0.391721
-0.36853
-0.341062
-0.391486
-0.377424
-0.424252
-0.404176
-0.337865
-0.377129
-0.354634
-0.369277
-0.37038
-0.324422
-0.370508
-0.299899
-0.336058
-0.323125
-0.315276
-0.315687
-0.315756
-0.313568
-0.327851
-0.320226
-0.335786
-0.380939
-0.337437
-0.376545
-0.366246
-0.348775
-0.363803
-0.331116
-0.355409
-0.353496
-0.331555
-0.305412
-0.289777
-0.280343
-0.311366
-0.28692
-0.338889
-0.323486
-0.375543
-0.337445
-0.348545
-0.310694
-0.33823
-0.342061
-0.341124
-0.341133
-0.343593
-0.356252
-0.325107
-0.311528
-0.291674
-0.275773
-0.288297
-0.301647
-0.277179
-0.278861
-0.282481
-0.291067
-0.327064
-0.314841
-0.312231
-0.322072
-0.334596
-0.283131
-0.323497
-0.327399
-0.296374
-0.305329
-0.304188
-0.317772
-0.282288
-0.310129
-0.308774
-0.335397
-0.343303
-0.357549
-0.331171
-0.352045
-0.353693
-0.344676
-0.385348
-0.339693
-0.356744
-0.300991
-0.312929
-0.31104
-0.309095
-0.317636
-0.286094
-0.276872
-0.277111
-0.286102
-0.290581
-0.278191
-0.301643
-0.288315
-0.338077
-0.305625
-0.31871
-0.329425
-0.305257
-0.283227
-0.268986
-0.255586
-0.22872
-0.246105
-0.234151
-0.254502
-0.241129
-0.16938
-0.191325
-0.203163
-0.160086
-0.200165
-0.193665
-0.190121
-0.193596
-0.210448
-0.20312
-0.182211
-0.170739
-0.186925
-0.14286
-0.115105
-0.0960485
-0.102436
-0.0943783
-0.0741072
-0.108062
-0.0724768
-0.0727166
-0.0808305
-0.058298
-0.0711051
-0.0594514
-0.0607344
-0.0529401
-0.0742161
-0.0382919
-0.0507843
-0.0438157
-0.0130429
-0.00346575
-0.0104515
-0.0075225
0.00620734
-0.00807753
-0.000904849
0.00610525
0.0112414
0.0110575
0.0364288
0.0101016
0.0197401
0.0141236
0.0222754
0.0169581
0.0420755
0.0178562
0.00576269
0.0120939
0.0052316
0.0132945
0.0207899
0.0363101
0.0590426
0.0635587
0.0712746
0.0650261
0.0482217
0.0587292
0.0479248
0.0464628
0.0571175
0.0504841
0.0556465
0.0453883
0.0607975
0.0549962
0.046541
0.0389903
0.0197777
0.0403724
0.0587751
0.059158
0.104468
0.069509
0.0544439
0.0414074
-2.86661e-05
0.013189
0.0566883
0.0270472
0.0260753
0.00415336
0.0236465
0.021313
0.0171021
0.0200922
-0.00667583
-0.0121175
0.000830636
0.0264279
0.000365218
0.0101817
0.0237665
0.0269057
0.00801772
0.00426792
-0.00806506
-0.00293335
0.0158767
0.0197208
0.0273246
0.0437519
0.0482419
0.0498501
0.0418276
0.0626283
0.0262985
0.0688314
0.0337788
0.0519061
0.0590459
0.056072
0.0282514
0.0356907
0.0296012
0.022285
0.022525
0.0318753
0.0252143
0.0554173
0.0414087
0.0167216
0.0348948
0.0509641
0.0499237
0.0588191
0.0636497
0.0618827
0.0676354
0.0951852
0.110536
0.101886
0.171548
0.229214
0.181363
0.123807
0.0976834
0.122478
0.16189
0.152078
0.139301
0.167119
0.149958
0.138917
0.11655
0.0937492
0.0603364
0.0909514
0.0817093
0.076053
0.0939966
0.0906663
0.0970195
0.0787091
0.085377
0.11025
0.130649
0.107681
0.140536
0.143974
0.19144
0.177885
0.269287
0.252483
0.193758
0.133862
0.140385
0.158855
0.234142
0.257506
0.243172
0.250632
0.248994
0.258278
0.24991
0.234528
0.213362
0.239946
0.250678
0.216154
0.273211
0.285985
0.359909
0.34594
0.350849
0.335281
0.384195
0.362601
0.354776
0.362738
0.356857
0.32559
0.319109
0.309651
0.323041
0.271025
0.295959
0.296972
0.276136
0.287325
0.304183
0.316034
0.36984
0.359791
0.39397
0.3179
0.346339
0.343492
0.353259
0.350747
0.30955
0.334633
0.290323
0.282533
0.281024
0.285824
0.286045
0.336321
0.315184
0.378438
0.359402
0.387493
0.414613
0.379612
0.413375
0.417975
0.386993
0.409305
0.425963
0.330021
0.348321
0.295581
0.282767
0.293282
0.289362
0.272167
0.324418
0.357556
0.342847
0.371463
0.312664
0.335206
0.357332
0.340928
0.323187
0.321639
0.295358
0.238406
0.225156
0.20693
0.247361
0.212187
0.235355
0.26805
0.247867
0.248966
0.29066
0.286256
0.314613
0.312085
0.321018
0.27102
0.313979
0.318811
0.366858
0.360505
0.367311
0.363683
0.336122
0.341636
0.291401
0.281733
0.290429
0.251453
0.272111
0.274554
0.297933
0.274287
0.288108
0.278448
0.254606
0.297508
0.382137
0.385269
0.341289
0.383652
0.367199
0.393539
0.286707
0.280655
0.275136
0.241571
0.255175
0.304958
0.28359
0.33031
0.315127
0.361922
0.365214
0.398069
0.393884
0.335919
0.421458
0.462667
0.380381
0.427332
0.410282
0.332492
0.336132
0.359431
0.359295
0.361496
0.329364
0.400266
0.379933
0.377082
0.339933
0.408874
0.382975
0.358078
0.389061
0.31681
0.336236
0.25644
0.278323
0.263561
0.304397
0.327055
0.343011
0.366985
0.424688
0.451912
0.442022
0.434325
0.42434
0.449647
0.432627
0.437881
0.401701
0.370336
0.379563
0.364757
0.352216
0.318073
0.32911
0.352819
0.385937
0.369877
0.357051
0.368335
0.368204
0.36236
0.353911
0.302097
0.292458
0.280244
0.21021
0.250055
0.250088
0.222537
0.219153
0.243474
0.253811
0.276605
0.303794
0.287791
0.298188
0.327945
0.365499
0.342699
0.377881
0.350372
0.332638
0.320416
0.18263
0.181519
0.176817
0.168368
0.194291
0.193109
0.205564
0.227548
0.188235
0.173428
0.213645
0.241267
0.271643
0.274658
0.303438
0.315658
0.333025
0.345163
0.363005
0.379801
0.382824
0.398866
0.403402
0.403385
0.364577
0.356803
0.331604
0.32107
0.300759
0.273036
0.286906
0.301948
0.341507
0.322039
0.347597
0.318141
0.372303
0.334831
0.363443
0.216519
0.155573
0.157785
0.112526
0.0918216
0.0230631
0.0187443
0.0527821
0.0735973
0.0796848
0.0179946
0.00661178
0.0106583
-0.0106142
0.0137464
0.00994921
0.0211176
0.00928296
0.0309943
0.0514014
0.0629472
0.0555991
0.0304349
0.00132816
0.0224014
0.00590682
0.0227228
0.0186375
0.0473754
0.0451339
0.0471532
0.0472411
0.0561346
0.0395768
0.0475438
0.0335006
0.00971741
0.0402437
0.0253265
0.0100089
0.0164086
0.0404104
0.0399726
0.0451291
0.00360058
0.0073355
0.013419
0.032013
0.0419109
0.0264477
0.0313387
0.00749297
0.0133922
0.00795411
-0.0020744
-0.00191338
0.000857219
-0.0111539
0.0143265
0.0132812
0.0316851
-0.0129229
-0.0185809
0.00901923
0.00478694
-0.0192419
0.0219087
0.0186847
0.010277
-0.00543105
-0.00119621
-0.000142601
0.00396372
0.00199999
-0.00556094
-0.00853042
0.00999125
0.00110104
0.000952053
-0.00372982
0.00693248
-0.00142245
-0.00198881
0.0170057
0.000927849
0.00703145
-0.00678051
0.0204279
0.011646
0.0285109
0.00354354
-0.0126081
0.011056
0.00311847
0.0168398
-0.012196
0.00212434
0.00480425
0.00793245
-0.0150527
0.0229131
0.00469175
0.00799735
0.0121589
0.00511671
-0.00520979
-0.00392043
0.00532417
0.011081
0.0092843
0.00404672
-0.00212657
0.00522954
-0.0111478
-0.0101732
-0.00738471
0.0153833
0.000165294
-0.000645342
-0.00826623
0.00104743
-0.00415238
-0.0147056
-0.0140778
0.0248205
0.0191886
-0.00658568
-0.0172674
0.00966927
-9.36748e-05
-0.0117754
-0.000337299
-0.0133196
0.00709736
-0.0182572
0.00337696
-0.00977281
0.00510309
-0.0104721
-0.0174468
-0.0233075
-0.00296281
0.00444196
0.00575364
0.00889837
0.0145235
-0.00201402
-0.00068875
0.00661673
-0.00395198
-0.00602711
-0.0129362
-0.00827879
0.00807409
0.00410156
-0.000476566
0.00296905
-0.00192546
-0.0131586
-0.0224456
-0.0101958
-0.0145488
-0.0362844
-0.0548642
0.0104629
0.00191827
0.0131908
0.0481429
0.0232391
0.0270832
0.0275298
0.00789016
0.00471993
0.0151123
0.00171976
0.0147056
0.0213616
0.0130274
0.00380506
0.021883
0.00041943
0.00263347
-0.0168778
-0.0204912
-0.0115765
0.00290378
0.0126808
0.0270804
-0.00643129
-0.0129147
0.00131148
-0.00530376
0.00982711
0.0156244
0.0210949
0.00788495
0.0255891
-0.00330269
0.0422392
0.0477491
0.0861223
0.107933
0.149537
0.108244
0.130169
0.13566
0.143802
0.145275
0.164978
0.15956
0.124909
0.117908
0.120001
0.112305
0.151366
0.162505
0.150606
0.178145
0.184377
0.167999
0.172509
0.175687
0.164587
0.112063
0.174786
0.188776
0.182726
0.173369
0.14184
0.131864
0.139604
0.118939
0.208905
0.209468
0.152688
0.196577
0.210956
0.208094
0.259653
0.274631
0.330986
0.298909
0.331012
0.339
0.326203
0.319047
0.291382
0.298905
0.29772
0.296391
0.279465
0.267968
0.274589
0.222135
0.215755
0.183901
0.174346
0.157383
0.167487
0.174857
0.173034
0.208005
0.188118
0.180138
0.232469
0.247175
0.256086
0.27698
0.265705
0.29278
0.286764
0.29167
0.30966
0.305369
0.332129
0.308404
0.338761
0.247783
0.246569
0.239555
0.2046
0.222694
0.242227
0.217891
0.217812
0.227115
0.23329
0.290618
0.278406
0.277129
0.289659
0.29715
0.312908
0.345433
0.313601
0.322991
0.315703
0.3024
0.275395
0.286595
0.27049
0.21424
0.204263
0.264594
0.297439
0.272222
0.257186
0.275266
0.236038
0.29989
0.294417
0.331377
0.318048
0.33964
0.316971
0.32313
0.310254
0.310796
0.287883
0.290228
0.305857
0.251286
0.240687
0.218092
0.226308
0.231306
0.261834
0.216293
0.258208
0.256074
0.251422
0.325481
0.342591
0.337127
0.351851
0.297878
0.349711
0.36329
0.392167
0.368879
0.352181
0.331302
0.294526
0.282053
0.27981
0.269217
0.263891
0.307707
0.304397
0.31185
0.352573
0.340826
0.317794
0.368381
0.325472
0.381134
0.34718
0.335497
0.345705
0.327416
0.336694
0.307483
0.310822
0.287064
0.288733
0.3258
0.33933
0.343295
0.373076
0.349673
0.3843
0.396083
0.365475
0.357033
0.39743
0.342174
0.362883
0.346315
0.297261
0.313791
0.259146
0.302599
0.304176
0.349375
0.328494
0.343804
0.346844
0.37987
0.421364
0.329668
0.367925
0.31747
0.36515
0.360342
0.327762
0.351003
0.285314
0.317392
0.273525
0.305354
0.322879
0.324187
0.34723
0.355557
0.37711
0.421651
0.37806
0.406222
0.359212
0.360678
0.349061
0.325032
0.355599
0.307044
0.312058
0.258607
0.253027
0.289544
0.263013
0.267581
0.273578
0.264794
0.291037
0.311273
0.333789
0.326045
0.29712
0.28355
0.310065
0.285188
0.30926
0.289998
0.299194
0.297831
0.221648
0.261571
0.270239
0.201046
0.246442
0.272285
0.239905
0.203875
0.270959
0.283261
0.318054
0.310261
0.319663
0.335021
0.346269
0.330984
0.365644
0.345242
0.340064
0.343257
0.275798
0.303433
0.244636
0.180325
0.205141
0.207953
0.131906
0.117237
0.137416
0.135285
0.0606865
0.0543188
0.0497719
0.0583596
0.0757975
0.117243
0.131929
0.126957
0.19795
0.231873
0.263874
0.343832
0.284946
0.377642
0.369446
0.377707
0.389829
0.304843
0.350281
0.292777
0.245067
0.25055
0.29563
0.209741
0.217082
0.226537
0.165923
0.191625
0.236429
0.199797
0.199255
0.197986
0.166297
0.169426
0.191462
0.210686
0.223213
0.244189
0.260657
0.250814
0.28093
0.255831
0.237509
0.19075
0.198503
0.262117
0.208583
0.192615
0.190896
0.271292
0.275259
0.184889
0.19634
0.223626
0.161896
0.141433
0.162055
0.103258
0.0863835
0.0835261
0.0839389
0.0668028
0.0566316
0.0611586
0.0318244
0.00585944
0.0260048
0.00053997
-0.00232404
0.00671457
-0.0197853
-0.0328982
-0.0210148
-0.0170507
-0.00954364
-0.0548127
-0.0176417
-0.0155892
-0.0215283
-0.0636781
-0.0420806
-0.0559109
-0.0669007
-0.0482997
-0.0849611
-0.0832948
-0.0656272
-0.0355566
-0.0700763
-0.063079
-0.0692783
-0.0625507
-0.0633088
-0.0827408
-0.0695096
-0.0778307
-0.0930409
-0.0837734
-0.102508
-0.0915345
-0.115713
-0.0937174
-0.0905441
-0.0607127
-0.0537505
-0.079729
-0.0612507
-0.0439596
-0.0282694
-0.0334638
-0.0331175
-0.0187164
-0.0227485
-0.00762312
0.00738331
-0.023593
-0.00856502
-0.00898198
-0.00752185
0.00246996
-0.0245268
-0.0175592
-0.0177215
-0.010423
-0.0356468
-0.0152248
-0.00730346
-0.0119525
-0.0224801
-0.0366772
-0.0311166
-0.0421698
-0.0386482
-0.0139985
-0.0190954
-0.0135761
-0.0432438
-0.0230131
-0.0274821
-0.0237128
-0.0166956
-0.0315308
-0.0149153
-0.0118476
-0.0229061
-0.0171562
-0.0443099
-0.0347649
-0.0432093
-0.0247533
-0.0520455
-0.0462802
-0.0552068
-0.0427291
-0.0442123
-0.0388464
-0.0207199
-0.0435765
-0.0258028
-0.0333568
-0.0475101
-0.0316527
-0.0383571
-0.0649097
-0.0317614
-0.0325572
-0.0150515
-0.0169135
-0.0221745
-0.0288602
-0.0258041
-0.0333202
-0.0451467
-0.0545092
-0.0464662
-0.0436199
-0.050773
-0.0475719
-0.0263559
-0.0186267
-0.0420238
-0.039076
-0.0392848
-0.0411404
-0.0472444
-0.0257707
-0.0186688
-0.0404445
-0.0216394
-0.00428286
0.00936304
0.00294443
-0.00250012
-0.00585699
-0.0143105
-0.00268583
-0.00316247
0.0156567
0.00228438
0.0120139
-0.00169177
0.00408696
-0.000723049
-0.00125834
0.0058494
-0.0129092
-0.0121325
0.00352564
-0.0173674
0.00948327
-0.00721207
-0.00684609
-0.00544303
0.0255269
-0.00630542
-0.00483754
-0.00748081
-0.0139217
-0.0190445
0.00328845
0.0125573
-0.00845979
-0.0221673
-0.00498893
0.0222897
0.00570562
0.004349
0.0130967
-0.00278518
-0.0224073
0.000857651
-0.00299258
0.0116692
0.0025666
0.0018876
-0.00622893
0.017322
0.0193276
0.012986
0.0186229
0.00812453
-0.0104434
-0.012302
0.0103066
-0.00167671
0.00396978
0.0196334
-0.000333466
0.00198226
-0.00100742
-0.000166726
-0.00946145
-0.00272352
-0.0121667
0.00431713
-0.00347913
0.00719141
0.0304214
-0.0238294
-0.00526266
-0.00324988
0.00635259
-0.0185144
-0.00216483
0.000384899
-0.00845104
-0.00707397
-0.00739982
-0.00032831
0.00662625
0.0118553
0.00266359
0.00351601
-0.00925134
0.00781625
0.0185254
0.0104408
-0.0117872
-0.0188219
0.0116401
0.0157074
-0.0139344
-0.00254579
0.00509363
-0.00150601
0.013931
0.000185638
0.0208894
-0.00212302
-0.00177989
-0.00557861
-0.00203427
0.0134902
0.00286164
0.000881549
0.00119967
-0.0109248
0.0102797
-0.0010167
0.00425632
0.000388313
0.00609988
0.0145365
-0.0192109
-0.0025631
-0.00423012
0.0047483
0.00367865
0.0245782
0.0130727
-0.005048
-0.00896293
-0.00153652
-0.0035723
0.0016416
-0.000325648
-0.00534457
