-0.654995
-0.655075
-0.655097
-0.655028
-0.655088
-0.655088
-0.65502
-0.655112
-0.655109
-0.655028
-0.655065
-0.655078
-0.655069
-0.655068
-0.655063
-0.655053
-0.655102
-0.65509
-0.655082
-0.655128
-0.655044
-0.655064
-0.655018
-0.655117
-0.65506
-0.655059
-0.655084
-0.65508
-0.655032
-0.655057
-0.655145
-0.655093
-0.655112
-0.655106
-0.655028
-0.655097
-0.655044
-0.655054
-0.655038
-0.655095
-0.655121
-0.65508
-0.655086
-0.655078
-0.655104
-0.655091
-0.655019
-0.655072
-0.655063
-0.655063
-0.655061
-0.65509
-0.655052
-0.655088
-0.6551
-0.655117
-0.655041
-0.655036
-0.655023
-0.655056
-0.65505
-0.655092
-0.655074
-0.655089
-0.655104
-0.655034
-0.655051
-0.655091
-0.655109
-0.655092
-0.655096
-0.655074
-0.655122
-0.655088
-0.654989
-0.655113
-0.655059
-0.655059
-0.655118
-0.6551
-0.655113
-0.655058
-0.655075
-0.655114
-0.655056
-0.655028
-0.655058
-0.655113
-0.655092
-0.655114
-0.655042
-0.655087
-0.655099
-0.655141
-0.655078
-0.655115
-0.655075
-0.65508
-0.655099
-0.655114
-0.655031
-0.655097
-0.655113
-0.655072
-0.655034
-0.655083
-0.65503
-0.655094
-0.655075
-0.655094
-0.655041
-0.655096
-0.655083
-0.655091
-0.655081
-0.655099
-0.655125
-0.655104
-0.655102
-0.655129
-0.655114
-0.655122
-0.655121
-0.655088
-0.655082
-0.655025
-0.655066
-0.655067
-0.655055
-0.654986
-0.655097
-0.655065
-0.655021
-0.655027
-0.655004
-0.654893
-0.654738
-0.654663
-0.65449
-0.654437
-0.654191
-0.654045
-0.653947
-0.653832
-0.653731
-0.653555
-0.653238
-0.653007
-0.652396
-0.651596
-0.65043
-0.649253
-0.647614
-0.646163
-0.644281
-0.642863
-0.640793
-0.638834
-0.636812
-0.63444
-0.632068
-0.62964
-0.626911
-0.624163
-0.620729
-0.618067
-0.614717
-0.611551
-0.608053
-0.604468
-0.600571
-0.596515
-0.592461
-0.588756
-0.58429
-0.580077
-0.575744
-0.571205
-0.566621
-0.561908
-0.557158
-0.552494
-0.542831
-0.537776
-0.532837
-0.527955
-0.52308
-0.518186
-0.513315
-0.508392
-0.503303
-0.498323
-0.4933
-0.488451
-0.48354
-0.478782
-0.473826
-0.468956
-0.464361
-0.459657
-0.454952
-0.449957
-0.445148
-0.440383
-0.435567
-0.430618
-0.425687
-0.420868
-0.415831
-0.410906
-0.406051
-0.401227
-0.396328
-0.391382
-0.386503
-0.381319
-0.3761
-0.371028
-0.365816
-0.360566
-0.355381
-0.350045
-0.344883
-0.339807
-0.334717
-0.329857
-0.324913
-0.319597
-0.310162
-0.305283
-0.300275
-0.295298
-0.290219
-0.285207
-0.280448
-0.275699
-0.270885
-0.26596
-0.261195
-0.256505
-0.25181
-0.247224
-0.242508
-0.237755
-0.233007
-0.228369
-0.223554
-0.21876
-0.214075
-0.209374
-0.20456
-0.199737
-0.194975
-0.190393
-0.185825
-0.181327
-0.176725
-0.172268
-0.167717
-0.163052
-0.158474
-0.153824
-0.149174
-0.144404
-0.139752
-0.135034
-0.130447
-0.125966
-0.116837
-0.112221
-0.107806
-0.103417
-0.0990003
-0.0944958
-0.0900867
-0.0856566
-0.0813615
-0.0770543
-0.0727058
-0.0684886
-0.0643619
-0.0602152
-0.056174
-0.0521898
-0.0481077
-0.0441367
-0.0400697
-0.0360994
-0.0320573
-0.0280129
-0.0239295
-0.0197523
-0.0156917
-0.0116587
-0.00766114
-0.00356995
0.000345923
0.00444817
0.00851804
0.0127792
0.0169637
0.02132
0.0256786
0.0300914
0.0344951
0.0390505
0.0436325
0.0481516
0.0527034
0.0616902
0.0660923
0.0705764
0.0748893
0.0792089
0.0836658
0.0880776
0.0926086
0.0970039
0.101493
0.105976
0.110327
0.114528
0.118738
0.122942
0.127062
0.131332
0.135613
0.139984
0.144441
0.148794
0.1531
0.15746
0.161988
0.166307
0.170646
0.175091
0.179279
0.1836
0.187964
0.192615
0.197276
0.201965
0.20674
0.211521
0.216484
0.221508
0.226538
0.231704
0.241858
0.246885
0.251894
0.257029
0.262128
0.267242
0.272298
0.277598
0.28289
0.288198
0.293475
0.298629
0.303755
0.308732
0.313713
0.318629
0.323441
0.328138
0.332794
0.337378
0.34197
0.346577
0.351177
0.355636
0.360071
0.364288
0.368376
0.372471
0.376377
0.380336
0.384304
0.388357
0.392245
0.396062
0.399902
0.403737
0.407578
0.411462
0.41541
0.422869
0.426493
0.430008
0.433631
0.436965
0.440441
0.443992
0.447616
0.451279
0.454879
0.458783
0.462496
0.466215
0.470079
0.473741
0.477437
0.481076
0.484617
0.488322
0.491824
0.495262
0.49876
0.502122
0.50553
0.508919
0.512501
0.515832
0.519397
0.52298
0.526541
0.530276
0.534004
0.537755
0.541469
0.544922
0.548549
0.552055
0.555715
0.559498
0.563132
0.566996
0.570737
0.578082
0.581538
0.585231
0.588892
0.592671
0.596576
0.600157
0.603935
0.607808
0.611653
0.615662
0.619734
0.623901
0.628273
0.632614
0.636924
0.64109
0.644572
0.647708
0.650843
0.65389
0.657036
0.659918
0.662802
0.665347
0.66779
0.670101
0.672239
0.674308
0.676266
0.677988
0.679847
0.681805
0.683425
0.685219
0.686873
0.688619
0.690072
0.691707
0.693126
0.694525
0.69733
0.698381
0.699494
0.70048
0.701415
0.702539
0.703944
0.705579
0.707015
0.708419
0.709321
0.710054
0.71088
0.711978
0.71285
0.713474
0.713935
0.714914
0.715627
0.716501
0.717175
0.717223
0.717347
0.717392
0.71745
0.717484
0.717443
0.717468
0.717394
0.717407
0.71725
0.71717
0.717013
0.716825
0.716661
0.716401
0.716263
0.715438
0.714807
0.714235
0.713726
0.713374
0.713316
0.713396
0.713297
0.713162
0.713036
0.712935
0.712839
0.712728
0.712731
0.712691
0.712676
0.712705
0.712742
0.712755
0.712826
0.712846
0.712862
0.712912
0.712904
0.712896
0.712864
0.712801
0.712673
0.712559
0.712314
0.712126
0.712053
0.712115
0.712008
0.711993
0.711981
0.711929
0.711945
0.711839
0.711742
0.711608
0.711528
0.711288
0.711067
0.711073
0.711031
0.711085
0.711156
0.711246
0.711289
0.711388
0.711463
0.71155
0.711716
0.711872
0.712008
0.712197
0.712308
0.712458
0.712538
0.712756
0.712819
0.712926
0.71295
0.713112
0.713362
0.713646
0.714103
0.714507
0.715121
0.715725
0.716508
0.717465
0.718507
0.720783
0.722482
0.724013
0.725527
0.727106
0.72871
0.730441
0.731797
0.733456
0.734991
0.736193
0.737386
0.738795
0.740093
0.74141
0.7428
0.743884
0.745004
0.746368
0.747644
0.749137
0.750446
0.751674
0.75304
0.754353
0.755474
0.756789
0.757873
0.759159
0.760545
0.761372
0.762537
0.763607
0.764518
0.76542
0.766309
0.767357
0.768084
0.768727
0.76945
0.770141
0.771073
0.771271
0.771638
0.771882
0.772092
0.772177
0.772314
0.772234
0.772284
0.772242
0.772159
0.7722
0.772234
0.772233
0.772298
0.772319
0.772269
0.772372
0.77239
0.772462
0.772511
0.772572
0.772651
0.772731
0.773119
0.773194
0.773337
0.773597
0.773733
0.773843
0.773865
0.773904
0.774087
0.774204
0.774436
0.774633
0.774935
0.775288
0.775697
0.776713
0.777176
0.777978
0.778969
0.779774
0.78061
0.781287
0.781937
0.782692
0.783513
0.784423
0.785384
0.786473
0.7877
0.788978
0.790195
0.791429
0.792503
0.793476
0.794672
0.795989
0.797497
0.798855
0.800276
0.801777
0.803202
0.804326
0.805701
0.806958
0.808025
0.809196
0.810069
0.810915
0.811605
0.812421
0.813134
0.813757
0.814335
0.814988
0.81556
0.816064
0.816515
0.816898
0.81717
0.817447
0.818117
0.818487
0.819027
0.819598
0.820537
0.821307
0.82188
0.822158
0.822414
0.822717
0.823119
0.823541
0.823852
0.824119
0.824291
0.824443
0.824476
0.824468
0.824456
0.824472
0.824475
0.824499
0.824384
0.824408
0.824442
0.824395
0.824454
0.824391
0.824413
0.824467
0.824395
0.824406
0.824443
0.824399
0.824276
0.824241
0.824179
0.82402
0.824013
0.823914
0.823832
0.823805
0.823684
0.823559
0.823475
0.823443
0.823454
0.823431
0.823408
0.823319
0.823345
0.823403
0.823417
0.823398
0.823507
0.823535
0.823503
0.823411
0.823365
0.823265
0.823097
0.822906
0.822709
0.822544
0.822452
0.82242
0.822356
0.822252
0.822188
0.821818
0.821561
0.821262
0.820851
0.820344
0.819567
0.818709
0.817421
0.816094
0.814879
0.811783
0.809999
0.80844
0.806833
0.805362
0.804242
0.802947
0.801542
0.800158
0.798818
0.797402
0.79589
0.794294
0.793213
0.792243
0.791358
0.790271
0.789137
0.788136
0.787141
0.786421
0.785748
0.785167
0.784268
0.782756
0.781121
0.779411
0.777501
0.775269
0.773142
0.770956
0.768843
0.766909
0.764742
0.762388
0.760356
0.75818
0.755683
0.753433
0.747131
0.743065
0.73874
0.734202
0.729751
0.725104
0.72065
0.716187
0.711757
0.707195
0.702892
0.69868
0.694136
0.689431
0.684698
0.679806
0.674749
0.669565
0.664087
0.658363
0.652207
0.645794
0.639209
0.632059
0.624826
0.61726
0.609618
0.601837
0.593742
0.585686
0.577276
0.568872
0.560257
0.55173
0.54335
0.534283
0.526126
0.510525
0.501882
0.493485
0.484804
0.476319
0.467849
0.459536
0.451169
0.442807
0.43441
0.42585
0.417399
0.40902
0.400491
0.39206
0.383616
0.374998
0.366695
0.35798
0.349386
0.34072
0.332077
0.323496
0.314947
0.306272
0.29788
0.289451
0.281233
0.273104
0.265007
0.256924
0.248752
0.240742
0.23252
0.224377
0.216208
0.207883
0.199717
0.190622
0.182344
0.174121
0.15849
0.150403
0.142265
0.134247
0.12615
0.118343
0.11054
0.103007
0.0953014
0.087518
0.0797391
0.0718911
0.0640522
0.0560977
0.0480629
0.0401824
0.0321438
0.0240091
0.0156802
0.00742877
-0.000627253
-0.00847776
-0.0162572
-0.023666
-0.0310689
-0.0384424
-0.0456812
-0.0532075
-0.0605944
-0.0682234
-0.075978
-0.0839045
-0.0920199
-0.100251
-0.108813
-0.117321
-0.126173
-0.134792
-0.143604
-0.152266
-0.160983
-0.169501
-0.177925
-0.194757
-0.202964
-0.211077
-0.219051
-0.226882
-0.234759
-0.242284
-0.249922
-0.25731
-0.264747
-0.272084
-0.27916
-0.28619
-0.293137
-0.300172
-0.307207
-0.314268
-0.321517
-0.328468
-0.335619
-0.342845
-0.349869
-0.357049
-0.364139
-0.371155
-0.378224
-0.385302
-0.392305
-0.399388
-0.40653
-0.413794
-0.421024
-0.428445
-0.43549
-0.442503
-0.449454
-0.456416
-0.463538
-0.470894
-0.478328
-0.486887
-0.501899
-0.509842
-0.518086
-0.526197
-0.534697
-0.542875
-0.55101
-0.55933
-0.567482
-0.575562
-0.583639
-0.591892
-0.599885
-0.607476
-0.615167
-0.622492
-0.629732
-0.636579
-0.643057
-0.649333
-0.655322
-0.661185
-0.666792
-0.672293
-0.677828
-0.683516
-0.689135
-0.695124
-0.700867
-0.706682
-0.71251
-0.717911
-0.722911
-0.727976
-0.733078
-0.738344
-0.743526
-0.748845
-0.754214
-0.759521
-0.764826
-0.769953
-0.775268
-0.784184
-0.788379
-0.792473
-0.796704
-0.800672
-0.804679
-0.808825
-0.813147
-0.81756
-0.821914
-0.826572
-0.831269
-0.836148
-0.840853
-0.845453
-0.850045
-0.854684
-0.859576
-0.86463
-0.869949
-0.875505
-0.881344
-0.887441
-0.89391
-0.900546
-0.90765
-0.916386
-0.924532
-0.932672
-0.940981
-0.949568
-0.958164
-0.966635
-0.975568
-0.984249
-0.993336
-1.00203
-1.0109
-1.02825
-1.03655
-1.04458
-1.05241
-1.06011
-1.06771
-1.07508
-1.0821
-1.08885
-1.09553
-1.10197
-1.1082
-1.11393
-1.11927
-1.12444
-1.12942
-1.13404
-1.1386
-1.14314
-1.14768
-1.15204
-1.15627
-1.16052
-1.16486
-1.16902
-1.1733
-1.17772
-1.18198
-1.18626
-1.19065
-1.19506
-1.19935
-1.20372
-1.20821
-1.21257
-1.2169
-1.2212
-1.22533
-1.2296
-1.23367
-1.2414
-1.24522
-1.24867
-1.252
-1.25515
-1.25813
-1.26112
-1.26411
-1.26708
-1.26999
-1.27283
-1.2755
-1.27802
-1.28046
-1.28286
-1.28499
-1.28697
-1.2887
-1.29022
-1.29163
-1.29282
-1.29381
-1.29472
-1.29541
-1.2959
-1.29619
-1.29631
-1.2963
-1.29623
-1.29624
-1.29622
-1.2961
-1.29606
-1.29595
-1.29587
-1.29571
-1.29558
-1.2954
-1.29512
-1.29484
-1.2945
-1.29421
-1.29357
-1.2933
-1.29292
-1.29253
-1.29192
-1.29124
-1.29047
-1.2894
-1.28815
-1.28669
-1.28516
-1.28361
-1.28187
-1.28002
-1.27807
-1.27604
-1.27375
-1.27137
-1.26884
-1.26615
-1.26335
-1.26044
-1.25748
-1.25445
-1.25122
-1.24802
-1.24486
-1.2417
-1.23863
-1.23537
-1.23204
-1.22865
-1.22514
-1.22151
-1.21838
-1.21438
-1.21063
-1.20686
-1.20308
-1.1994
-1.19559
-1.19118
-1.1839
-1.17987
-1.17587
-1.17194
-1.1679
-1.16412
-1.16011
-1.15611
-1.15221
-1.1481
-1.14418
-1.14036
-1.13626
-1.13236
-1.1283
-1.1242
-1.12023
-1.1162
-1.11228
-1.10844
-1.10456
-1.10061
-1.09682
-1.09299
-1.08927
-1.0857
-1.08213
-1.07865
-1.07513
-1.07162
-1.06812
-1.06429
-1.06056
-1.05684
-1.05311
-1.04951
-1.04591
-1.03883
-1.03535
-1.03184
-1.0282
-1.02475
-1.0213
-1.01797
-1.01465
-1.01119
-1.00776
-1.00429
-1.00084
-0.997432
-0.994124
-0.990816
-0.987487
-0.984244
-0.981067
-0.978066
-0.97495
-0.971903
-0.968809
-0.965831
-0.962772
-0.959786
-0.956676
-0.95356
-0.950244
-0.947153
-0.943848
-0.940612
-0.937134
-0.933811
-0.930368
-0.926944
-0.923414
-0.919526
-0.915773
-0.91198
-0.908214
-0.90462
-0.897884
-0.894451
-0.891346
-0.887952
-0.884379
-0.880901
-0.877239
-0.873661
-0.869916
-0.865905
-0.86208
-0.858071
-0.85411
-0.850237
-0.846347
-0.842675
-0.838969
-0.835199
-0.831834
-0.828165
-0.824732
-0.821183
-0.817721
-0.814299
-0.810766
-0.807237
-0.803558
-0.800238
-0.796617
-0.792885
-0.789295
-0.785589
-0.781961
-0.778365
-0.774489
-0.770864
-0.767254
-0.76383
-0.760366
-0.756717
-0.753711
-0.750972
-0.746325
-0.744177
-0.742441
-0.7407
-0.739182
-0.737662
-0.736325
-0.735136
-0.733734
-0.732461
-0.731098
-0.729624
-0.728113
-0.72632
-0.724511
-0.722635
-0.720633
-0.718888
-0.717096
-0.715293
-0.71371
-0.712134
-0.710771
-0.709306
-0.707908
-0.706513
-0.705219
-0.70386
-0.702647
-0.701513
-0.700581
-0.699796
-0.699155
-0.69851
-0.698113
-0.697749
-0.697613
-0.697442
-0.697276
-0.697095
-0.697005
-0.696852
-0.696774
-0.696791
-0.69668
-0.696622
-0.696581
-0.696575
-0.696535
-0.696487
-0.696457
-0.696483
-0.696462
-0.69638
-0.696398
-0.696384
-0.696355
-0.69637
-0.696324
-0.696376
-0.696354
-0.696318
-0.696267
-0.696303
-0.696345
-0.69629
-0.696242
-0.696244
-0.696227
-0.696189
-0.69616
-0.696119
-0.696036
-0.696004
-0.695987
-0.696001
-0.695943
-0.695897
-0.69584
-0.695775
-0.695776
-0.695824
-0.695748
-0.695815
-0.695813
-0.695775
-0.695755
-0.695692
-0.695746
-0.695685
-0.69574
-0.695698
-0.695641
-0.695663
-0.695621
-0.695655
-0.695586
-0.695619
-0.695552
-0.695572
-0.695561
-0.695556
-0.695536
-0.695481
-0.695473
-0.69543
-0.695381
-0.695415
-0.6954
-0.695408
-0.6954
-0.69543
-0.695353
-0.695334
-0.695353
-0.695325
-0.695268
-0.69527
-0.695247
-0.695254
-0.695187
-0.695216
-0.695138
-0.695112
-0.695043
-0.695026
-0.694991
-0.694838
-0.694856
-0.694835
-0.694692
-0.694638
-0.694642
-0.694662
-0.694617
-0.694464
-0.694096
-0.69365
-0.693396
-0.693282
-0.693234
-0.693162
-0.693168
-0.693073
-0.693106
-0.693084
-0.69306
-0.693028
-0.69303
-0.693012
-0.693028
-0.692993
-0.692974
-0.692974
-0.692982
-0.692993
-0.692889
-0.69288
