0.0212327
0.00223129
-0.00648901
0.0147366
-0.00878932
-0.0109863
0.0240429
0.00324985
-0.0110959
0.0192728
0.00703203
-0.00592992
0.0124765
0.0040674
0.0129759
0.011683
-0.00605924
0.00357914
-0.0124606
-0.00811738
0.012
0.00457412
0.00922536
-0.00411981
0.0139755
0.00520898
-0.00744961
-0.00384641
0.0133638
0.014604
-0.0272817
0.002464
-0.013538
-0.0179721
0.00682139
-0.00733511
0.00518643
-0.00382144
-0.00671696
-0.00482553
-0.014726
-0.0105131
0.0120135
-0.00222868
-0.0118787
-0.0122751
0.0196714
-0.00493234
0.00745145
0.0120465
0.0025564
-5.14421e-05
0.0109293
-0.0110378
-0.00463429
-0.00358917
0.00631343
0.0114847
0.0219693
0.00491888
0.0206339
-0.000486697
0.00977988
0.00589559
-0.00998832
0.0128658
0.0112255
0.0016756
0.00179238
-0.00491962
-0.0126034
-0.00254183
-0.0126371
-0.00759514
0.0326302
0.00116771
0.00120674
-0.000215158
-0.00663922
-0.000748659
-0.0189501
0.0015648
0.00926303
-0.0198615
0.00279206
0.0150163
0.0203839
-0.00165942
-0.00293089
-0.0103432
0.00722415
0.00163704
0.0010031
-0.0212076
-0.0122423
-0.00939093
-0.00402763
-0.0173054
-0.00713646
-0.00479476
0.00626999
-0.00238717
-0.0146209
0.00454564
0.0104088
0.00788944
0.0132187
-0.00532963
0.00404433
-0.00191724
0.0188443
0.00311546
-0.00324195
-0.00712877
0.000602599
-0.00449424
-0.00835944
-0.000869544
0.0139097
-0.0123851
-0.0138184
-0.0112649
-0.0181582
-0.00310001
0.00995555
0.0168444
0.00707267
0.0117726
0.00128073
0.0283143
-0.00953577
0.00183778
0.01652
0.0149745
0.0022217
0.0176012
0.0173533
0.0148046
0.00164909
-0.00502708
0.0226524
0.0240745
0.00715374
0.00679104
0.00633631
0.0217661
0.0331994
0.0282557
0.0439596
0.0807478
0.113516
0.118732
0.172112
0.174086
0.189776
0.154318
0.182794
0.171825
0.167923
0.22288
0.232445
0.266817
0.257709
0.26449
0.31715
0.276527
0.333494
0.333201
0.340263
0.376674
0.386689
0.427893
0.405689
0.418002
0.410243
0.433304
0.441087
0.478779
0.439784
0.453939
0.480187
0.491062
0.464023
0.49914
0.498097
0.518599
0.490313
0.471102
0.469541
0.505772
0.530715
0.482794
0.50641
0.517779
0.495835
0.480208
0.472185
0.489339
0.453335
0.464095
0.468509
0.471567
0.497322
0.521679
0.485148
0.471294
0.492589
0.488699
0.51954
0.476482
0.467068
0.485406
0.485568
0.477062
0.470335
0.525776
0.541504
0.531573
0.539637
0.518228
0.499315
0.500897
0.52671
0.524201
0.516138
0.465352
0.466816
0.458052
0.526913
0.500919
0.501018
0.496792
0.503951
0.523677
0.499195
0.46609
0.465038
0.481182
0.487472
0.478043
0.466915
0.465777
0.447193
0.48311
0.486437
0.445173
0.478336
0.502682
0.489343
0.469047
0.458972
0.49092
0.477525
0.475165
0.440317
0.437567
0.478555
0.46918
0.448296
0.456244
0.463799
0.487805
0.466149
0.457165
0.460325
0.490277
0.459834
0.455576
0.447388
0.473798
0.438296
0.422301
0.448746
0.459425
0.461208
0.427137
0.452006
0.425916
0.441961
0.427551
0.410053
0.41274
0.413069
0.418597
0.403779
0.40924
0.414176
0.400608
0.419784
0.413227
0.396059
0.423446
0.397299
0.40391
0.399705
0.384946
0.389314
0.397009
0.386328
0.435182
0.424319
0.42602
0.438639
0.448895
0.41354
0.424987
0.46522
0.471584
0.426768
0.43515
0.437995
0.420342
0.444563
0.429732
0.461696
0.448321
0.460538
0.46087
0.437303
0.437395
0.43461
0.406881
0.41943
0.411138
0.399917
0.443809
0.441141
0.446527
0.447225
0.441427
0.424314
0.435462
0.450479
0.445105
0.428904
0.45647
0.421962
0.460463
0.419992
0.471258
0.488928
0.449523
0.461742
0.471602
0.499786
0.509495
0.49705
0.51165
0.513989
0.517575
0.477731
0.508749
0.529951
0.532737
0.513117
0.53472
0.535509
0.494213
0.521665
0.504537
0.50894
0.502393
0.510077
0.494152
0.480529
0.472136
0.460201
0.457268
0.452489
0.434405
0.452807
0.431718
0.449014
0.435608
0.397171
0.416918
0.40502
0.373293
0.400376
0.435235
0.392729
0.394068
0.388171
0.389355
0.381662
0.366204
0.398231
0.357837
0.355405
0.343585
0.39337
0.342801
0.331997
0.353315
0.35869
0.377386
0.356635
0.40057
0.398259
0.360916
0.368349
0.380437
0.34501
0.375185
0.346865
0.353615
0.360966
0.346359
0.367515
0.318656
0.326474
0.319606
0.354937
0.34268
0.335711
0.37409
0.356119
0.370912
0.387182
0.371595
0.364144
0.33504
0.378098
0.373671
0.351237
0.39831
0.361212
0.397578
0.390179
0.36201
0.348008
0.353648
0.370496
0.369399
0.401983
0.374776
0.35983
0.398729
0.368234
0.393361
0.427119
0.408122
0.413796
0.447438
0.434192
0.340042
0.330597
0.301941
0.313075
0.302255
0.333493
0.29237
0.290482
0.237801
0.224757
0.226299
0.238323
0.187293
0.207169
0.177324
0.164386
0.175664
0.161293
0.178142
0.160826
0.17492
0.152673
0.175122
0.130803
0.108752
0.115612
0.100681
0.114972
0.101423
0.110765
0.123412
0.158493
0.160826
0.123775
0.139067
0.085248
0.0823205
0.0964671
0.118094
0.0639614
0.0564897
0.0392672
0.0877342
0.0957923
0.0745945
0.0189595
0.0120883
0.0186635
0.0116944
0.0222402
0.00492858
0.00305327
0.0155964
0.00249213
0.0124204
-0.0231902
-0.023387
-0.0177159
-0.0124139
-0.0288981
-0.0369297
-0.0435086
-0.063813
-0.0789672
-0.0791989
-0.0359449
-0.0415809
-0.00382047
0.0133069
0.00096311
-0.00378583
-0.00939608
-0.0105826
-0.0100592
0.00104652
0.021696
0.0274425
-0.00365654
0.00475075
0.00589877
-0.0131835
0.0144889
0.017343
-0.00103797
0.0064867
-0.00386642
0.0072431
-0.010125
-0.0103499
-0.0318345
-0.0115212
-0.028027
-0.028796
-0.0182801
0.0165086
0.0084257
0.00675305
-0.00159239
-0.006952
0.0185226
-0.0197008
-0.0221571
0.009321
-0.00770462
-0.0215224
-0.00582636
0.0039446
-0.00978595
0.00214405
0.0033682
0.00570094
0.0139873
0.0160216
0.00867212
0.00742131
0.016606
0.018132
0.00726086
0.0159108
0.00265649
0.0220865
0.000181526
0.0173895
0.0145793
0.00468249
-0.0157904
0.00512959
0.034359
0.0407389
0.0618416
0.0692363
0.0550548
0.0655867
0.0641777
0.0806148
0.107246
0.126171
0.145456
0.15415
0.176312
0.161902
0.158941
0.174583
0.162251
0.16362
0.175737
0.122768
0.109423
0.121109
0.130546
0.128114
0.128501
0.107214
0.103303
0.119605
0.145142
0.118694
0.13142
0.144499
0.129108
0.139325
0.108128
0.130547
0.106411
0.121029
0.106422
0.0785064
0.111581
0.107604
0.0832598
0.0920478
0.0989091
0.106575
0.0790428
0.0429574
0.0495729
0.0594357
0.0492692
0.017754
0.043692
0.017955
0.0398182
0.00618647
0.0164229
-0.00868539
0.00990551
-0.0106335
-0.0247546
-0.00294719
0.00816452
-0.0067351
0.0183143
0.0131797
-0.00658809
0.0112348
0.00447907
0.0145355
0.00600334
0.00487106
0.0095876
0.0268811
0.0547129
0.0271028
0.00220759
0.0389571
0.0274285
0.0141625
0.0081363
-0.00283885
0.00558003
0.0166198
0.0353654
0.0369657
0.00971765
0.0374049
0.0491841
0.0630489
0.0485038
0.0751843
0.106589
0.0637762
0.05852
0.078372
0.0769317
0.077341
0.0863842
0.0910115
0.0820573
0.116613
0.121695
0.116762
0.108529
0.123557
0.126217
0.112751
0.132287
0.108953
0.118485
0.143167
0.128775
0.124367
0.133253
0.129592
0.120904
0.119976
0.104908
0.116441
0.0970326
0.0919403
0.0514487
0.0619783
0.0793517
0.0699509
0.0548426
0.0772912
0.0627211
0.0456605
0.0467328
0.0401787
0.0335469
0.0317626
0.0470237
0.0389658
0.0615628
0.0616201
0.0785801
0.0847221
0.0520231
0.0173296
0.0293475
0.0318305
0.045643
0.0534334
0.0393464
0.0318849
0.0209799
0.00752525
0.00632927
0.00238424
-0.0116369
0.00327209
0.00627492
0.00901808
-0.0133354
-0.0126887
0.016939
-0.000914605
0.0202385
-0.00751185
-0.00198974
0.00777698
-0.0101434
-0.00408537
-0.0126371
0.00817962
-0.0123726
0.00705917
0.0105299
-0.0488303
-0.0275247
-0.0229454
-0.0187975
0.00282015
-0.00474809
-0.0139081
-0.00243643
0.00180366
0.0141863
0.0117531
0.00276162
-0.0105419
0.00619085
0.00982617
-0.0080654
-0.0154973
0.0167659
0.00283327
-0.00246463
0.00180188
-0.00392309
0.00288832
-0.00978594
-0.0208482
-0.0197758
-0.0135984
-0.0106401
0.0111044
0.0035735
-0.025811
-0.010022
-0.0328344
-0.0241854
-0.0357482
-0.0594756
-0.0517377
-0.0711418
-0.0857821
-0.126052
-0.145597
-0.151978
-0.183122
-0.155763
-0.175652
-0.17339
-0.154278
-0.130493
-0.126227
-0.12697
-0.144556
-0.136826
-0.124342
-0.164818
-0.166789
-0.080721
-0.124604
-0.0790279
-0.109385
-0.0988852
-0.106343
-0.102466
-0.0690328
-0.0676459
-0.0672784
-0.102426
-0.16831
-0.186851
-0.176916
-0.212995
-0.217332
-0.202039
-0.210662
-0.22278
-0.177827
-0.228403
-0.254264
-0.196342
-0.218927
-0.223805
-0.237001
-0.389472
-0.418064
-0.458454
-0.494796
-0.438404
-0.466352
-0.44677
-0.462871
-0.421336
-0.437968
-0.431013
-0.423705
-0.444358
-0.484556
-0.49371
-0.501509
-0.498195
-0.495242
-0.531271
-0.593241
-0.620357
-0.656685
-0.647161
-0.700607
-0.720157
-0.772781
-0.754375
-0.777601
-0.807936
-0.816502
-0.848857
-0.831624
-0.85724
-0.844985
-0.846691
-0.806428
-0.80918
-0.845776
-0.878706
-0.845419
-0.877151
-0.853776
-0.834725
-0.818023
-0.842331
-0.82997
-0.840034
-0.846283
-0.868992
-0.825871
-0.875645
-0.822007
-0.834848
-0.864408
-0.836429
-0.871487
-0.873429
-0.855338
-0.862617
-0.856623
-0.839722
-0.859146
-0.825085
-0.857317
-0.821142
-0.810755
-0.79926
-0.833412
-0.814516
-0.802909
-0.837631
-0.808616
-0.820757
-0.814324
-0.828734
-0.811888
-0.844386
-0.807443
-0.830348
-0.801407
-0.794633
-0.808513
-0.82478
-0.7749
-0.762058
-0.765679
-0.771171
-0.752817
-0.789094
-0.790642
-0.786806
-0.789793
-0.781854
-0.793706
-0.787461
-0.811699
-0.836682
-0.837997
-0.79964
-0.785712
-0.774292
-0.72683
-0.742817
-0.74421
-0.713467
-0.761139
-0.745877
-0.770106
-0.766371
-0.819639
-0.806111
-0.814253
-0.860079
-0.869354
-0.893062
-0.86192
-0.879115
-0.844609
-0.882064
-0.851405
-0.844255
-0.862238
-0.816944
-0.825226
-0.768582
-0.777752
-0.800388
-0.766652
-0.758725
-0.72424
-0.739504
-0.722787
-0.716005
-0.667536
-0.666024
-0.700614
-0.721202
-0.698216
-0.711553
-0.679058
-0.719609
-0.727743
-0.726632
-0.715822
-0.705039
-0.689006
-0.711323
-0.730047
-0.715113
-0.722621
-0.726234
-0.717102
-0.693453
-0.717752
-0.685054
-0.69694
-0.693785
-0.704928
-0.704724
-0.737831
-0.760178
-0.78381
-0.805902
-0.790649
-0.846523
-0.793107
-0.845269
-0.833463
-0.812322
-0.833034
-0.835849
-0.802331
-0.800499
-0.832372
-0.796188
-0.753137
-0.744683
-0.761505
-0.690923
-0.703865
-0.635037
-0.607622
-0.644424
-0.56863
-0.569997
-0.577125
-0.549631
-0.552901
-0.556801
-0.592631
-0.577159
-0.572116
-0.576173
-0.523077
-0.523787
-0.503155
-0.525751
-0.509923
-0.510661
-0.524105
-0.528945
-0.556848
-0.534917
-0.520976
-0.491432
-0.466103
-0.441972
-0.407905
-0.429135
-0.406003
-0.364147
-0.407824
-0.453824
-0.470087
-0.429099
-0.484707
-0.501841
-0.490159
-0.434351
-0.46225
-0.500166
-0.483823
-0.479815
-0.499573
-0.542863
-0.578703
-0.612979
-0.623896
-0.660544
-0.680752
-0.752515
-0.883909
-0.843835
-0.771401
-0.864789
-0.893239
-0.844713
-0.863314
-0.858916
-0.888538
-0.924783
-0.895199
-0.831518
-0.845165
-0.826604
-0.77698
-0.781347
-0.767677
-0.744877
-0.726381
-0.674057
-0.6668
-0.650608
-0.634128
-0.590618
-0.549
-0.514723
-0.496462
-0.511228
-0.474249
-0.4841
-0.43412
-0.432553
-0.454742
-0.429858
-0.397934
-0.445479
-0.408339
-0.395031
-0.439587
-0.438632
-0.434671
-0.428744
-0.473467
-0.438968
-0.405913
-0.451035
-0.452295
-0.429992
-0.428787
-0.406904
-0.427873
-0.416753
-0.359336
-0.366325
-0.35214
-0.322389
-0.331274
-0.28448
-0.293718
-0.29273
-0.307595
-0.285894
-0.287665
-0.275742
-0.25749
-0.252497
-0.233932
-0.214751
-0.202555
-0.168716
-0.138901
-0.140998
-0.101841
-0.0862524
-0.0846305
-0.0590393
-0.050343
-0.0225384
-0.0210626
0.00079485
0.0152813
0.00145345
0.00116383
0.0346369
0.0161558
0.00348366
-0.0151783
0.0222383
0.00274816
-0.00289655
0.0279683
0.0246767
0.0214438
0.0116834
0.0367902
0.037425
0.041505
0.0491688
0.0608675
0.0820861
0.0763436
0.101767
0.142036
0.155398
0.160576
0.163523
0.173385
0.195186
0.224742
0.203082
0.243341
0.246901
0.289485
0.276339
0.283845
0.300803
0.289794
0.296348
0.316963
0.309233
0.289335
0.322753
0.302889
0.312391
0.341724
0.353937
0.359369
0.372126
0.322807
0.368774
0.409077
0.369195
0.387292
0.401771
0.364766
0.399787
0.370069
0.409332
0.402111
0.37749
0.422375
0.384816
0.388146
0.415888
0.390695
0.403454
0.397032
0.393506
0.437693
0.397793
0.403049
0.405801
0.394197
0.381392
0.381727
0.387887
0.383089
0.399433
0.401258
0.370773
0.374508
0.362546
0.356853
0.365133
0.352251
0.361173
0.330428
0.369849
0.378905
0.375317
0.383874
0.381324
0.352499
0.334471
0.366428
0.347393
0.357678
0.358224
0.339256
0.342735
0.331304
0.361235
0.3401
0.34317
0.346248
0.339282
0.332104
0.293378
0.337638
0.318921
0.306185
0.305426
0.311079
0.300474
0.32148
0.277983
0.313853
0.301214
0.315606
0.317065
0.335756
0.304907
0.331606
0.360729
0.366218
0.36021
0.343333
0.370286
0.348278
0.39035
0.38515
0.367724
0.38607
0.36712
0.349718
0.334617
0.351837
0.342452
0.363653
0.342731
0.376356
0.369664
0.356782
0.424499
0.38334
0.40018
0.408161
0.362123
0.379775
0.372355
0.337939
0.386029
0.341113
0.361555
0.341858
0.320877
0.351742
0.343474
0.348807
0.338915
0.370449
0.342456
0.332242
0.383542
0.370101
0.357021
0.372753
0.341746
0.388415
0.373257
0.35254
0.346747
0.324402
0.353751
0.323598
0.25326
0.21262
0.222707
0.170041
0.186128
0.145349
0.159574
0.119231
0.104415
0.13388
0.120856
0.132327
0.141583
0.133483
0.165818
0.186365
0.180462
0.214725
0.168665
0.174841
0.19103
0.157429
0.159753
0.160827
0.132855
0.136447
0.135496
0.128995
0.111433
0.118767
0.114238
0.0817137
0.0735835
0.0646655
0.0717115
0.0461292
0.0134035
0.0160712
0.0156932
0.00360347
0.011488
-0.017745
-0.00368258
0.023516
-0.00268444
0.0157368
0.00830585
0.0140087
0.016747
0.00857148
-0.00973452
0.0195572
-0.0121581
-0.0121509
0.0106291
0.000518048
-0.00434691
-0.00664577
-0.00922892
0.00990728
-0.00648732
-0.00105503
0.0068754
0.0173143
-0.00630368
-0.0160336
0.0109852
0.00229524
0.00897482
0.00164274
0.000695583
-0.00544762
-0.00848912
0.0073958
0.0212012
0.017485
-0.00473391
0.000595232
0.0120736
0.00920946
0.0301891
0.0411925
-0.0164837
0.0257508
-0.00173246
-0.0138286
-0.00458619
0.00294732
0.0236913
-0.015783
0.00478544
-0.0146193
-0.0168769
0.00958889
0.000352757
0.0163176
0.00726936
0.0108612
-0.00625033
0.0116719
-0.00186251
-0.0200217
0.011482
-0.0202383
0.0131715
0.000281474
-0.00106218
0.0052653
-0.00525588
-0.00637404
-0.00295882
-0.00614398
-0.017569
0.0018568
0.00827717
-0.0116425
-0.00833742
0.0108977
0.00160142
-0.00161025
0.0120179
0.00489736
-0.00289452
0.00424268
0.00863023
0.0279233
-0.00296044
-0.00612659
0.0263313
0.0171337
-0.00893842
0.0125096
0.00375855
-0.00319852
-0.0137779
-1.59433e-05
0.0155296
0.00710889
0.030371
0.0310621
0.0136758
-0.00434441
0.00504619
-0.0108267
0.0121919
-0.00817021
-0.018702
-0.0094007
0.000447276
-0.00508692
0.00591397
-0.00768154
-0.00327399
-0.00291665
-0.00888764
-0.00286161
-0.01802
0.0103513
0.0101821
