-0.676088
-0.676098
-0.676076
-0.676101
-0.676128
-0.67606
-0.676119
-0.676146
-0.676165
-0.676175
-0.67618
-0.676166
-0.676138
-0.676114
-0.676073
-0.676116
-0.676095
-0.67613
-0.676146
-0.676099
-0.676132
-0.676063
-0.676037
-0.676127
-0.676127
-0.676095
-0.676091
-0.676096
-0.676128
-0.676111
-0.676117
-0.676116
-0.676102
-0.676122
-0.676067
-0.676159
-0.676155
-0.676086
-0.67614
-0.676119
-0.676076
-0.67617
-0.676091
-0.676085
-0.676126
-0.67617
-0.676108
-0.67614
-0.67613
-0.676093
-0.676125
-0.676073
-0.676119
-0.676146
-0.676077
-0.676145
-0.676124
-0.676116
-0.676114
-0.676141
-0.67613
-0.676114
-0.676121
-0.676136
-0.676087
-0.676146
-0.676133
-0.676109
-0.676103
-0.676151
-0.676104
-0.676156
-0.676107
-0.676151
-0.67611
-0.67614
-0.676113
-0.67613
-0.676065
-0.676163
-0.67617
-0.676114
-0.676063
-0.676101
-0.676137
-0.676087
-0.676076
-0.676137
-0.676113
-0.676184
-0.676129
-0.676126
-0.676066
-0.676128
-0.67619
-0.676088
-0.676105
-0.676054
-0.676124
-0.676142
-0.676113
-0.676132
-0.676156
-0.676171
-0.676172
-0.676161
-0.67609
-0.676142
-0.676073
-0.676192
-0.676147
-0.676118
-0.676167
-0.67618
-0.676214
-0.6762
-0.67612
-0.676159
-0.676171
-0.676143
-0.67619
-0.676176
-0.676193
-0.676141
-0.676135
-0.676138
-0.676105
-0.676203
-0.676181
-0.676168
-0.676207
-0.676265
-0.676339
-0.67626
-0.676227
-0.676238
-0.676169
-0.676191
-0.676115
-0.676077
-0.676061
-0.676078
-0.67615
-0.676136
-0.67625
-0.676197
-0.676204
-0.676283
-0.676205
-0.676239
-0.676273
-0.676238
-0.676094
-0.676007
-0.675738
-0.675737
-0.675636
-0.675673
-0.675688
-0.675623
-0.675416
-0.675333
-0.675222
-0.675027
-0.674878
-0.674842
-0.674687
-0.674538
-0.674389
-0.674219
-0.674085
-0.673743
-0.67362
-0.673367
-0.672823
-0.671712
-0.670334
-0.668366
-0.66604
-0.66348
-0.661212
-0.658794
-0.653511
-0.650364
-0.647149
-0.643937
-0.640662
-0.637418
-0.633928
-0.630268
-0.626669
-0.622888
-0.61924
-0.615671
-0.612181
-0.609067
-0.605592
-0.60245
-0.598982
-0.595451
-0.591848
-0.587763
-0.583861
-0.579571
-0.575143
-0.57062
-0.566163
-0.561711
-0.55722
-0.553056
-0.549096
-0.545302
-0.541529
-0.537595
-0.533646
-0.529608
-0.525066
-0.520352
-0.515613
-0.511096
-0.506442
-0.501942
-0.497088
-0.493303
-0.489277
-0.485584
-0.481348
-0.477661
-0.470128
-0.466143
-0.461777
-0.457554
-0.45343
-0.449274
-0.445142
-0.441189
-0.437219
-0.432994
-0.42932
-0.425658
-0.421885
-0.418426
-0.414421
-0.410504
-0.406519
-0.402233
-0.398088
-0.3938
-0.389548
-0.385408
-0.381123
-0.376731
-0.372347
-0.368429
-0.364451
-0.360638
-0.356879
-0.353064
-0.349254
-0.345276
-0.340802
-0.336285
-0.331621
-0.326855
-0.322037
-0.316615
-0.311779
-0.307017
-0.298411
-0.294192
-0.289737
-0.285214
-0.280641
-0.276033
-0.271267
-0.266682
-0.262144
-0.25772
-0.253237
-0.248631
-0.244593
-0.240697
-0.236739
-0.232949
-0.228985
-0.224963
-0.221003
-0.2167
-0.212059
-0.207653
-0.203246
-0.198588
-0.193872
-0.189286
-0.184882
-0.180393
-0.176371
-0.172321
-0.168288
-0.164049
-0.159727
-0.155269
-0.150596
-0.14579
-0.140976
-0.136131
-0.130649
-0.125662
-0.120673
-0.112205
-0.10789
-0.103379
-0.0989662
-0.094559
-0.089671
-0.0843882
-0.079251
-0.0741404
-0.0691382
-0.0642121
-0.0594302
-0.0548629
-0.0506022
-0.0462112
-0.0418723
-0.0373898
-0.0327151
-0.0279622
-0.023293
-0.0186723
-0.0141153
-0.00975418
-0.00525808
-0.000895202
0.00314331
0.00716829
0.0108741
0.0147615
0.018751
0.0229096
0.027272
0.0317544
0.0363954
0.0410743
0.0457879
0.0505118
0.0558242
0.0600458
0.0686775
0.0728556
0.0769805
0.0813157
0.0853952
0.0897586
0.0944327
0.0990353
0.103645
0.108334
0.112966
0.117604
0.122059
0.126217
0.130467
0.134592
0.138564
0.142568
0.146755
0.150873
0.155128
0.159571
0.164049
0.1684
0.172985
0.177493
0.181846
0.186033
0.189971
0.19411
0.197976
0.201932
0.206122
0.21031
0.214683
0.219023
0.223275
0.228163
0.23251
0.240765
0.244878
0.248722
0.252638
0.256133
0.259956
0.263461
0.267103
0.271105
0.274868
0.278725
0.282622
0.286359
0.290131
0.293652
0.296961
0.300522
0.303452
0.306598
0.309354
0.311723
0.314292
0.317017
0.319382
0.321733
0.324366
0.326848
0.329195
0.331778
0.334289
0.336911
0.33953
0.3422
0.344743
0.347285
0.349711
0.352283
0.354714
0.357011
0.359196
0.361317
0.363693
0.366812
0.367899
0.36928
0.370779
0.372305
0.373323
0.374145
0.37468
0.375389
0.37601
0.376956
0.378119
0.379328
0.380608
0.38197
0.383302
0.384925
0.386533
0.388388
0.390452
0.392213
0.393928
0.395677
0.397294
0.399251
0.401
0.402855
0.40479
0.40674
0.408524
0.410399
0.412273
0.413984
0.415727
0.41766
0.41966
0.421723
0.423952
0.426041
0.428135
0.430721
0.435102
0.437019
0.439412
0.442409
0.444897
0.447555
0.450116
0.452895
0.455394
0.457755
0.460075
0.462186
0.464178
0.466112
0.467876
0.469087
0.470393
0.471557
0.473296
0.474515
0.475506
0.477158
0.477599
0.478485
0.478449
0.478534
0.478803
0.479071
0.479414
0.47961
0.47981
0.479981
0.480093
0.480134
0.480208
0.48027
0.480245
0.4804
0.480485
0.480855
0.481006
0.481035
0.481056
0.481087
0.48106
0.481044
0.481085
0.481136
0.481195
0.481373
0.481875
0.482379
0.482759
0.483286
0.483844
0.484358
0.485003
0.485563
0.485975
0.48631
0.486464
0.486599
0.486764
0.486817
0.486832
0.486858
0.486831
0.48683
0.486861
0.486805
0.486795
0.486766
0.486768
0.486779
0.486753
0.486883
0.486807
0.486753
0.48682
0.486779
0.48672
0.486641
0.486673
0.486643
0.48658
0.486608
0.486608
0.486636
0.486584
0.486628
0.486568
0.4866
0.486447
0.486451
0.48628
0.486039
0.486063
0.485695
0.4856
0.485568
0.485471
0.485412
0.485338
0.485153
0.485021
0.484791
0.484585
0.484264
0.483882
0.483611
0.483135
0.482068
0.481533
0.480728
0.479735
0.478799
0.477675
0.47629
0.474894
0.473581
0.472066
0.470449
0.468896
0.467486
0.465955
0.46442
0.462878
0.461485
0.460097
0.458121
0.45665
0.454922
0.453248
0.451229
0.449397
0.447323
0.445213
0.44293
0.440779
0.43829
0.435723
0.432927
0.430335
0.4277
0.425111
0.422377
0.420014
0.417441
0.41459
0.411761
0.408855
0.406229
0.400808
0.397874
0.395458
0.392509
0.389702
0.386988
0.384276
0.381453
0.378669
0.375913
0.373233
0.370473
0.367749
0.364996
0.362298
0.359801
0.357105
0.354408
0.351748
0.348929
0.345768
0.342485
0.338693
0.334965
0.331582
0.327935
0.324289
0.320737
0.317269
0.313614
0.309952
0.306381
0.3026
0.299123
0.295534
0.292153
0.28864
0.284724
0.280772
0.272464
0.267909
0.26364
0.259766
0.25565
0.251658
0.247449
0.243339
0.239342
0.235264
0.231288
0.227319
0.223154
0.218803
0.214345
0.209847
0.205176
0.200613
0.195404
0.190559
0.185718
0.180703
0.175877
0.171343
0.16692
0.162665
0.158078
0.15331
0.148392
0.143426
0.138414
0.133353
0.128311
0.123144
0.118012
0.113027
0.108225
0.103611
0.0988515
0.0939212
0.0887496
0.0836373
0.0784019
0.0730807
0.0677345
0.0569415
0.0516757
0.0463929
0.0410953
0.0361198
0.0308352
0.025453
0.0199114
0.0141623
0.00867546
0.00320119
-0.0025534
-0.00822377
-0.0137435
-0.0191411
-0.0248035
-0.0306428
-0.0365067
-0.0422672
-0.0477635
-0.0530023
-0.0583198
-0.0633588
-0.0682054
-0.072983
-0.0776955
-0.0821202
-0.0866775
-0.0915434
-0.0964933
-0.101362
-0.106273
-0.111162
-0.116122
-0.121005
-0.125748
-0.130462
-0.135034
-0.139547
-0.14883
-0.153629
-0.158533
-0.163634
-0.168925
-0.174031
-0.17924
-0.184758
-0.190457
-0.1963
-0.202517
-0.208842
-0.215084
-0.222092
-0.229309
-0.236644
-0.243401
-0.250308
-0.257026
-0.263333
-0.269425
-0.275467
-0.281577
-0.287378
-0.29262
-0.297412
-0.302526
-0.30789
-0.313013
-0.317983
-0.323186
-0.328571
-0.334118
-0.339996
-0.345745
-0.35151
-0.357365
-0.363202
-0.368928
-0.374507
-0.38462
-0.389134
-0.393753
-0.398394
-0.403171
-0.407831
-0.412351
-0.416774
-0.420895
-0.425223
-0.429632
-0.433986
-0.438907
-0.443899
-0.447622
-0.451919
-0.456486
-0.46117
-0.465747
-0.470305
-0.474923
-0.479019
-0.482957
-0.487047
-0.491143
-0.494983
-0.498839
-0.502712
-0.506287
-0.509659
-0.51318
-0.516606
-0.520212
-0.523958
-0.527637
-0.531339
-0.535351
-0.539423
-0.543527
-0.551894
-0.556091
-0.560435
-0.56446
-0.568221
-0.572381
-0.576336
-0.580355
-0.584689
-0.589132
-0.593641
-0.598162
-0.602819
-0.607347
-0.61196
-0.616625
-0.62112
-0.625574
-0.630284
-0.634905
-0.640137
-0.645706
-0.651697
-0.658178
-0.664613
-0.671414
-0.678456
-0.685562
-0.692612
-0.699507
-0.706593
-0.714042
-0.721653
-0.729393
-0.73707
-0.744877
-0.75252
-0.766911
-0.77412
-0.781431
-0.789076
-0.796634
-0.803995
-0.811032
-0.8179
-0.824695
-0.831664
-0.838851
-0.846017
-0.853042
-0.860142
-0.867296
-0.874198
-0.880861
-0.887503
-0.89419
-0.900981
-0.907845
-0.914909
-0.921971
-0.929078
-0.936117
-0.942883
-0.949739
-0.957061
-0.964477
-0.97188
-0.979206
-0.986675
-0.993859
-1.00089
-1.00797
-1.01512
-1.02245
-1.02984
-1.03715
-1.04442
-1.05158
-1.0652
-1.07189
-1.07838
-1.08526
-1.09204
-1.09871
-1.10532
-1.11185
-1.11818
-1.12454
-1.13093
-1.13698
-1.143
-1.14916
-1.15553
-1.16176
-1.16806
-1.17457
-1.18121
-1.18785
-1.1943
-1.20099
-1.20804
-1.21511
-1.22212
-1.22915
-1.23629
-1.24352
-1.25079
-1.25779
-1.26477
-1.2717
-1.27859
-1.28564
-1.29267
-1.29985
-1.30683
-1.31379
-1.32051
-1.32721
-1.33418
-1.34121
-1.34826
-1.36211
-1.36877
-1.37548
-1.382
-1.38852
-1.39495
-1.40137
-1.4079
-1.41447
-1.42087
-1.42726
-1.43351
-1.43942
-1.44523
-1.45106
-1.45693
-1.46289
-1.4688
-1.47421
-1.48073
-1.48651
-1.49128
-1.49682
-1.50176
-1.5066
-1.51171
-1.51689
-1.52213
-1.52722
-1.5321
-1.53686
-1.54175
-1.54686
-1.55225
-1.55645
-1.56093
-1.56565
-1.57048
-1.57486
-1.57896
-1.58327
-1.59239
-1.59687
-1.60072
-1.60545
-1.60978
-1.61394
-1.61809
-1.6222
-1.62663
-1.63133
-1.63559
-1.64013
-1.64452
-1.64892
-1.65329
-1.6576
-1.66159
-1.66534
-1.66927
-1.67329
-1.6766
-1.68029
-1.68332
-1.68682
-1.68991
-1.693
-1.69553
-1.69858
-1.70114
-1.70353
-1.70546
-1.70761
-1.70922
-1.71113
-1.71249
-1.71387
-1.71524
-1.71665
-1.71744
-1.71823
-1.7189
-1.71957
-1.72005
-1.72088
-1.72131
-1.72157
-1.72189
-1.72212
-1.72213
-1.72229
-1.72236
-1.72225
-1.72228
-1.72237
-1.72232
-1.72232
-1.72236
-1.72233
-1.72235
-1.72238
-1.72232
-1.72233
-1.72229
-1.72211
-1.72193
-1.72191
-1.72191
-1.72192
-1.72196
-1.72204
-1.72218
-1.72223
-1.72217
-1.72211
-1.7221
-1.72189
-1.72165
-1.72137
-1.72091
-1.7204
-1.71982
-1.71909
-1.71859
-1.71803
-1.71727
-1.71652
-1.71566
-1.71454
-1.71374
-1.713
-1.71235
-1.7118
-1.71099
-1.70998
-1.70861
-1.70702
-1.70542
-1.70366
-1.70177
-1.69982
-1.69765
-1.69541
-1.69308
-1.69049
-1.68787
-1.68547
-1.68284
-1.68011
-1.67721
-1.67426
-1.67119
-1.66816
-1.66521
-1.66228
-1.65935
-1.6566
-1.65328
-1.64972
-1.64633
-1.64281
-1.63922
-1.63196
-1.62783
-1.62341
-1.61884
-1.61424
-1.60951
-1.60505
-1.60053
-1.59614
-1.59191
-1.58793
-1.58367
-1.57939
-1.57472
-1.57001
-1.56513
-1.56003
-1.55484
-1.54948
-1.54406
-1.53869
-1.53323
-1.52771
-1.52211
-1.51636
-1.51057
-1.50435
-1.49785
-1.49107
-1.48411
-1.47746
-1.47109
-1.46504
-1.45924
-1.45325
-1.44725
-1.44131
-1.43511
-1.42877
-1.42242
-1.41644
-1.4102
-1.40002
-1.3947
-1.3893
-1.38371
-1.37808
-1.3726
-1.3671
-1.36158
-1.35613
-1.35106
-1.34601
-1.34115
-1.33652
-1.33155
-1.32638
-1.32123
-1.31569
-1.31019
-1.30464
-1.29895
-1.29356
-1.28817
-1.28304
-1.27793
-1.27278
-1.26764
-1.26213
-1.25651
-1.25104
-1.2454
-1.23999
-1.23449
-1.2294
-1.2246
-1.2199
-1.21527
-1.21059
-1.20573
-1.20025
-1.19574
-1.19011
-1.18502
-1.17559
-1.17088
-1.16629
-1.16229
-1.15828
-1.15447
-1.15054
-1.14652
-1.14236
-1.13796
-1.13343
-1.12898
-1.12455
-1.12003
-1.11573
-1.11157
-1.10761
-1.10422
-1.10063
-1.09729
-1.09388
-1.09038
-1.08681
-1.08304
-1.07927
-1.0754
-1.07147
-1.0677
-1.06387
-1.06011
-1.05625
-1.05238
-1.04866
-1.04513
-1.04156
-1.03832
-1.03498
-1.03137
-1.02502
-1.02143
-1.01764
-1.0138
-1.00985
-1.00596
-1.00212
-0.998197
-0.994412
-0.990374
-0.98652
-0.98261
-0.979026
-0.975534
-0.972162
-0.968697
-0.965047
-0.961269
-0.95735
-0.953295
-0.948966
-0.944639
-0.940446
-0.936165
-0.931946
-0.927761
-0.923688
-0.919751
-0.916045
-0.912537
-0.909072
-0.905741
-0.9024
-0.898878
-0.895049
-0.891248
-0.887244
-0.883131
-0.878613
-0.874609
-0.866698
-0.862835
-0.859073
-0.855633
-0.852343
-0.849002
-0.845698
-0.842061
-0.838481
-0.834541
-0.830738
-0.826705
-0.822569
-0.818435
-0.814394
-0.810316
-0.806091
-0.801897
-0.797927
-0.794176
-0.790439
-0.787011
-0.783396
-0.77996
-0.776189
-0.772215
-0.768098
-0.763815
-0.759371
-0.754789
-0.750207
-0.745677
-0.741124
-0.73676
-0.732682
-0.728882
-0.72497
-0.721318
-0.717336
-0.713064
-0.7093
-0.705572
-0.699444
-0.696588
-0.693999
-0.69155
-0.68923
-0.687056
-0.685008
-0.682972
-0.681326
-0.679942
-0.678927
-0.677553
-0.676378
-0.674962
-0.673854
-0.673274
-0.672678
-0.671964
-0.671324
-0.670258
-0.669014
-0.667411
-0.666133
-0.665
-0.664223
-0.663265
-0.662066
-0.660646
-0.659117
-0.65759
-0.656319
-0.654927
-0.653739
-0.652662
-0.651928
-0.651705
-0.651235
-0.650613
-0.650318
-0.649961
-0.649683
-0.649521
-0.649283
-0.649067
-0.649091
-0.648957
-0.648862
-0.648795
-0.64867
-0.648769
-0.648655
-0.64865
-0.648622
-0.648544
-0.648559
-0.648506
-0.648503
-0.648491
-0.648458
-0.648441
-0.648409
-0.648387
-0.648378
-0.648314
-0.648361
-0.648411
-0.648328
-0.648339
-0.648287
-0.648279
-0.648192
-0.648173
-0.64818
-0.648125
-0.648076
-0.648105
-0.648094
-0.648101
-0.64808
-0.648011
-0.648056
-0.648
-0.648018
-0.648011
-0.647962
-0.647996
-0.64795
-0.64797
-0.647992
-0.647972
-0.647967
-0.647928
-0.647924
-0.647906
-0.647906
-0.647808
-0.64784
-0.647839
-0.647767
-0.647741
-0.64768
-0.647555
-0.647396
-0.647114
-0.647048
-0.646922
-0.646896
-0.646829
-0.646807
-0.646779
-0.646771
-0.646804
-0.646764
-0.646711
-0.646777
-0.646607
-0.646569
-0.646581
-0.64654
-0.646583
-0.646575
-0.646573
-0.646595
-0.6466
-0.646553
-0.646537
-0.646511
-0.64638
-0.646251
-0.646053
-0.64597
-0.645831
-0.645577
-0.645332
-0.645103
-0.644961
-0.644869
-0.644702
-0.644512
-0.644501
-0.644311
-0.644175
-0.644079
-0.644077
-0.644073
-0.644082
-0.643991
-0.644033
-0.643961
-0.643863
-0.643826
-0.643847
-0.643786
-0.643771
-0.643757
-0.64373
-0.643743
-0.643692
