0.00291605
0.00436802
0.00997077
-0.0122325
-0.00127274
0.0245242
0.00686232
0.000537764
0.00944716
0.005135
0.00735878
0.00719377
0.00107488
-0.00435332
0.0134281
0.00168396
0.00418447
-0.0169645
-0.00968652
0.0151459
-0.000559583
0.00861373
0.0325955
0.00647276
-0.00207597
0.00310826
0.0112158
-0.00216772
-0.0110409
-0.000808751
-0.0110905
0.000988106
-0.00843485
-0.0062335
0.0126324
-0.0275945
-0.0222526
0.00736372
-0.000382012
-0.00267059
0.0170237
-0.0135914
-0.00473661
0.0103026
-0.0245529
-0.00343905
0.00661638
0.000154018
0.00457923
0.0111433
0.0024831
0.013455
0.0150589
-0.012723
0.00881307
0.00284101
0.00107171
-0.00758171
0.00705136
-0.00958628
0.0026128
-0.00697038
-0.00291265
-0.00742916
0.00638251
0.00731618
-0.00626556
-0.0035991
-0.00505253
-0.00380114
-0.00385918
-0.00196974
-0.00635431
-0.00461194
-0.0125459
-0.0103982
-0.0119137
-0.00341307
0.00513778
-0.021573
-0.0237813
-0.00268925
0.0157733
-0.00352392
0.00379098
0.0155943
0.0149668
-0.0127688
0.000570732
-0.00688307
-0.00520197
0.00679691
0.0157319
-0.00279963
-0.0191297
0.00690473
-0.00719013
0.0170242
0.00928785
-0.0201364
-0.00386959
0.00335859
-0.0209603
-0.0215968
-0.00782863
-0.00486206
0.0114875
-0.00958069
0.00843874
-0.0178451
0.00120065
0.0125573
-0.00934702
-0.00808285
-0.0210579
-0.0083787
0.004424
0.00577191
0.00508094
0.00743248
0.00398678
-0.0154317
-0.00830991
0.00832883
0.00505101
-0.00104458
0.0090774
-0.0353752
-0.00481932
-0.00273862
0.00142295
0.0189305
-0.0184298
-0.00208029
0.0122098
0.0067503
0.0221857
0.0104682
0.00408326
0.020192
-0.0111161
0.0224328
0.0014424
0.010284
-0.0331646
-0.00229715
0.000357462
-0.00885822
0.0243014
0.00629023
-0.00482276
0.00284329
0.0130873
0.013478
0.023032
0.00814674
-0.00670533
-0.0167511
0.00529766
0.0257639
0.0299199
0.0178784
0.00763421
0.0230221
0.0305129
0.0118816
0.0138518
0.0348258
0.0209803
0.00406057
0.00801383
0.0410394
0.0235796
0.0296809
0.0742232
0.131989
0.173479
0.182203
0.23478
0.249702
0.233847
0.266617
0.269417
0.29291
0.303327
0.321626
0.323282
0.3382
0.35059
0.386696
0.371846
0.348805
0.371984
0.364237
0.349758
0.311578
0.35779
0.3317
0.345317
0.373301
0.356742
0.429971
0.404011
0.394798
0.438789
0.470202
0.433558
0.429275
0.490559
0.40664
0.375652
0.389646
0.386434
0.38325
0.398764
0.410322
0.445186
0.463177
0.478858
0.456543
0.465722
0.443237
0.424444
0.39046
0.405652
0.363293
0.382201
0.376853
0.427377
0.408547
0.426449
0.443052
0.440185
0.409423
0.413226
0.412163
0.365067
0.428673
0.38508
0.345168
0.376352
0.355231
0.393111
0.422939
0.384736
0.440774
0.423039
0.457334
0.399006
0.428552
0.435364
0.436592
0.396213
0.389427
0.385226
0.369418
0.40229
0.378559
0.391682
0.395624
0.443203
0.453815
0.461778
0.470488
0.473051
0.512746
0.479599
0.485279
0.474519
0.438837
0.446101
0.465815
0.480383
0.461706
0.478517
0.454989
0.466032
0.458501
0.430748
0.454722
0.424712
0.376484
0.382204
0.423058
0.367408
0.412549
0.423774
0.393504
0.483078
0.468034
0.458457
0.444447
0.486242
0.44862
0.434493
0.412579
0.405261
0.418993
0.382056
0.434799
0.455655
0.439391
0.454187
0.504137
0.510521
0.496107
0.499697
0.484376
0.461292
0.42973
0.412754
0.440716
0.473771
0.439494
0.459221
0.549174
0.528714
0.531271
0.514026
0.472901
0.433664
0.435383
0.422332
0.455349
0.453898
0.461611
0.463543
0.473699
0.462586
0.460899
0.45847
0.411752
0.453872
0.427239
0.398287
0.393391
0.362194
0.399489
0.401583
0.450931
0.425888
0.466622
0.468462
0.48871
0.460616
0.4852
0.483777
0.470989
0.406863
0.440637
0.393081
0.421793
0.436333
0.456895
0.456106
0.45775
0.469871
0.466402
0.461409
0.467469
0.452752
0.421111
0.370505
0.417237
0.420189
0.392236
0.425183
0.427203
0.425195
0.458003
0.45509
0.430771
0.450358
0.441461
0.452057
0.395022
0.366554
0.457656
0.387111
0.395028
0.424203
0.424744
0.436695
0.417284
0.412346
0.455055
0.44279
0.433002
0.41941
0.376241
0.376749
0.374517
0.371687
0.349994
0.371093
0.392161
0.387623
0.358662
0.366283
0.367072
0.352248
0.342107
0.305562
0.337511
0.278973
0.31181
0.258465
0.216002
0.263411
0.271477
0.21597
0.239551
0.250588
0.261285
0.249297
0.26096
0.245782
0.237238
0.263467
0.266193
0.260964
0.261109
0.220203
0.236014
0.252827
0.237239
0.215552
0.193684
0.206693
0.133522
0.104689
0.151258
0.165043
0.146675
0.0856636
0.0934983
0.0450732
0.0811769
0.0650554
0.110346
0.127073
0.11588
0.122488
0.127117
0.140447
0.161793
0.145525
0.187507
0.184346
0.208192
0.15853
0.166264
0.149769
0.206162
0.171309
0.161089
0.212021
0.199133
0.185506
0.176559
0.203783
0.173267
0.195468
0.195878
0.198113
0.233323
0.202098
0.19186
0.23059
0.252609
0.218324
0.210586
0.274588
0.290966
0.246541
0.283985
0.238834
0.28572
0.231832
0.255969
0.216053
0.193601
0.2203
0.179867
0.171846
0.113586
0.129405
0.0834809
0.186681
0.153365
0.0294218
0.150824
0.0782566
0.0479366
-0.00737647
0.0129028
0.0483615
0.0249525
0.0335218
0.0141757
0.0267185
0.0232835
-0.0033196
-0.00114698
-0.00961319
0.0150219
-0.00158401
0.0302257
0.000579603
0.0588635
-0.0227444
-0.00110377
0.00676782
0.00752354
-0.00116129
-0.0178342
-0.0158875
0.0149532
0.0158229
0.0386892
0.065007
0.045426
0.0401465
0.0529661
0.0688216
0.0431315
0.0594925
0.0449564
0.0279094
0.013658
0.00602149
0.000953011
0.0223755
0.00612476
-0.00730677
-0.00401122
0.00312902
-0.0087181
0.00792186
-0.00928301
-0.0113085
-0.0223873
-0.0212712
0.00461377
-0.00125071
0.0141369
-0.0110665
-0.00362241
-0.00650631
-0.00137349
-0.00581988
-0.0206323
-0.0019884
-0.00367611
-0.0160078
-0.00796557
0.00789838
0.00669608
-0.00777678
0.0178703
0.00992374
0.0250948
-0.015632
-0.0111609
-0.00772414
-0.0379469
0.00521235
-0.0406724
0.000160356
0.00499061
0.00414861
-0.0134681
-0.00603282
-0.0198427
-0.0196781
-0.00768746
-0.0184128
-0.0288701
-0.0334154
-0.00690474
-0.0425669
-0.0779959
-0.0632425
-0.0823402
-0.0988221
-0.122448
-0.0987544
-0.109215
-0.153648
-0.12109
-0.158998
-0.148335
-0.148517
-0.148044
-0.158487
-0.163277
-0.17821
-0.14155
-0.126468
-0.214012
-0.171358
-0.142934
-0.170733
-0.175341
-0.168246
-0.20277
-0.22134
-0.244605
-0.239648
-0.244296
-0.265077
-0.270535
-0.238478
-0.26344
-0.293205
-0.247788
-0.225644
-0.279045
-0.288657
-0.300161
-0.300879
-0.265916
-0.290258
-0.306762
-0.217026
-0.331678
-0.22231
-0.256772
-0.259542
-0.26204
-0.262396
-0.266079
-0.280709
-0.262599
-0.296903
-0.273117
-0.234968
-0.258666
-0.273994
-0.26779
-0.254098
-0.312015
-0.345142
-0.342813
-0.372211
-0.380826
-0.31481
-0.383264
-0.380324
-0.367411
-0.374947
-0.328127
-0.35969
-0.353603
-0.382536
-0.361186
-0.322706
-0.302273
-0.337822
-0.389795
-0.430274
-0.425579
-0.490028
-0.396703
-0.339866
-0.431768
-0.41354
-0.390794
-0.426525
-0.415977
-0.38195
-0.4066
-0.41464
-0.408247
-0.472898
-0.472163
-0.43123
-0.447828
-0.467979
-0.541733
-0.450565
-0.494138
-0.523764
-0.488024
-0.448427
-0.452801
-0.450294
-0.470905
-0.46593
-0.502216
-0.532313
-0.515783
-0.514505
-0.470197
-0.479943
-0.502003
-0.529365
-0.500719
-0.463622
-0.446789
-0.488844
-0.547854
-0.544415
-0.519724
-0.540031
-0.530142
-0.525631
-0.517811
-0.549683
-0.521538
-0.541424
-0.526094
-0.52363
-0.56862
-0.567923
-0.540324
-0.536643
-0.568755
-0.569071
-0.552125
-0.554231
-0.569879
-0.593964
-0.597832
-0.560742
-0.55547
-0.526624
-0.525346
-0.503382
-0.447926
-0.456483
-0.465971
-0.461646
-0.457087
-0.454065
-0.488288
-0.490474
-0.520166
-0.492606
-0.462131
-0.492838
-0.490919
-0.483294
-0.442267
-0.438462
-0.49572
-0.494386
-0.455482
-0.480978
-0.540202
-0.529157
-0.557152
-0.597052
-0.581444
-0.591215
-0.683049
-0.60071
-0.64488
-0.742886
-0.759307
-0.705139
-0.629496
-0.677562
-0.644306
-0.621206
-0.586409
-0.607328
-0.595197
-0.579254
-0.476046
-0.473863
-0.524808
-0.531456
-0.527907
-0.486565
-0.533949
-0.550911
-0.556411
-0.621058
-0.60799
-0.594527
-0.574191
-0.58783
-0.564773
-0.541563
-0.434028
-0.454603
-0.515125
-0.481147
-0.436191
-0.457438
-0.491767
-0.451467
-0.37718
-0.43509
-0.461323
-0.415191
-0.490334
-0.386784
-0.38121
-0.462687
-0.40644
-0.485769
-0.468883
-0.449513
-0.459576
-0.41712
-0.416873
-0.401272
-0.412701
-0.36065
-0.366793
-0.405661
-0.357207
-0.350055
-0.331772
-0.34529
-0.35651
-0.374966
-0.35698
-0.366297
-0.394559
-0.416845
-0.398462
-0.44145
-0.389396
-0.450294
-0.408394
-0.366429
-0.408668
-0.426985
-0.40791
-0.43079
-0.469153
-0.430895
-0.438084
-0.496436
-0.492562
-0.459452
-0.445813
-0.453904
-0.453495
-0.47162
-0.487476
-0.5444
-0.580816
-0.5974
-0.662407
-0.670982
-0.705414
-0.708895
-0.720262
-0.686791
-0.659937
-0.708574
-0.772393
-0.775541
-0.763344
-0.772334
-0.769241
-0.745013
-0.708663
-0.732753
-0.73697
-0.776394
-0.751135
-0.735507
-0.696687
-0.671246
-0.682143
-0.72512
-0.746717
-0.734801
-0.696043
-0.691981
-0.710929
-0.679482
-0.671375
-0.689596
-0.69256
-0.691138
-0.65002
-0.704627
-0.705525
-0.706797
-0.695095
-0.690284
-0.687886
-0.713539
-0.758552
-0.76039
-0.741363
-0.740466
-0.717757
-0.702238
-0.737306
-0.730003
-0.715045
-0.740569
-0.744164
-0.72956
-0.712338
-0.649651
-0.652905
-0.647287
-0.672771
-0.698203
-0.655773
-0.651602
-0.628707
-0.652539
-0.623269
-0.612466
-0.612719
-0.620383
-0.628848
-0.662155
-0.634052
-0.622692
-0.656411
-0.654649
-0.667544
-0.636137
-0.638787
-0.718102
-0.72705
-0.701302
-0.7314
-0.712959
-0.709576
-0.702332
-0.693841
-0.727415
-0.720171
-0.682292
-0.692451
-0.675667
-0.727287
-0.713355
-0.722904
-0.684225
-0.653417
-0.695399
-0.69874
-0.680589
-0.708418
-0.667925
-0.644606
-0.624418
-0.639717
-0.629627
-0.624057
-0.642969
-0.666602
-0.647849
-0.626501
-0.61935
-0.579486
-0.560243
-0.587439
-0.580236
-0.577315
-0.584783
-0.591763
-0.598862
-0.597663
-0.527918
-0.500437
-0.509038
-0.480429
-0.498723
-0.515152
-0.530542
-0.528379
-0.522401
-0.479152
-0.472755
-0.524518
-0.616193
-0.431754
-0.392813
-0.439271
-0.46812
-0.438633
-0.409824
-0.40755
-0.452047
-0.446841
-0.405228
-0.466164
-0.431811
-0.414752
-0.436752
-0.426737
-0.43837
-0.419981
-0.4565
-0.442963
-0.435389
-0.42749
-0.437064
-0.420373
-0.395159
-0.411116
-0.393429
-0.35793
-0.337407
-0.349321
-0.326658
-0.32656
-0.315288
-0.320922
-0.264384
-0.273083
-0.231451
-0.239952
-0.194296
-0.215756
-0.189671
-0.166494
-0.135772
-0.124927
-0.145838
-0.113546
-0.0814193
-0.0820476
-0.035262
-0.0701583
-0.0523591
-0.0176579
-0.0325311
-0.00926091
-0.0527193
-0.0185582
-0.0134218
-0.00156202
-0.0159871
0.00936579
0.0267355
-0.00528758
-0.00107143
-0.000667212
-0.00752135
0.00276743
-0.000937246
-0.00898376
0.00574566
0.00260151
-0.0124848
-0.00472226
0.0105367
-0.0102098
-0.00368122
-0.010641
-0.000875239
-0.0233288
-0.0366429
0.00396042
0.0263878
0.0211491
-0.00402563
0.0394839
0.0204604
0.0258668
0.0417775
0.0461389
0.0592565
0.0352363
0.0472002
0.0527701
0.0876406
0.0814719
0.0875671
0.107674
0.0853654
0.0597636
0.0644896
0.0668242
0.110695
0.119867
0.148246
0.16255
0.157479
0.194966
0.188696
0.197928
0.223616
0.20037
0.238796
0.265764
0.270145
0.244919
0.264796
0.278226
0.276709
0.305555
0.290564
0.301666
0.293704
0.296934
0.246817
0.269941
0.321838
0.323479
0.357621
0.345028
0.382727
0.400566
0.421962
0.455903
0.449715
0.460333
0.4741
0.455315
0.415806
0.452883
0.427289
0.396142
0.416974
0.448629
0.454445
0.445998
0.496132
0.531067
0.552598
0.564859
0.551793
0.532283
0.512829
0.556005
0.534417
0.569354
0.58037
0.640508
0.64678
0.647172
0.677324
0.665559
0.619712
0.585386
0.566564
0.594915
0.594979
0.612033
0.629568
0.621636
0.644622
0.591995
0.540066
0.525438
0.539211
0.563137
0.57258
0.546363
0.538952
0.525033
0.51016
0.527036
0.530638
0.508245
0.5163
0.438032
0.471891
0.512411
0.542589
0.596243
0.570975
0.580444
0.5783
0.521457
0.476532
0.479237
0.48236
0.54529
0.550854
0.56689
0.60959
0.539158
0.570609
0.531961
0.517418
0.476014
0.496148
0.496208
0.470946
0.462878
0.50309
0.524475
0.524086
0.496553
0.490747
0.490196
0.467728
0.466348
0.406056
0.384162
0.383674
0.405431
0.414293
0.410886
0.422041
0.455186
0.458353
0.429873
0.442726
0.42211
0.425985
0.397058
0.335166
0.340922
0.320763
0.355592
0.335594
0.374696
0.396872
0.389829
0.392608
0.404982
0.383879
0.365533
0.371163
0.40893
0.387607
0.361805
0.340744
0.35981
0.317236
0.351591
0.325317
0.349897
0.344057
0.39244
0.399166
0.389462
0.41892
0.366576
0.388365
0.378539
0.391643
0.384229
0.385821
0.337083
0.388863
0.309497
0.364677
0.366782
0.389533
0.432061
0.398813
0.4427
0.457893
0.41547
0.407643
0.436636
0.435956
0.376882
0.39135
0.394869
0.340401
0.384305
0.290093
0.335677
0.35361
0.39914
0.403284
0.366669
0.415335
0.427748
0.398235
0.43475
0.362529
0.382746
0.34069
0.327262
0.360619
0.316294
0.379317
0.339186
0.388754
0.405556
0.379161
0.396107
0.439971
0.414237
0.390948
0.431886
0.414513
0.37672
0.403016
0.368731
0.347046
0.339483
0.33971
0.379956
0.411669
0.413847
0.42777
0.447901
0.468545
0.458273
0.440747
0.470496
0.452624
0.37983
0.395145
0.394138
0.347413
0.392665
0.504276
0.266811
0.39234
0.330392
0.258777
0.260957
0.238903
0.224446
0.22596
0.213675
0.209257
0.164593
0.126263
0.121252
0.127368
0.143077
0.147629
0.111764
0.036547
0.0482134
0.0565258
0.0725667
0.122387
0.146643
0.193009
0.104356
0.0980391
0.0534136
0.108271
0.140944
0.169186
0.136427
0.156731
0.134424
0.125624
0.114956
0.110015
0.0392701
-0.0130934
0.0388363
0.0659167
0.0285132
0.0458928
0.0205386
0.0185508
0.0231928
0.0538836
0.00378544
-0.000275102
-0.000873844
-0.00915951
0.0403847
0.00427501
0.0202897
-0.00205496
0.0128175
0.00560226
0.00470388
-0.0105163
0.00731156
-0.0134079
-0.000462142
0.0103048
0.00642234
0.00244707
0.00842796
0.0162016
-0.00180693
-0.0171108
0.0150505
0.000251289
0.00165176
-0.0105054
-0.00135411
0.0128297
-0.00411884
0.00817715
0.0109866
0.000107807
0.00409406
-0.0143557
-0.00165054
0.00824771
-0.00753034
0.0030504
0.010768
-0.00313254
-0.00512012
-0.00218697
0.0189036
0.0120645
-0.0134289
-0.00967149
0.000483857
0.00972189
0.0078434
0.0116563
0.00198047
0.0150101
0.0119526
-0.011352
-0.00568033
-4.3212e-05
0.007343
0.0506044
-0.00629007
0.0313413
-0.00244841
-0.000236316
-0.00935139
0.00790199
0.00109056
0.0116313
4.10246e-05
-0.00291957
0.00188201
0.021819
-0.00338435
0.0168755
0.026037
-0.001939
-0.00760608
0.000942095
-0.000297317
-0.00226716
-0.005669
-0.00653859
-0.000285281
-0.00837403
-0.0202084
-0.00838844
0.00911697
0.0300419
0.0297567
-0.0036608
0.0606681
0.0436335
0.0271222
-0.0126364
0.0195041
0.0281846
0.0229526
0.01076
0.0193394
0.00260899
0.0094572
0.0226726
-0.0118821
-0.0149094
0.00113176
-0.0167665
-0.008255
0.0054972
-0.0177291
-0.0176724
-0.00334096
-0.00833896
0.0105812
-0.000251421
-0.0212586
-0.00153457
