-0.952417
-0.952393
-0.952435
-0.95244
-0.95244
-0.952423
-0.952428
-0.95242
-0.952432
-0.952389
-0.952436
-0.952413
-0.952454
-0.952389
-0.95241
-0.952441
-0.952426
-0.952471
-0.95238
-0.952404
-0.952367
-0.952428
-0.952381
-0.952432
-0.952401
-0.952426
-0.952395
-0.952509
-0.952463
-0.952421
-0.952438
-0.952414
-0.952399
-0.952454
-0.952381
-0.95241
-0.952467
-0.952406
-0.952381
-0.952429
-0.952383
-0.952471
-0.952447
-0.952399
-0.952413
-0.952376
-0.952441
-0.952414
-0.952413
-0.952395
-0.952423
-0.952415
-0.952433
-0.952381
-0.952426
-0.952444
-0.952446
-0.95241
-0.952479
-0.95241
-0.952392
-0.95243
-0.952394
-0.952413
-0.952435
-0.952363
-0.952455
-0.952408
-0.952426
-0.95238
-0.952412
-0.952389
-0.952455
-0.952426
-0.952417
-0.952447
-0.9524
-0.952388
-0.952438
-0.952424
-0.952436
-0.952422
-0.952455
-0.952423
-0.952398
-0.952454
-0.952429
-0.952407
-0.952392
-0.952398
-0.952428
-0.95239
-0.952453
-0.952381
-0.952399
-0.952453
-0.952421
-0.952441
-0.95239
-0.952428
-0.952428
-0.952351
-0.952381
-0.952425
-0.952467
-0.952409
-0.952354
-0.952407
-0.952423
-0.952441
-0.952388
-0.952395
-0.952445
-0.952405
-0.952421
-0.952392
-0.952417
-0.95244
-0.952477
-0.952575
-0.95257
-0.952647
-0.952785
-0.952875
-0.953065
-0.953145
-0.953162
-0.953247
-0.9532
-0.953239
-0.953272
-0.953285
-0.953257
-0.953243
-0.953239
-0.953228
-0.953256
-0.953243
-0.953241
-0.953318
-0.953282
-0.953273
-0.953254
-0.953332
-0.953391
-0.953416
-0.953402
-0.953446
-0.953439
-0.953427
-0.953406
-0.953352
-0.953466
-0.953434
-0.953367
-0.953357
-0.953405
-0.953463
-0.953576
-0.953787
-0.953898
-0.954084
-0.954245
-0.954376
-0.954454
-0.954451
-0.954461
-0.954405
-0.954457
-0.954459
-0.95442
-0.95444
-0.954482
-0.954474
-0.954495
-0.954533
-0.954616
-0.955072
-0.95512
-0.955039
-0.955002
-0.954833
-0.954713
-0.95461
-0.954553
-0.954441
-0.954249
-0.953915
-0.953287
-0.952273
-0.951209
-0.949736
-0.948191
-0.94622
-0.944073
-0.941611
-0.938672
-0.935473
-0.931787
-0.927913
-0.923584
-0.918545
-0.913084
-0.907343
-0.901214
-0.894865
-0.888285
-0.881342
-0.873964
-0.8662
-0.858439
-0.850591
-0.842793
-0.827346
-0.819424
-0.811448
-0.803135
-0.794785
-0.786309
-0.777923
-0.769645
-0.76165
-0.753694
-0.746044
-0.738277
-0.730704
-0.723048
-0.715355
-0.707643
-0.699911
-0.692089
-0.684097
-0.676388
-0.668752
-0.661289
-0.654058
-0.646761
-0.639349
-0.631614
-0.623783
-0.615637
-0.607636
-0.599688
-0.592036
-0.584627
-0.577343
-0.569772
-0.562283
-0.554843
-0.547184
-0.539374
-0.531929
-0.524693
-0.511259
-0.504357
-0.497797
-0.491184
-0.484542
-0.477998
-0.471465
-0.465042
-0.458834
-0.452593
-0.446509
-0.440461
-0.4345
-0.428607
-0.422528
-0.416446
-0.410401
-0.404331
-0.398407
-0.392546
-0.386928
-0.381433
-0.376261
-0.371363
-0.366499
-0.361511
-0.356294
-0.351059
-0.345854
-0.340861
-0.33604
-0.331521
-0.327107
-0.323211
-0.319242
-0.310928
-0.306797
-0.302593
-0.298705
-0.295119
-0.29159
-0.288647
-0.285733
-0.2829
-0.279978
-0.277025
-0.273878
-0.270916
-0.267848
-0.265013
-0.26225
-0.259499
-0.256697
-0.253989
-0.251273
-0.248414
-0.245517
-0.242443
-0.239494
-0.236442
-0.233594
-0.230664
-0.227829
-0.224777
-0.221953
-0.218776
-0.215722
-0.212256
-0.209004
-0.205476
-0.202108
-0.198711
-0.195128
-0.191543
-0.187733
-0.184041
-0.176191
-0.172319
-0.16835
-0.1644
-0.160622
-0.156784
-0.152894
-0.149265
-0.145719
-0.142327
-0.139203
-0.136129
-0.133237
-0.130412
-0.127592
-0.12488
-0.121951
-0.119015
-0.116035
-0.113002
-0.109846
-0.106828
-0.103546
-0.100205
-0.0967176
-0.0930276
-0.0894162
-0.0856443
-0.0817544
-0.0779058
-0.0739592
-0.0699903
-0.0658695
-0.0618336
-0.0576984
-0.0536392
-0.0495939
-0.0419566
-0.0382756
-0.0346335
-0.0310067
-0.0275509
-0.0239562
-0.0205864
-0.017308
-0.0141179
-0.0109079
-0.00781039
-0.00472045
-0.00159129
0.00131744
0.0042254
0.0073314
0.0101697
0.0130515
0.0159245
0.0187553
0.0217155
0.0247908
0.0278567
0.0311355
0.0343499
0.0376801
0.0409691
0.0444253
0.0476997
0.051145
0.0545505
0.0578671
0.0615224
0.0649822
0.068696
0.0723278
0.0758675
0.0832203
0.0869773
0.0904868
0.0939656
0.0975635
0.101109
0.104693
0.108116
0.111552
0.11503
0.118368
0.121668
0.124856
0.127932
0.131011
0.133997
0.137049
0.139965
0.142929
0.145676
0.148518
0.151291
0.154318
0.157193
0.160291
0.16349
0.166867
0.170284
0.173855
0.177264
0.180941
0.184665
0.188439
0.192551
0.196772
0.201103
0.210704
0.215588
0.220627
0.225698
0.230527
0.235132
0.239682
0.244397
0.249105
0.25399
0.258954
0.263894
0.26883
0.273406
0.277753
0.282068
0.28624
0.290229
0.29428
0.29835
0.302297
0.306206
0.310131
0.314022
0.317973
0.321883
0.325741
0.329838
0.33391
0.338009
0.342223
0.346525
0.350849
0.35537
0.359805
0.364489
0.369415
0.37457
0.385627
0.391248
0.396607
0.402205
0.407678
0.413313
0.418846
0.424413
0.430008
0.435333
0.440418
0.445483
0.450491
0.455662
0.460886
0.466271
0.471466
0.476463
0.481065
0.48534
0.48952
0.493765
0.498113
0.502542
0.507067
0.511499
0.515861
0.520159
0.524244
0.528211
0.532181
0.536107
0.540073
0.544088
0.548247
0.55235
0.556396
0.563939
0.567493
0.570733
0.57386
0.577027
0.580239
0.583639
0.587061
0.590701
0.59411
0.597697
0.601082
0.604314
0.607655
0.610986
0.614562
0.618164
0.622114
0.6261
0.629985
0.633876
0.637599
0.641344
0.645258
0.649192
0.653285
0.657524
0.661593
0.665501
0.669228
0.672632
0.675853
0.678605
0.681442
0.686536
0.689071
0.69165
0.694162
0.696399
0.69871
0.700766
0.702905
0.705284
0.707786
0.710691
0.713554
0.716517
0.719322
0.721895
0.724628
0.727595
0.731016
0.734457
0.737944
0.74171
0.745331
0.749095
0.75248
0.756087
0.75978
0.76339
0.767131
0.770508
0.774044
0.777396
0.780487
0.783708
0.786783
0.78957
0.792243
0.793917
0.795926
0.798632
0.800406
0.802097
0.803932
0.805926
0.807537
0.808876
0.809831
0.810364
0.810667
0.811027
0.811244
0.811414
0.811421
0.811419
0.811355
0.811405
0.811441
0.811366
0.811405
0.811362
0.811321
0.811284
0.811298
0.811188
0.811143
0.811038
0.810918
0.810821
0.810658
0.810522
0.810371
0.810327
0.8102
0.810073
0.809982
0.809878
0.809784
0.809818
0.809818
0.809779
0.809806
0.809817
0.809754
0.809786
0.809804
0.809809
0.80979
0.809738
0.809761
0.809757
0.809817
0.809726
0.809816
0.809806
0.809756
0.80978
0.809753
0.809782
0.809796
0.80982
0.809839
0.809835
0.809799
0.809791
0.809761
0.809787
0.809798
0.809723
0.809733
0.809757
0.809759
0.809789
0.809808
0.809784
0.809851
0.809788
0.809797
0.809848
0.809834
0.809818
0.809845
0.809818
0.809871
0.809855
0.809854
0.809855
0.809894
0.80989
0.809869
0.809836
0.809849
0.809853
0.809886
0.809841
0.809854
0.809863
0.809882
0.809884
0.809909
0.809974
0.809979
0.810099
0.810218
0.810256
0.810405
0.810604
0.810788
0.811021
0.811236
0.811443
0.811648
0.811734
0.811847
0.812227
0.812541
0.81302
0.813878
0.815144
0.816422
0.818092
0.819645
0.821154
0.822649
0.824426
0.826361
0.829185
0.832697
0.836479
0.840297
0.84478
0.84952
0.854639
0.858899
0.86334
0.868033
0.872788
0.877667
0.881944
0.885347
0.889086
0.892188
0.895069
0.897782
0.900747
0.903568
0.906639
0.913406
0.917059
0.920921
0.924907
0.928558
0.93276
0.936648
0.940517
0.944458
0.94877
0.952508
0.956009
0.959637
0.963469
0.967097
0.970935
0.973854
0.97704
0.980125
0.983387
0.986778
0.990203
0.99362
0.997127
1.00079
1.00454
1.00842
1.0121
1.01581
1.01968
1.02341
1.02722
1.03148
1.03514
1.03901
1.04276
1.04995
1.05376
1.05749
1.06151
1.06468
1.06785
1.071
1.07396
1.07708
1.07996
1.08282
1.08564
1.08833
1.09083
1.09316
1.09515
1.09676
1.09836
1.10027
1.10171
1.10301
1.10453
1.10591
1.10832
1.10945
1.10987
1.11048
1.11091
1.11082
1.11072
1.11061
1.11059
1.11047
1.11047
1.11029
1.10987
1.10937
1.10896
1.10826
1.10759
1.10665
1.1058
1.105
1.10432
1.10363
1.10271
1.1017
1.1004
1.09898
1.09741
1.09578
1.09398
1.09203
1.09019
1.08791
1.08567
1.08309
1.08021
1.07721
1.07413
1.07086
1.0674
1.06369
1.0596
1.05556
1.05148
1.04733
1.04314
1.03902
1.03435
1.03026
1.02611
1.01858
1.01467
1.01098
1.0077
1.00424
1.00112
0.997887
0.994922
0.991885
0.988949
0.985883
0.982856
0.979648
0.976347
0.972834
0.969175
0.965436
0.961561
0.957665
0.953312
0.948848
0.944211
0.939479
0.934567
0.929686
0.924679
0.919576
0.914464
0.909313
0.904204
0.899214
0.894041
0.889056
0.88415
0.878352
0.873225
0.863518
0.858537
0.853434
0.848576
0.84343
0.838235
0.832893
0.827405
0.82171
0.816098
0.810495
0.804842
0.799289
0.793888
0.788242
0.782506
0.776796
0.770794
0.764731
0.758594
0.752166
0.745756
0.739403
0.733023
0.726574
0.720197
0.713727
0.707098
0.700134
0.693262
0.686297
0.679477
0.672451
0.665572
0.659006
0.652475
0.645432
0.633215
0.632554
0.620149
0.613438
0.60681
0.600208
0.594014
0.587945
0.582216
0.577217
0.572478
0.567614
0.562985
0.558614
0.55447
0.550229
0.545833
0.541723
0.537351
0.532772
0.527917
0.522902
0.517494
0.511612
0.505621
0.499242
0.492715
0.486179
0.479729
0.473276
0.467004
0.46075
0.45452
0.448224
0.441985
0.435679
0.429353
0.422849
0.41604
0.409842
0.403688
0.393298
0.388202
0.383553
0.379604
0.375654
0.372139
0.368778
0.36564
0.362609
0.359847
0.35719
0.35459
0.352431
0.350026
0.348021
0.345513
0.343475
0.341313
0.339398
0.337297
0.335555
0.333566
0.331458
0.329362
0.326919
0.324567
0.322613
0.320837
0.319141
0.317483
0.315955
0.314649
0.313214
0.311941
0.310692
0.309349
0.308241
0.3061
0.305976
0.303626
0.302087
0.300973
0.29962
0.298249
0.296902
0.295522
0.294221
0.292824
0.291301
0.289618
0.28777
0.28613
0.284346
0.282612
0.280931
0.2793
0.277571
0.276353
0.275422
0.274486
0.273908
0.273462
0.27319
0.273128
0.272756
0.271818
0.270523
0.269159
0.267653
0.265828
0.263828
0.261774
0.258961
0.256982
0.255326
0.253306
0.251283
0.249666
0.24804
0.246904
0.245825
0.24476
0.24377
0.243212
0.242746
0.242505
0.242167
0.241529
0.240739
0.23952
0.238007
0.236615
0.23522
0.233705
0.232378
0.231422
0.230203
0.229126
0.227904
0.226828
0.225669
0.224407
0.222855
0.22126
0.219781
0.218402
0.216872
0.215321
0.213622
0.21194
0.208436
0.206663
0.204842
0.202991
0.201055
0.199042
0.196836
0.194369
0.192081
0.189534
0.187088
0.18432
0.181387
0.178342
0.175029
0.171715
0.168347
0.165098
0.162034
0.158767
0.155497
0.151831
0.147967
0.143693
0.1389
0.133774
0.128552
0.123364
0.117945
0.112782
0.10827
0.103969
0.099911
0.0960298
0.0923107
0.0884273
0.0845002
0.0762897
0.0719867
0.067591
0.0629957
0.0581603
0.0534874
0.0486355
0.0437642
0.038753
0.0338155
0.028807
0.0236453
0.0186239
0.0135294
0.00846812
0.0034821
-0.00134679
-0.00618941
-0.0108721
-0.0153884
-0.0197553
-0.0242798
-0.0290191
-0.0338246
-0.0387625
-0.0439189
-0.0491348
-0.0545039
-0.060039
-0.0656087
-0.0711351
-0.0767467
-0.0823589
-0.0879101
-0.0934902
-0.0991899
-0.110553
-0.116128
-0.121682
-0.126983
-0.132178
-0.13717
-0.141827
-0.14627
-0.150554
-0.154606
-0.158369
-0.162224
-0.165944
-0.169578
-0.173281
-0.176863
-0.180495
-0.183934
-0.187564
-0.190972
-0.194172
-0.197472
-0.200723
-0.204002
-0.207018
-0.210091
-0.212909
-0.215671
-0.218158
-0.220605
-0.222828
-0.225129
-0.228942
-0.230761
-0.232643
-0.234484
-0.235972
-0.237277
-0.23871
-0.239836
-0.241586
-0.243337
-0.245068
-0.24651
-0.248113
-0.249903
-0.251957
-0.253926
-0.25576
-0.257528
-0.258707
-0.259611
-0.260435
-0.261093
-0.261537
-0.261609
-0.261498
-0.261287
-0.261144
-0.260865
-0.260709
-0.260435
-0.259981
-0.259543
-0.259225
-0.259094
-0.259075
-0.259055
-0.259081
-0.259325
-0.260437
-0.261647
-0.263116
-0.26476
-0.266706
-0.269341
-0.272209
-0.275273
-0.278683
-0.282106
-0.285266
-0.288676
-0.291999
-0.295319
-0.298413
-0.301415
-0.304126
-0.306784
-0.308993
-0.311145
-0.313183
-0.315043
-0.316971
-0.318875
-0.320623
-0.322343
-0.323857
-0.324979
-0.326101
-0.327163
-0.328396
-0.329701
-0.331088
-0.332714
-0.3344
-0.33843
-0.340652
-0.342994
-0.345135
-0.347423
-0.349597
-0.351499
-0.353722
-0.355724
-0.357704
-0.359857
-0.361951
-0.364008
-0.366101
-0.368024
-0.369814
-0.371587
-0.373306
-0.374979
-0.376653
-0.378426
-0.380104
-0.381962
-0.383778
-0.385843
-0.387923
-0.390224
-0.392537
-0.394976
-0.397455
-0.399872
-0.402259
-0.40456
-0.406924
-0.409229
-0.411547
-0.413884
-0.416414
-0.419051
-0.424177
-0.42655
-0.428983
-0.431363
-0.433699
-0.436207
-0.43882
-0.441689
-0.444711
-0.447853
-0.451275
-0.455028
-0.458858
-0.462724
-0.46705
-0.471408
-0.475899
-0.480475
-0.485442
-0.490515
-0.495789
-0.501084
-0.506509
-0.51168
-0.51681
-0.521354
-0.526343
-0.53083
-0.535214
-0.539591
-0.544202
-0.548876
-0.553262
-0.557615
-0.562416
-0.567236
-0.576493
-0.581347
-0.586119
-0.590579
-0.595013
-0.599316
-0.60339
-0.60744
-0.611534
-0.615594
-0.619682
-0.623661
-0.627475
-0.631472
-0.634983
-0.638404
-0.641703
-0.644792
-0.647802
-0.650558
-0.653404
-0.65604
-0.658578
-0.661221
-0.663573
-0.666054
-0.668332
-0.670493
-0.67263
-0.674351
-0.675883
-0.677312
-0.678509
-0.679605
-0.680552
-0.68131
-0.682109
-0.682299
-0.682405
-0.6825
-0.68249
-0.682437
-0.682379
-0.682166
-0.681854
-0.681685
-0.681291
-0.680938
-0.680486
-0.680019
-0.679577
-0.679312
-0.679248
-0.679158
-0.679008
-0.678872
-0.678782
-0.678691
-0.678648
-0.678608
-0.678481
-0.678305
-0.677994
-0.677676
-0.677367
-0.677014
-0.676506
-0.676
-0.675586
-0.675153
-0.675059
-0.675025
-0.675028
-0.675033
-0.67506
-0.675164
-0.675198
-0.675338
-0.67553
-0.675743
-0.675906
-0.676246
-0.676529
-0.676778
-0.677052
-0.677181
-0.677409
-0.677588
-0.677847
-0.678149
-0.67855
-0.678958
-0.679465
-0.680037
-0.680667
-0.681269
-0.68203
-0.682887
-0.683672
-0.68451
-0.685441
-0.686707
-0.68789
-0.689206
-0.690746
-0.692213
-0.693788
-0.697468
-0.699397
-0.701405
-0.703437
-0.705519
-0.707726
-0.710058
-0.712376
-0.714873
-0.717527
-0.720166
-0.722929
-0.725508
-0.72808
-0.730522
-0.732969
-0.735415
-0.737618
-0.739763
-0.741703
-0.743405
-0.74499
-0.746349
-0.747641
-0.748865
-0.749959
-0.751165
-0.752235
-0.753375
-0.754401
-0.755324
-0.756383
-0.757438
-0.758499
-0.759456
-0.760463
-0.762282
-0.763043
-0.763749
-0.764458
-0.765181
-0.765897
-0.766566
-0.767159
-0.767544
-0.768114
-0.768645
-0.769275
-0.769854
-0.770847
-0.771767
-0.772999
-0.773637
-0.775463
-0.777035
-0.778593
-0.780137
-0.782077
-0.784005
-0.78596
-0.78813
-0.790469
-0.79281
-0.795436
-0.798072
-0.800843
-0.803542
-0.806383
-0.809204
-0.811906
-0.814759
-0.81956
-0.821964
-0.824473
-0.824732
-0.82945
-0.831947
-0.834405
-0.836996
-0.839445
-0.841835
-0.844392
-0.846738
-0.849046
-0.851238
-0.853277
-0.855329
-0.857152
-0.858994
-0.860895
-0.862694
-0.864374
-0.865956
-0.867387
-0.868691
-0.869728
-0.870728
-0.871779
-0.872862
-0.873928
-0.87519
-0.876404
-0.877857
-0.879317
-0.880635
-0.883044
-0.883959
-0.884449
-0.884497
-0.884515
-0.884548
-0.884516
-0.884422
-0.884382
-0.884426
-0.884471
-0.884473
-0.884786
-0.885551
-0.886895
-0.887513
-0.888589
-0.890106
-0.891711
-0.89366
-0.895691
-0.897583
-0.899595
-0.901107
-0.902555
-0.903777
-0.904796
-0.905823
-0.90664
-0.907848
-0.908925
-0.910271
-0.91188
-0.913649
-0.915797
-0.917987
-0.920194
-0.922771
-0.925286
-0.930355
-0.932653
-0.934876
-0.936893
-0.938957
-0.941111
-0.943192
-0.945273
-0.947771
-0.950359
-0.953073
-0.955747
-0.958346
-0.960694
-0.962909
-0.965073
-0.967301
-0.969418
-0.971957
-0.974515
-0.977484
-0.980372
-0.983497
-0.986476
-0.989726
-0.992736
-0.995385
-0.998001
-1.00053
-1.00286
-1.00521
-1.00789
-1.01017
-1.0126
-1.01694
-1.01937
-1.02143
-1.02339
-1.02525
-1.02703
-1.02875
-1.03056
-1.03238
-1.03424
-1.03626
-1.03825
-1.04007
-1.04204
-1.04401
-1.0459
-1.04781
-1.04971
-1.05139
-1.05333
-1.05514
-1.05702
-1.05883
-1.06096
-1.06264
-1.06452
-1.06638
-1.06831
-1.06963
-1.07121
-1.0729
-1.07426
-1.07564
-1.07719
-1.07857
-1.07981
-1.08123
-1.08372
-1.08505
-1.08615
-1.08718
-1.08818
-1.08928
-1.09039
-1.09139
-1.09239
-1.09307
-1.09373
-1.09449
-1.09494
-1.09557
-1.09616
-1.0967
-1.09718
-1.0976
-1.09828
-1.09892
-1.09948
-1.10019
-1.10125
-1.10272
-1.10371
-1.10464
-1.10577
-1.10722
-1.10879
-1.11039
-1.112
-1.11369
-1.1155
-1.11707
-1.11864
-1.12032
-1.12177
-1.12328
-1.12477
-1.12775
-1.12941
-1.1308
-1.13239
-1.1337
-1.13485
-1.13584
-1.13697
-1.13777
-1.1388
-1.13959
-1.14029
-1.1411
-1.14184
-1.14254
-1.14309
-1.14346
-1.1438
-1.14387
-1.14393
-1.14394
-1.14385
-1.14394
-1.14404
-1.144
-1.14404
-1.14407
-1.14414
-1.14421
-1.14423
-1.1446
-1.14487
-1.14499
-1.1451
-1.14531
-1.14575
-1.14602
-1.1471
-1.14785
-1.14846
-1.14917
-1.15009
-1.15099
-1.15185
-1.15362
-1.15445
-1.15547
-1.15668
-1.15719
-1.15777
-1.15822
-1.15837
-1.15835
-1.15835
-1.15826
-1.15825
-1.15811
-1.15802
-1.15796
-1.15794
-1.15785
-1.15772
-1.15761
-1.15753
-1.15742
-1.1574
-1.15737
-1.15736
-1.15727
-1.15713
-1.15705
-1.15682
-1.15658
-1.15605
-1.15543
-1.15474
-1.15406
-1.15345
-1.15181
-1.1508
-1.14958
-1.14816
-1.14656
-1.14452
-1.14229
-1.14042
-1.13813
-1.1372
-1.1372
-1.1372
-1.1372
-0.978817
-0.977031
-0.97491
-0.974265
-0.973912
-0.973636
-0.973175
-0.972263
-0.971349
-0.97031
-0.969073
-0.967794
-0.966782
-0.965666
-0.964401
-0.963056
-0.962488
-0.962488
-0.962488
-0.962488
-0.94946
-0.94946
-0.94946
