0.00568497
0.00704654
0.00869166
0.00863561
0.00743557
0.00981589
0.00687181
0.00645642
0.00956533
0.0068883
0.00984227
0.00676961
0.00982579
0.00577069
0.0064696
0.00843121
0.00814438
0.0113391
0.00847736
0.00791031
0.00517727
0.00583992
0.00534541
0.00697731
0.00725754
0.00639708
0.00669708
0.0112698
0.00846418
0.00821691
0.00823669
0.00809493
0.006374
0.00849715
0.00557618
0.00924883
0.00652235
0.00857957
0.00471572
0.00934774
0.00842791
0.00902794
0.00863891
0.00801581
0.00844769
0.00363769
0.0103632
0.00936752
0.00827296
0.00814438
0.00838835
0.00769931
0.00770591
0.00717182
0.00744546
0.00728062
0.00842461
0.00766964
0.00924553
0.00933455
0.00780481
0.00570146
0.00852352
0.0082301
0.00848066
0.00759381
0.00891255
0.00759052
0.0104324
0.00789053
0.00652565
0.00845429
0.0103434
0.00773228
0.00787404
0.00665752
0.00977633
0.00335747
0.00962467
0.0101522
0.00947961
0.00743557
0.00962797
0.00881035
0.00705643
0.00796635
0.00576739
0.0069839
0.00752458
0.00539815
0.0103302
0.00583662
0.00893563
0.00540804
0.00830593
0.0103929
0.00767623
0.00964446
0.00804878
0.00879057
0.00892574
0.00465309
0.00635422
0.007818
0.00797625
0.00700039
0.00775866
0.00689819
0.00830922
0.00593223
0.00631136
0.0084378
0.00930817
0.00729051
0.00863561
0.00778833
0.00859275
0.00768942
0.00811471
0.0115765
0.00947632
0.00709599
0.0112105
0.0107885
0.0133239
0.00681577
0.00570146
0.0059619
0.0058564
0.00718831
0.00830922
0.00783778
0.00934774
0.00837846
0.0082301
0.00436297
0.00947302
0.00635422
0.00593882
0.0102049
0.00653554
0.00964775
0.00620256
0.006885
0.00870155
0.00679599
0.00929828
0.0103335
0.00662455
0.0102874
0.00731688
0.008962
0.010317
0.0095983
0.00603443
0.00861583
0.00609707
0.0100566
0.0106566
0.0149856
0.0124469
0.0107061
0.0116028
0.0070927
0.0082301
0.007607
0.00886639
0.00738611
0.00878727
0.0087543
0.0050454
0.00890925
0.0092851
0.00684874
0.0087543
0.0111775
0.0109303
0.0144911
0.00993788
0.00278384
0.00160691
0.00150801
-0.00210849
-0.00449863
-0.00385576
-0.0058635
-0.0120881
-0.013984
-0.0177232
-0.0232601
-0.0277854
-0.0337022
-0.0341146
-0.0377609
-0.0376966
-0.0422563
-0.054837
-0.0634868
-0.0749156
-0.0794951
-0.0791275
-0.0809195
-0.0893963
-0.100196
-0.106048
-0.11562
-0.119048
-0.112496
-0.114688
-0.116954
-0.111611
-0.11286
-0.112805
-0.117412
-0.126107
-0.124959
-0.131301
-0.128241
-0.120554
-0.111186
-0.109417
-0.110138
-0.108392
-0.109372
-0.10952
-0.110593
-0.116073
-0.118138
-0.125748
-0.124741
-0.115557
-0.112098
-0.108164
-0.101445
-0.106603
-0.111483
-0.117297
-0.127313
-0.130687
-0.124614
-0.121869
-0.113966
-0.106315
-0.105822
-0.104367
-0.106044
-0.114482
-0.124837
-0.11776
-0.116481
-0.11647
-0.100711
-0.0955159
-0.0937918
-0.0993822
-0.10577
-0.108133
-0.106375
-0.103497
-0.095413
-0.0947409
-0.0903366
-0.0843903
-0.0848949
-0.0835651
-0.0877093
-0.092375
-0.0971533
-0.0980083
-0.0936848
-0.0979809
-0.0866194
-0.0800648
-0.0718615
-0.0642159
-0.0681194
-0.0736354
-0.0801775
-0.0882349
-0.09032
-0.0847532
-0.0772937
-0.0657917
-0.0556573
-0.0529613
-0.0556862
-0.0580952
-0.0658297
-0.0718557
-0.0678465
-0.0618403
-0.0465202
-0.0380885
-0.0418503
-0.0413593
-0.0460348
-0.0535931
-0.0518398
-0.0511148
-0.0477205
-0.0451623
-0.0450195
-0.0418734
-0.0391627
-0.0432871
-0.0457715
-0.0507746
-0.0484536
-0.0532818
-0.0517234
-0.0509496
-0.0472458
-0.0514666
-0.0461397
-0.0480846
-0.048523
-0.0512998
-0.0486914
-0.0542109
-0.0542018
-0.0562281
-0.0517432
-0.0542448
-0.0530819
-0.0543844
-0.0586955
-0.0599932
-0.0642961
-0.0640584
-0.0600891
-0.0573966
-0.0629577
-0.0650488
-0.0686871
-0.0627784
-0.0575557
-0.0505851
-0.0489989
-0.0452915
-0.0383261
-0.0396504
-0.0404813
-0.045698
-0.049065
-0.0454236
-0.0461603
-0.0464397
-0.0430923
-0.0496066
-0.0542155
-0.0526677
-0.058643
-0.0614431
-0.0588293
-0.0602436
-0.0574627
-0.0573859
-0.060437
-0.059095
-0.0619283
-0.0641541
-0.0644414
-0.0640673
-0.0621674
-0.0626532
-0.0581107
-0.0578895
-0.0562208
-0.0553911
-0.0597145
-0.0508598
-0.0581053
-0.0486109
-0.0463041
-0.0467693
-0.0482818
-0.0488643
-0.0492671
-0.0507202
-0.0487396
-0.042052
-0.0457988
-0.0427343
-0.0454026
-0.0496352
-0.0523439
-0.0513305
-0.0559248
-0.0522264
-0.0506043
-0.0476613
-0.0531473
-0.0497474
-0.0534297
-0.0509699
-0.0522206
-0.0544356
-0.0539078
-0.0579386
-0.0530173
-0.0609177
-0.0595708
-0.0606522
-0.0531204
-0.0573077
-0.0527489
-0.0529249
-0.0536588
-0.0541596
-0.0562652
-0.055163
-0.0498289
-0.0482544
-0.0530728
-0.0477649
-0.048886
-0.0446921
-0.0463068
-0.0439191
-0.0459063
-0.0433084
-0.0479721
-0.0426085
-0.0458732
-0.0421907
-0.0503479
-0.0460955
-0.0507157
-0.0554887
-0.0591594
-0.0550567
-0.0583288
-0.0484272
-0.0575644
-0.0619585
-0.0616816
-0.0706863
-0.0720559
-0.0751507
-0.0849861
-0.0773735
-0.0691797
-0.0646759
-0.0637542
-0.0669856
-0.0697599
-0.0741464
-0.0801423
-0.0808735
-0.0755616
-0.0676588
-0.0665366
-0.0635525
-0.0570203
-0.057649
-0.0565003
-0.0571542
-0.0609332
-0.060932
-0.058001
-0.0564073
-0.0568138
-0.0538161
-0.0581663
-0.0604931
-0.0591437
-0.0624907
-0.0646449
-0.0640572
-0.0609716
-0.0626627
-0.0652757
-0.0693046
-0.0709473
-0.0772009
-0.0799348
-0.0807969
-0.0776314
-0.0760346
-0.0735965
-0.0780884
-0.0799266
-0.0812425
-0.0785454
-0.0701499
-0.0684022
-0.0715769
-0.0713221
-0.0733615
-0.0793055
-0.0788369
-0.0738944
-0.0686338
-0.0596808
-0.052446
-0.052887
-0.055592
-0.061208
-0.0654113
-0.0699414
-0.0703219
-0.0714958
-0.0588206
-0.0529274
-0.0548081
-0.0535766
-0.0517399
-0.0590289
-0.0579101
-0.0579217
-0.0593941
-0.0556432
-0.0581877
-0.0542704
-0.0399111
-0.0388715
-0.0397774
-0.0399078
-0.043595
-0.0502337
-0.0526731
-0.0560199
-0.0522668
-0.0424247
-0.0449882
-0.0419081
-0.0424197
-0.0476792
-0.0545859
-0.0620866
-0.0633396
-0.0605543
-0.0569303
-0.0553095
-0.0509538
-0.0500983
-0.0543513
-0.0636604
-0.0685552
-0.0638141
-0.0603328
-0.0552252
-0.0486088
-0.0440192
-0.0388022
-0.0365201
-0.031419
-0.0381932
-0.0408881
-0.0355334
-0.0380035
-0.0334052
-0.0236064
-0.0279602
-0.0268997
-0.0314636
-0.0425831
-0.0459176
-0.0511668
-0.0429017
-0.0389655
-0.0274901
-0.0220036
-0.0316285
-0.0461339
-0.0686578
-0.0678109
-0.0534841
-0.0432912
-0.0379952
-0.0463551
-0.0488136
-0.0621295
-0.063991
-0.0594238
-0.0479038
-0.0376685
-0.0394441
-0.045419
-0.0481944
-0.0514228
-0.0463551
-0.0278992
-0.0225741
0.00149153
-0.0100374
-0.0297168
-0.0364293
-0.0303798
-0.0265121
-0.0202656
-0.00957908
-0.00529315
-0.00236728
-0.00335301
0.00165142
-0.00390027
-0.00205409
0.000598118
0.00323219
0.00453276
0.00991151
0.00799438
0.0060097
0.010106
0.00759876
0.00564541
0.0109319
0.00999558
0.00768777
0.00903124
0.0109171
0.0124024
0.015838
0.0148933
0.013342
0.0163804
0.0182335
0.0170514
0.0174668
0.0194502
0.015594
0.0141317
0.0145389
0.0110506
0.0110028
0.011133
0.0107951
0.0116094
0.0124568
0.0121551
0.0078724
0.0107473
0.0118155
0.0123826
0.0121073
0.0106681
0.0101983
0.0131772
0.0111676
0.0109665
0.0122243
0.0126793
0.0115468
0.0110489
0.0141432
0.00992304
0.00804383
0.0102544
0.00953896
0.0112088
0.0138201
0.0113473
0.0105445
0.0110407
0.0125474
0.0112715
0.0107011
0.00888288
0.00947302
0.0116671
0.0105
0.0103154
0.0115122
0.0113605
0.00956533
0.0102494
0.0104571
0.0100401
0.0100862
0.00795646
0.0129002
0.011227
0.0074059
0.00977304
0.00865045
0.0105346
0.0094384
0.00880046
0.0095472
0.0114776
0.00815922
0.0109022
0.0089109
0.00811801
0.00910047
0.00631136
0.00746029
0.0102231
0.00579706
0.009384
0.00725589
0.00671357
0.00378275
0.00587454
0.00633773
0.00541464
0.0064251
0.00465144
0.00391956
-0.00790095
-0.013252
-0.0214033
-0.028742
-0.0355169
-0.0220646
-0.0142346
-0.0158947
-0.0182112
-0.0232898
-0.0342994
-0.0447538
-0.0592338
-0.0759419
-0.0827483
-0.0770445
-0.0673048
-0.0614733
-0.0600486
-0.0658562
-0.0662646
-0.0745664
-0.0762432
-0.067715
-0.050711
-0.0373534
-0.0344907
-0.0287964
-0.0334481
-0.0359426
-0.0422266
-0.0503939
-0.0506235
-0.0541382
-0.0548007
-0.0586405
-0.0605609
-0.0605262
-0.0619246
-0.051801
-0.0445441
-0.0513022
-0.0579812
-0.0598337
-0.0585728
-0.0451285
-0.045178
-0.036992
-0.0393665
-0.0412083
-0.044833
-0.0446415
-0.047988
-0.0513799
-0.0518126
-0.0549147
-0.0534725
-0.0510264
-0.0518671
-0.0581696
-0.0583877
-0.0583513
-0.05601
-0.0486402
-0.0467167
-0.0542126
-0.0518357
-0.0549906
-0.0547676
-0.054837
-0.0523229
-0.0455561
-0.0474514
-0.0475174
-0.0426343
-0.04376
-0.0388946
-0.044143
-0.0453877
-0.0409772
-0.0352975
-0.0310644
-0.0253544
-0.0226928
-0.021311
-0.0125068
-0.0109407
-0.0214825
-0.0280822
-0.0185607
-0.0166284
-0.0146434
-0.0358981
-0.0212879
0.013314
0.0241594
0.0168288
0.0119721
0.0130403
0.00863232
0.0117743
0.0148999
0.0163045
0.0187413
0.0243375
0.0283382
0.0271178
0.029209
0.0277345
0.0270749
0.0223686
0.0203636
0.0215442
0.0297433
0.0332599
0.0325176
0.040001
0.038054
0.0415092
0.0374303
0.0388591
0.0404795
0.0434994
0.0470977
0.0516312
0.0515586
0.0543461
0.0614925
0.06334
0.073032
0.0714409
0.073548
0.0819876
0.0769528
0.0724994
0.0766996
0.0728814
0.069554
0.0738937
0.0695904
0.0723654
0.065935
0.0659102
0.0668707
0.05891
0.0633863
0.0479445
0.0562174
0.0499141
0.0551438
0.0566403
0.0623881
0.0631913
0.062836
0.0636987
0.0687471
0.070609
0.0687868
0.0756722
0.0816499
0.0833254
0.085228
0.0819926
0.0827757
0.0840705
0.0836135
0.0868892
0.0889219
0.0885425
0.0872106
0.0885789
0.0863344
0.0882526
0.0902441
0.0877937
0.0856636
0.0823253
0.0906484
0.0882029
0.0840258
0.083529
0.0884762
0.0896012
0.095825
0.0976077
0.0964535
0.0910411
0.0869572
0.086818
0.0870665
0.0908754
0.0916294
0.0965895
0.100416
0.102298
0.0981898
0.0996843
0.101294
0.101942
0.10167
0.101362
0.101781
0.104978
0.108569
0.109681
0.121242
0.118368
0.114471
0.1057
0.099263
0.100326
0.0990888
0.107967
0.1182
0.119421
0.118503
0.106703
0.102301
0.100597
0.100063
0.0991237
0.0945617
0.0884696
0.0816549
0.0747887
0.0736059
0.0671566
0.0645713
0.0680924
0.0723985
0.0723654
0.0751957
0.0851543
0.0912118
0.0960812
0.102561
0.10295
0.105383
0.103768
0.103509
0.104186
0.110258
0.105304
0.100827
0.100658
0.0976574
0.0944406
0.0985315
0.100498
0.107174
0.108594
0.109049
0.100554
0.0909342
0.0832393
0.0700137
0.0680544
0.0675179
0.0617164
0.0555452
0.0521118
0.0515289
0.0506389
0.0550992
0.0506802
0.0442116
0.0470069
0.0428409
0.043563
0.039091
0.044989
0.0425959
0.045263
0.0389408
0.0423162
0.0343494
0.0360214
0.0463697
0.0455502
0.0436678
0.0474782
0.0403433
0.0362499
0.029491
0.0257012
0.0230117
0.0276084
0.0325465
0.0307486
0.0281336
0.02433
0.0220413
0.0296905
0.0293475
0.0307981
0.0346793
0.0326454
0.0316203
0.0284544
0.0282771
0.0280702
0.0308154
0.0314529
0.0308748
0.0376638
0.0393537
0.0352543
0.0366982
0.0363394
0.0348241
0.030187
0.0356114
0.0323081
0.0237183
0.0150211
0.00559143
0.00453523
0.0103001
0.0160444
0.0206637
0.0294357
0.0328805
0.0399383
0.0445776
0.0478496
0.0455753
0.0328533
0.0343436
0.0351957
0.0309589
0.0339865
0.0371441
0.034295
0.0361171
0.0347627
0.0278842
0.0183476
0.00853382
0.00473674
0.0125342
0.0172883
0.0233353
0.0298481
0.0314112
0.0319551
0.0301029
0.0315238
0.031318
0.0310999
0.0329828
0.0291958
0.0250193
0.0206856
0.0223653
0.0239899
0.0248012
0.0278207
0.0304521
0.0289331
0.0295817
0.0311774
0.0403574
0.0414357
0.0430625
0.0342051
0.0352312
0.0347994
0.039383
0.0437284
0.0472656
0.0453352
0.044897
0.0430687
0.0446296
0.0459005
0.0483898
0.056229
0.058618
0.05958
0.0586746
0.0617482
0.0571172
0.0561827
0.0504891
0.0514492
0.0545672
0.0682009
0.0832086
0.0914888
0.104906
0.0980445
0.0928238
0.0818475
0.0724084
0.0675584
0.0607793
0.0606251
0.0576939
0.0602094
0.0634705
0.0696667
0.0709592
0.0714226
0.0749627
0.0721461
0.0753855
0.0787048
0.0807925
0.0802812
0.0788214
0.0795865
0.0819985
0.0831827
0.0830708
0.0800669
0.075755
0.072858
0.0733135
0.0719544
0.0709306
0.0733262
0.0725974
0.0765329
0.0763247
0.077068
0.079665
0.0829545
0.0871418
0.0878943
0.0885553
0.083327
0.0824921
0.0833202
0.0854615
0.0883739
0.0892636
0.0869323
0.0852077
0.084855
0.0787876
0.0773669
0.0783826
0.0780205
0.0741717
0.0684189
0.0657664
0.0658767
0.0613136
0.0578342
0.0613145
0.0633322
0.0625646
0.0610075
0.0601822
0.0622535
0.057619
0.0602045
0.0559003
0.0545637
0.0582542
0.0598435
0.0574629
0.0544287
0.0538226
0.0494848
0.0465744
0.0412344
0.0386603
0.0410925
0.0384136
0.0417196
0.0393121
0.0358515
0.0379657
0.0295578
0.0287496
0.0291685
0.0297491
0.0267863
0.0249352
0.0299363
0.0378997
0.0394556
0.0408128
0.0438039
0.0417872
0.0313819
0.0264152
0.0249806
0.0236581
0.022179
0.0143443
0.00388412
-0.0027769
0.0016234
-0.00283789
0.000476964
-0.00800645
-0.011821
-0.0126865
-0.0139024
-0.00753005
-0.000198038
0.00251021
0.00412561
0.00326846
0.00194153
0.0117347
0.0183489
0.0178064
0.0314158
0.0463714
0.0566675
0.0671236
0.0713739
0.0624402
0.0604466
0.0550489
0.0516494
0.0530902
0.0556385
0.0564586
0.0505605
0.0511838
0.0380325
0.0357904
0.0298588
0.0282301
0.037677
0.0370805
0.0413136
0.040227
0.0347544
0.0241
0.0182664
0.0201287
0.0224486
0.0163177
0.0199325
0.0283967
0.0365097
0.0400571
0.0396157
0.0409828
0.0370797
0.0386743
0.0369667
0.0342694
0.0378642
0.0308838
0.0337952
0.0370731
0.0366235
0.0397733
0.0411981
0.0342142
0.0326025
0.030648
0.0302901
0.0281971
0.0330471
0.0340954
0.0297145
0.0301317
0.0325976
0.0350876
0.0358787
0.0417047
0.0450798
0.046335
0.0475392
0.0402839
0.0398789
0.0394078
0.035397
0.0368141
0.0387387
0.0429672
0.0439467
0.0402559
0.0458935
0.043931
0.0402427
0.0358663
0.0376984
0.0384211
0.0418962
0.0483572
0.0494642
0.0571755
0.0584186
0.0617594
0.0613702
0.0681387
0.0679287
0.0628723
0.0739864
0.0744281
0.075333
0.0783677
0.0823419
0.0825356
0.0810043
0.0823866
0.0784107
0.0705115
0.0681453
0.0667698
0.0759319
0.0757483
0.0690629
0.0664921
0.0713052
0.0760362
0.0737664
0.0697309
0.0731593
0.0815605
0.0739798
0.072984
0.0722893
0.0714591
0.0658457
0.0650143
0.0619915
0.0664408
0.0693738
0.0717534
0.065254
0.063859
0.0615355
0.0648275
0.0547144
0.0522488
0.0499454
0.0475929
0.0473024
0.0486808
0.0494089
0.0498117
0.0421396
0.0427518
0.0397831
0.0393195
0.0409036
0.0360098
0.0355908
0.0298291
0.0245337
0.0211369
0.0182236
0.0225269
0.0237636
0.0181988
0.0157308
0.0151455
0.0104357
-0.0010931
-0.000143642
0.000649217
0.00308549
-0.00389697
-0.0043206
-0.00809382
-0.0149682
-0.0146302
-0.0118689
-0.0061701
-0.00421511
-0.00618824
-0.00925103
-0.00854879
-0.00796524
-0.00604482
-0.00723169
-0.00701739
-0.0107363
-0.0082224
-0.0107545
-0.00984284
-0.00730257
-0.0112144
-0.0110858
-0.0120996
-0.0165542
-0.00857187
-0.00548272
-0.00311894
-0.00319476
-0.00436181
-0.00534096
-0.00567228
-0.00429753
-0.00238212
-0.000712325
0.000705261
0.00673829
0.0025712
0.00547563
0.0104225
0.00484595
0.00375802
0.00648114
0.00598992
0.00889936
0.0084411
0.0123447
0.0111099
0.0142421
0.0169871
0.0145521
0.0159336
0.0167513
0.0152214
0.0142256
0.0192952
0.0215096
0.0238279
0.0249657
0.0296823
0.0277923
0.029138
0.0326248
0.0322834
0.0345944
0.038638
0.0366879
0.0349128
0.0354341
0.0377124
0.0444517
0.0496928
0.0499405
0.0495112
0.0504143
0.0425026
0.0458663
0.0380474
0.0435324
0.0432057
0.0400191
0.0399828
0.0327172
0.0298439
0.0277593
0.0242665
0.0219828
0.0246953
0.0246442
0.020733
0.0131541
0.0211419
0.0208072
0.0212655
0.0238774
0.0177092
0.0157193
0.0194651
0.0176498
0.0178427
0.0179482
0.0140542
0.0158709
0.0172344
0.0156517
0.0137014
0.0142355
0.0131277
0.013802
0.00686522
0.00916146
0.0100154
0.0119078
0.0193447
0.0288774
0.0309358
0.035119
0.0140756
0.0187215
0.03133
0.0356601
0.0293541
0.0348847
0.0385341
0.0392914
0.0352609
0.0441283
0.0404613
0.0469359
0.0480931
0.0476276
0.0487072
0.0433344
0.0464539
0.0423591
0.0501832
0.0384813
0.0432436
0.0419646
0.0418029
0.0453661
0.0414019
0.0399531
0.0433971
0.0481311
0.043813
0.0445145
0.0405323
0.0318067
0.0332021
0.0297268
0.0372703
0.03746
0.0323114
0.0333935
0.032925
0.0315939
0.0232937
0.0197684
0.0190166
0.0224956
0.0211072
0.0227693
0.0268242
0.0274097
0.0259337
0.0295553
0.0308946
0.0322982
0.0275878
0.0169343
0.0161578
0.0155495
0.0160688
0.00179647
-0.00333982
-0.00274146
-0.00274805
-0.00254036
0.000522294
0.00556794
0.00313494
0.00846088
0.0116127
0.0166392
0.0235789
0.0328096
0.0481162
0.0460511
0.0445887
0.039298
0.0286977
0.0255115
0.0204329
0.0168832
0.0187429
0.0182516
0.0208731
0.0210743
0.026214
0.0310183
0.0322801
0.0351124
0.0370492
0.043034
0.0484117
0.0439896
0.0476919
0.046274
0.0428839
0.0372769
0.0330009
0.0246425
0.031617
0.0414613
0.0452077
0.051301
0.0506686
0.04894
0.0478966
0.0433872
0.0444633
0.031937
0.0306636
0.0369914
0.0411989
0.0429482
0.0546269
0.0518855
0.0548812
0.0524569
0.0593412
0.0509774
0.0507231
0.047725
0.0472958
0.038935
0.040562
0.0351767
0.0362325
0.0448957
0.0458696
0.0442784
0.0379154
0.0385126
0.0362952
0.0308385
0.0308484
0.0313036
0.0311354
0.0350513
0.0412815
0.0416973
0.0392584
0.0414927
0.0393871
0.0348666
0.0343783
0.0320854
0.0284074
0.037592
0.0348006
0.0377999
0.0409712
0.0398756
0.0361336
0.0353747
0.0346752
0.0306537
0.034055
0.0383741
0.0323164
0.0273157
0.0277082
0.0313069
0.0274443
0.0274839
0.0284833
0.0316764
0.0280578
0.0234767
0.022306
0.0227907
0.0220982
0.026003
0.0240241
0.024255
0.0251191
0.0194337
0.0167595
0.0188633
0.0183258
0.015655
0.0166606
0.0151538
0.0161726
0.0178872
0.0156187
0.0190281
0.0189358
0.0159418
0.0146229
0.0159484
0.0169739
0.0237669
0.0293904
0.0296015
0.0355265
0.039298
0.0392122
0.0319634
0.0282524
0.0259568
0.0248915
0.0264812
0.0304228
0.0319766
0.0334413
0.029618
0.0306735
0.0298522
0.0273025
0.0254093
0.0218113
0.0251455
0.0219597
0.0236053
0.0132711
0.0145999
0.0176927
0.0167233
0.0209242
0.0183555
0.0140558
0.00920267
0.00863232
0.00798943
0.00942027
0.0104852
0.0115237
0.00861254
0.0103401
0.00380582
0.00544101
0.00707292
0.00633114
0.00929828
0.0120281
0.00756414
0.0115105
0.0110127
0.0119161
0.0117512
0.0109731
0.0139536
0.0103368
0.014346
0.0148636
0.0172871
0.0189721
0.0231865
0.0218245
0.0231997
0.0182532
0.0147219
0.0107225
0.0139273
0.0135316
0.0128194
0.0124831
0.00877078
0.0124139
0.00907739
0.011316
0.0101522
0.00471572
0.00244098
0.00521024
0.00406297
0.00645312
0.00184757
0.00300142
-0.00135354
0.00169592
0.00578387
0.00142559
0.00134977
-0.00165684
-0.00399093
-0.0048349
-0.007535
-0.0131135
-0.0153227
-0.0128959
-0.0120057
-0.0119793
-0.0126717
-0.0199457
-0.0217265
-0.0260207
-0.0307345
-0.0295205
-0.035281
-0.0451103
-0.0316978
-0.0309225
-0.0333112
-0.0333112
-0.0333112
-0.0333112
-0.0247541
-0.0084878
0.00416187
-0.00525359
-0.0123057
-0.0159195
-0.020724
-0.0232436
-0.0236526
-0.0222377
-0.0229402
-0.023646
-0.0227621
-0.021278
-0.0203514
-0.0223432
-0.0245463
-0.0245463
-0.0245463
-0.0245463
0.00547563
0.00547563
0.00547563
