-0.0086565
0.00212339
-0.0161869
-0.00848132
-0.00890399
-0.00403299
-0.00465196
0.00588507
-0.00938
0.015453
-0.0141471
0.00596501
-0.00966236
0.00107147
0.0116799
-0.00645496
-0.00475271
-0.0167741
0.0147615
0.00703284
0.0119649
-0.000627878
0.0229817
0.00236324
0.00313636
-0.01966
0.00113939
-0.0108367
-0.0153965
-0.00372603
-0.00401699
-0.00342344
0.00891399
-0.0157024
-0.00387439
0.00983744
-0.0226079
-0.00494456
0.0124983
0.00219828
0.00936582
-0.0246863
-0.00300407
0.00216078
-0.005536
0.0124655
-0.000172785
-0.00145783
-0.00315094
0.0145362
-0.0014231
0.0112712
-0.0177131
0.0145111
0.00294386
-0.0158751
-0.0273552
0.0116443
-0.0212397
0.0120434
0.0122226
0.00219269
-0.000111336
0.00534776
0.00454226
0.0191673
-0.00765784
0.00468212
0.000927669
0.00108796
0.00374229
-0.00385209
-0.00507728
-0.0116494
0.0119566
-0.0184698
0.00833119
0.016596
-0.0116266
0.0042452
-0.0119437
-0.00765905
-0.00214203
-0.00178303
0.000305137
0.00494351
-0.00756663
0.00830018
0.0152377
0.00210699
-0.00764938
0.0141227
-0.00725802
0.00821146
-0.00260835
-0.00119933
-0.0109375
-0.00356995
0.0114703
0.00322829
0.00166096
0.0232743
0.0191681
-0.00318879
-0.0119793
-0.0109281
0.0268731
-0.00543678
-0.0207211
-0.00432655
0.00436229
0.0218263
-0.00143493
-0.00726095
-0.00373428
0.0037575
-0.00394972
0.000571128
9.92371e-05
-0.0152231
-0.0140538
0.00857101
-0.00983371
-0.0178421
-0.0138334
0.00252931
0.0237461
-0.00466131
0.00213134
0.0024538
-0.0108872
-0.0207464
-0.0203645
0.00364246
0.00665421
0.0145529
0.0124941
0.00667169
0.0231056
-0.0136024
0.00307052
0.00863413
0.0173648
0.0123289
-0.00386465
-0.00750494
-0.0015753
0.00231948
-0.00389521
-0.00155135
-0.000570753
0.0175169
-0.0169018
-0.00363716
0.0072764
0.0213435
-0.00656219
-0.011811
-0.0251669
-0.035457
-0.0236161
-0.0125303
-0.000728498
-0.00728789
-0.0065419
0.00206185
-0.00679062
-0.00511195
-0.00592712
-0.0163546
0.00677427
0.0111166
-0.0163154
0.0050958
0.0131347
-0.00540036
-0.0246826
0.00311333
-0.0145633
0.0286052
0.0265092
0.0026133
0.021501
0.00674779
0.00801013
0.00251559
0.0135406
0.045532
0.0632595
0.132167
0.110877
0.153077
0.162948
0.218288
0.212633
0.252798
0.301804
0.307774
0.386808
0.433781
0.441399
0.520588
0.563987
0.604361
0.63364
0.658953
0.706665
0.687393
0.720515
0.78838
0.79439
0.763732
0.770016
0.767626
0.782674
0.792823
0.827323
0.857107
0.864311
0.816052
0.827095
0.799629
0.797336
0.750108
0.792778
0.743523
0.764055
0.772444
0.790868
0.788473
0.786883
0.809462
0.783367
0.769032
0.747188
0.73115
0.730368
0.756841
0.784291
0.778736
0.812348
0.782935
0.782179
0.761234
0.754113
0.733853
0.773419
0.773681
0.743259
0.75663
0.788429
0.738133
0.689302
0.634518
0.682872
0.670828
0.664409
0.655925
0.664366
0.640957
0.641003
0.618706
0.610935
0.596238
0.621714
0.580552
0.585648
0.617774
0.601542
0.595959
0.60829
0.574971
0.562888
0.565156
0.54485
0.514151
0.480953
0.472706
0.486443
0.535812
0.550202
0.528259
0.511637
0.481299
0.392061
0.454315
0.420736
0.383899
0.439933
0.399539
0.427365
0.406156
0.349642
0.326761
0.292852
0.29158
0.289588
0.292086
0.295014
0.319725
0.271237
0.286648
0.286044
0.257388
0.246714
0.281278
0.271277
0.316038
0.295124
0.298148
0.30105
0.324601
0.304187
0.306205
0.304773
0.299601
0.310069
0.298961
0.319569
0.309445
0.356861
0.345338
0.341236
0.366693
0.329128
0.373371
0.368203
0.375732
0.376988
0.39297
0.38829
0.40084
0.395306
0.385298
0.380633
0.389601
0.347768
0.343575
0.32998
0.284821
0.300492
0.275186
0.288646
0.284321
0.278347
0.299669
0.283969
0.28742
0.297456
0.322715
0.305711
0.330456
0.335185
0.359362
0.387461
0.364618
0.379601
0.413438
0.370441
0.386914
0.394537
0.412725
0.411155
0.403879
0.424948
0.407177
0.360897
0.368011
0.357251
0.362423
0.338315
0.346815
0.335316
0.324165
0.306331
0.309498
0.310558
0.34039
0.330602
0.298215
0.313984
0.311023
0.283984
0.295346
0.281431
0.289211
0.303157
0.319488
0.297587
0.321365
0.33307
0.33803
0.338679
0.359739
0.332114
0.355442
0.362334
0.308743
0.357266
0.356895
0.376727
0.395892
0.329548
0.352576
0.382565
0.376253
0.339429
0.357928
0.334965
0.370843
0.338505
0.322821
0.355746
0.343527
0.326202
0.324904
0.32737
0.295443
0.306992
0.292947
0.290734
0.307998
0.293261
0.287778
0.271772
0.298672
0.289874
0.297424
0.3022
0.340576
0.369467
0.346846
0.35396
0.346971
0.406059
0.375696
0.415908
0.456672
0.42281
0.493155
0.489444
0.538898
0.497446
0.469798
0.460929
0.460065
0.474559
0.479826
0.513739
0.499921
0.466831
0.476267
0.45135
0.439354
0.405066
0.402447
0.407619
0.397883
0.380229
0.410153
0.366786
0.407696
0.402455
0.387342
0.388024
0.381412
0.399301
0.425316
0.426004
0.4252
0.421681
0.434082
0.447481
0.459592
0.465774
0.522756
0.523992
0.573251
0.563959
0.543452
0.578498
0.558333
0.570755
0.547161
0.537476
0.542191
0.517454
0.517309
0.522517
0.508125
0.523532
0.49035
0.516896
0.482661
0.475486
0.468917
0.415092
0.413876
0.444844
0.459497
0.42479
0.446716
0.448715
0.437169
0.414953
0.421259
0.388851
0.393247
0.394733
0.404688
0.392166
0.410001
0.429679
0.387824
0.381954
0.356886
0.320617
0.278784
0.314096
0.300868
0.357265
0.334419
0.376617
0.344531
0.347679
0.360862
0.309472
0.329068
0.304688
0.372617
0.388784
0.411866
0.415026
0.382625
0.380861
0.378644
0.350763
0.409076
0.425594
0.39841
0.415584
0.417859
0.38537
0.357443
0.345065
0.323697
0.264962
0.262096
0.251005
0.234182
0.271575
0.241812
0.23084
0.236788
0.196378
0.224955
0.246839
0.240075
0.297443
0.275705
0.288894
0.25802
0.257959
0.243787
0.247343
0.320118
0.342749
0.301153
0.3844
0.38516
0.399538
0.382714
0.332864
0.371236
0.385387
0.368023
0.349349
0.319288
0.370018
0.318202
0.313333
0.306582
0.275542
0.254313
0.230757
0.169833
0.158701
0.234515
0.148058
0.164235
0.177021
0.190524
0.109073
0.0770789
0.0497026
0.0207418
0.0283863
0.0100055
0.0183733
-0.0105067
0.00181958
-0.0190361
-0.00484863
0.0146903
-0.0183404
0.0302942
0.0203057
0.00554166
-0.00517287
0.0148071
-0.00830834
0.00222903
0.00214066
-0.0150939
-0.019631
-0.0101646
-0.00707497
-0.0119277
1.13325e-05
-0.00939973
-0.0300579
0.00592421
-0.0100979
-0.00972002
0.0107922
0.0127665
-0.000764999
-0.00467818
0.00922075
0.00248013
-0.00392982
0.002616
0.0064529
0.00848283
-0.0073546
-0.00301613
0.000941121
0.013409
-0.00391854
0.020969
0.00893481
0.00377129
-0.00463699
-0.00289434
0.00676723
0.0095869
0.0103722
0.0114361
0.00885685
-0.00220135
-0.00295781
-0.0226909
-0.0109191
-0.0117742
-0.0223775
-0.00651912
0.00678494
-0.00382931
4.89012e-05
0.00606031
0.00358265
0.00890133
0.0050528
-0.00772204
0.0126258
0.00938788
0.0115751
-0.00317245
-0.00207108
0.0130073
0.00717852
0.00251484
-0.00632847
0.0133877
0.0104845
0.0116855
0.00699364
-0.0010298
-0.00145457
0.0179624
-0.00795433
-0.00671638
-0.00389695
0.00209214
-0.00461543
0.00159996
0.00730382
0.00148519
-0.0071412
0.0331858
-0.00332392
0.0278954
0.0169508
0.0195226
0.0327918
0.0255113
0.0163955
0.00221171
0.0106063
0.0118809
0.0689691
0.0388633
0.0905237
0.118521
0.0884842
0.142725
0.147284
0.158895
0.112859
0.162054
0.168922
0.247312
0.244893
0.344717
0.421076
0.441961
0.463351
0.488603
0.475251
0.483374
0.431042
0.466179
0.478387
0.433936
0.432914
0.366578
0.377225
0.319454
0.282895
0.269488
0.289843
0.30041
0.323815
0.359539
0.367487
0.376912
0.414591
0.402757
0.417863
0.390591
0.359609
0.388105
0.40595
0.365086
0.396676
0.360754
0.375014
0.355819
0.360269
0.327078
0.333391
0.297139
0.324102
0.364068
0.351555
0.35706
0.336491
0.361702
0.38256
0.384012
0.378524
0.33122
0.405189
0.382746
0.355264
0.3842
0.358225
0.371065
0.379887
0.357124
0.377569
0.366519
0.35675
0.347224
0.312031
0.303536
0.302467
0.312777
0.302866
0.269633
0.266597
0.255271
0.226405
0.2352
0.188156
0.121479
0.166539
0.146933
0.164966
0.134149
0.136998
0.131435
0.192447
0.0954524
0.0542029
0.0715971
0.0506137
-0.0172327
-0.0149281
-0.0121766
0.00823326
-0.0296046
0.00415091
-0.0283443
-0.0528517
-0.0640063
-0.0333597
-0.0758834
-0.0549234
-0.0805173
-0.0703809
-0.077668
-0.0684905
-0.0678875
-0.0928823
-0.129387
-0.129334
-0.149218
-0.171237
-0.158144
-0.175209
-0.209669
-0.167805
-0.233802
-0.220132
-0.279384
-0.275924
-0.322958
-0.317275
-0.326519
-0.336976
-0.379221
-0.424995
-0.437971
-0.424333
-0.428103
-0.423543
-0.406531
-0.418233
-0.416763
-0.399068
-0.399016
-0.380591
-0.3809
-0.293247
-0.332148
-0.318164
-0.314361
-0.29256
-0.296456
-0.300558
-0.320428
-0.3162
-0.331563
-0.354851
-0.361212
-0.365993
-0.373676
-0.37654
-0.376127
-0.449073
-0.46213
-0.443813
-0.485783
-0.520126
-0.4993
-0.495816
-0.505841
-0.489616
-0.49284
-0.540596
-0.51066
-0.518259
-0.508789
-0.479535
-0.536865
-0.496345
-0.528479
-0.498002
-0.526671
-0.493729
-0.508986
-0.513978
-0.514836
-0.549561
-0.582025
-0.559923
-0.596163
-0.591377
-0.58174
-0.574487
-0.561457
-0.579699
-0.572651
-0.600024
-0.595709
-0.606298
-0.627787
-0.642941
-0.678624
-0.629635
-0.656902
-0.648957
-0.664951
-0.684392
-0.74703
-0.733164
-0.707318
-0.66353
-0.699955
-0.765758
-0.664786
-0.718775
-0.681209
-0.654168
-0.657059
-0.617084
-0.61544
-0.66229
-0.655797
-0.621071
-0.601506
-0.577462
-0.464293
-0.450232
-0.474173
-0.455705
-0.430406
-0.385544
-0.429501
-0.473949
-0.429022
-0.425108
-0.491052
-0.519221
-0.52213
-0.545916
-0.570082
-0.57928
-0.621215
-0.660665
-0.645286
-0.652637
-0.656467
-0.634744
-0.648218
-0.647923
-0.647186
-0.647677
-0.663003
-0.665062
-0.66661
-0.610376
-0.594114
-0.594622
-0.541211
-0.509423
-0.460698
-0.388084
-0.381734
-0.341894
-0.315884
-0.306786
-0.294334
-0.263417
-0.235069
-0.240959
-0.263102
-0.206801
-0.196583
-0.249566
-0.197445
-0.218524
-0.186893
-0.187396
-0.184206
-0.182423
-0.219394
-0.233783
-0.264299
-0.18395
-0.190312
-0.146453
-0.171964
-0.166234
-0.134561
-0.112076
-0.145349
-0.119887
-0.122919
-0.11028
-0.0927254
-0.136891
-0.132015
-0.124594
-0.150331
-0.0950301
-0.153919
-0.13026
-0.160273
-0.126341
-0.104355
-0.155043
-0.160827
-0.17681
-0.18934
-0.16374
-0.191092
-0.184234
-0.149546
-0.15458
-0.155939
-0.07784
-0.107194
-0.0688663
-0.0561966
-0.0360439
-0.0263094
-0.0179711
-0.056874
-0.1581
-0.0970283
-0.193438
-0.177909
-0.185341
-0.218194
-0.174425
-0.219532
-0.159776
-0.208422
-0.217196
-0.180164
-0.15248
-0.132794
-0.0756314
-0.135531
-0.0959771
-0.0973688
-0.0584783
-0.0323109
-0.0168359
-0.0126597
-0.0777751
-0.0717347
-0.122245
-0.159518
-0.142396
-0.168193
-0.135197
-0.149083
-0.100254
-0.110502
-0.0982338
-0.109108
-0.114098
-0.105855
-0.151945
-0.130239
-0.146699
-0.150705
-0.121684
-0.136554
-0.152144
-0.186206
-0.163398
-0.168482
-0.174139
-0.205956
-0.198977
-0.192673
-0.206091
-0.215715
-0.230886
-0.221824
-0.271638
-0.229627
-0.284599
-0.308692
-0.321938
-0.319418
-0.336236
-0.297336
-0.316012
-0.293642
-0.309327
-0.336473
-0.384618
-0.413584
-0.422969
-0.479449
-0.534918
-0.523017
-0.537776
-0.525404
-0.525149
-0.441145
-0.407023
-0.383067
-0.384803
-0.338227
-0.39366
-0.39923
-0.393407
-0.437018
-0.443131
-0.417462
-0.476411
-0.498097
-0.499446
-0.47362
-0.499179
-0.511851
-0.538818
-0.530692
-0.489804
-0.507152
-0.491554
-0.494534
-0.47672
-0.480074
-0.466882
-0.450688
-0.439568
-0.457683
-0.460549
-0.496149
-0.491591
-0.517641
-0.528881
-0.537221
-0.558743
-0.542577
-0.561345
-0.578132
-0.573406
-0.559785
-0.560638
-0.562488
-0.572173
-0.55411
-0.53236
-0.522269
-0.518602
-0.516554
-0.456495
-0.434369
-0.416945
-0.402743
-0.338293
-0.361595
-0.378413
-0.342879
-0.36586
-0.339154
-0.378916
-0.338016
-0.357155
-0.355203
-0.297693
-0.319581
-0.323984
-0.338294
-0.314294
-0.297736
-0.265859
-0.278298
-0.244377
-0.232704
-0.200643
-0.244162
-0.204669
-0.179284
-0.17007
-0.185769
-0.145582
-0.138458
-0.137801
-0.154691
-0.171868
-0.159389
-0.179668
-0.123855
-0.153179
-0.180271
-0.208516
-0.203337
-0.189592
-0.161868
-0.105638
-0.08511
-0.0682845
-0.047607
-0.0235637
0.0182768
0.00522447
0.0389875
0.0293322
0.0496523
0.0137684
0.019907
0.0547489
0.0420426
0.0522737
0.0089843
-0.00124742
0.0162231
0.013085
-0.0193798
-0.0747531
-0.18809
-0.0803095
-0.190896
-0.196289
-0.285404
-0.309247
-0.330242
-0.308261
-0.35957
-0.313772
-0.312735
-0.345533
-0.323092
-0.328823
-0.286928
-0.261305
-0.250023
-0.21043
-0.231846
-0.214355
-0.200256
-0.189112
-0.169337
-0.146125
-0.177699
-0.148877
-0.0952411
-0.141773
-0.127712
-0.099758
-0.129549
-0.131538
-0.152794
-0.193085
-0.214199
-0.256436
-0.249749
-0.193194
-0.229045
-0.221114
-0.188995
-0.194529
-0.205889
-0.181476
-0.223668
-0.196801
-0.212131
-0.198297
-0.173368
-0.186422
-0.17612
-0.166052
-0.16075
-0.161141
-0.164457
-0.151522
-0.185233
-0.177225
-0.193727
-0.208012
-0.225875
-0.242361
-0.252489
-0.258855
-0.245633
-0.255018
-0.210135
-0.22731
-0.222339
-0.237204
-0.237892
-0.251821
-0.237758
-0.251938
-0.223111
-0.24891
-0.238216
-0.235426
-0.242729
-0.27382
-0.297761
-0.289449
-0.316542
-0.342168
-0.371385
-0.38107
-0.345204
-0.430475
-0.450353
-0.439342
-0.468597
-0.52164
-0.517834
-0.547292
-0.521564
-0.519871
-0.527302
-0.514692
-0.443053
-0.49221
-0.434942
-0.449267
-0.441991
-0.429726
-0.48978
-0.435192
-0.459935
-0.441243
-0.537288
-0.460543
-0.48091
-0.470592
-0.455722
-0.438285
-0.43821
-0.406996
-0.407795
-0.405349
-0.406261
-0.384545
-0.384175
-0.367622
-0.383763
-0.343455
-0.304767
-0.31842
-0.315805
-0.302442
-0.25629
-0.279553
-0.245184
-0.244793
-0.255522
-0.259407
-0.227764
-0.216048
-0.205395
-0.187347
-0.180773
-0.146267
-0.130798
-0.11513
-0.106397
-0.111671
-0.0943842
-0.0106569
-0.0283027
-0.0411531
-0.0113383
0.0175852
0.0141531
-0.00354884
0.0140483
0.0415784
0.0045781
0.0568521
0.0427988
0.053347
0.0573592
0.0308702
0.0179627
0.00985936
0.00218489
0.0248033
0.0110787
-0.0109194
0.00548299
0.0208266
0.0125846
0.0089679
0.0176253
0.0252
0.0480355
0.0302902
0.0374933
0.0674168
0.0507289
0.0308665
0.0268113
0.0140506
-0.0056203
-0.00522763
-0.0015063
-0.00558659
-0.0119561
-0.00383985
-0.00942098
-0.0406899
-0.0113803
-0.00421776
-0.0533286
-0.0429237
-0.00696349
-0.0374541
-0.00743147
-0.0226219
-0.029859
-0.0221868
-0.0361704
-0.0338235
-0.0425475
-0.0519132
-0.0483096
-0.0641
-0.0675281
-0.0845538
-0.0963705
-0.0918764
-0.0755893
-0.0983626
-0.14467
-0.135221
-0.128959
-0.137884
-0.153049
-0.14037
-0.186059
-0.198117
-0.195299
-0.20128
-0.198321
-0.221718
-0.249749
-0.222469
-0.239592
-0.261716
-0.262009
-0.278417
-0.258589
-0.255696
-0.236637
-0.240868
-0.246634
-0.217221
-0.222167
-0.18943
-0.165627
-0.160908
-0.128557
-0.121668
-0.134749
-0.111333
-0.106297
-0.114676
-0.125533
-0.096757
-0.10497
-0.120665
-0.106219
-0.107805
-0.0850955
-0.0996762
-0.0870227
-0.0688686
-0.0854954
-0.0649694
-0.0563658
-0.0513891
-0.0655731
-0.0487428
-0.0451734
-0.060389
-0.0407182
-0.078024
-0.0700372
-0.15871
-0.145831
-0.158216
-0.0843382
-0.197244
-0.15774
-0.162337
-0.150852
-0.185138
-0.194099
-0.195644
-0.209574
-0.241907
-0.228467
-0.248214
-0.248886
-0.293824
-0.269202
-0.277288
-0.271676
-0.26289
-0.275697
-0.223427
-0.220565
-0.262877
-0.258715
-0.273873
-0.251135
-0.21859
-0.269706
-0.229144
-0.26357
-0.240563
-0.214359
-0.249055
-0.204369
-0.197962
-0.160648
-0.183084
-0.178686
-0.191991
-0.186135
-0.150351
-0.160016
-0.123243
-0.134752
-0.0926701
-0.0928446
-0.101965
-0.114149
-0.10771
-0.129949
-0.10458
-0.146085
-0.150569
-0.145665
-0.107321
-0.0555451
-0.0112197
-0.00300408
-0.00790073
0.001096
0.00133599
-0.00156622
0.000655731
-0.0157533
-0.011309
0.0134854
-0.043854
-0.0704338
-0.122605
-0.0689384
-0.0986675
-0.180001
-0.165914
-0.203799
-0.229943
-0.198296
-0.195697
-0.150429
-0.128885
-0.116975
-0.100912
-0.108877
-0.0844853
-0.104978
-0.113278
-0.134273
-0.165512
-0.164746
-0.212995
-0.222773
-0.247364
-0.266494
-0.239855
-0.246034
-0.235607
-0.216627
-0.181547
-0.205098
-0.242181
-0.199217
-0.240564
-0.240933
-0.284398
-0.265267
-0.25241
-0.254883
-0.231357
-0.225125
-0.215909
-0.224318
-0.239193
-0.246548
-0.272411
-0.3064
-0.286221
-0.32175
-0.31526
-0.329145
-0.29377
-0.317478
-0.240996
-0.242771
-0.20716
-0.229054
-0.248187
-0.221527
-0.257823
-0.226663
-0.206493
-0.198417
-0.205398
-0.179663
-0.169031
-0.158635
-0.17887
-0.200105
-0.188993
-0.216117
-0.198163
-0.224351
-0.199497
-0.194699
-0.186546
-0.178686
-0.205814
-0.160037
-0.200608
-0.1852
-0.16792
-0.20247
-0.184534
-0.174065
-0.185322
-0.197922
-0.198583
-0.150981
-0.169611
-0.15567
-0.142292
-0.145283
-0.141521
-0.15149
-0.120961
-0.127459
-0.137702
-0.120503
-0.0831889
-0.0818733
-0.112272
-0.11121
-0.13059
-0.103058
-0.104181
-0.0525774
-0.0773783
-0.0791757
-0.0498625
-0.0595548
-0.0771445
-0.0563356
-0.0241943
-0.0281287
-0.0716283
-0.0804559
-0.0636521
-0.0713895
-0.101643
-0.135401
-0.0954168
-0.112435
-0.119365
-0.161828
-0.158845
-0.171119
-0.157134
-0.17918
-0.167087
-0.144641
-0.14883
-0.152611
-0.163803
-0.134169
-0.141163
-0.154077
-0.115225
-0.15534
-0.152304
-0.132934
-0.116084
-0.0876935
-0.113171
-0.055162
-0.0954786
-0.0808913
-0.0565955
-0.0806488
-0.0695075
-0.0585252
-0.0497635
-0.0385947
-0.0303074
0.00568094
0.000337425
-0.00947481
0.0182253
0.00759485
-0.0255245
-0.00154632
-0.011191
-0.00968426
-0.00811919
-0.0313936
-0.00204352
-0.0434566
-0.0207313
0.00108823
-0.00612809
-0.0185118
-0.042328
-0.0174513
-0.0740633
-0.0720398
-0.0465999
-0.0693331
-0.103588
-0.0912152
-0.0839883
-0.0786611
-0.074427
-0.0873202
-0.0455947
-0.0469348
-0.0402337
-0.0455859
-0.0185716
0.00872559
-0.00893469
0.0287345
-0.000387614
0.0160579
0.0207692
0.0138298
0.0069894
-0.0105958
0.00897448
0.00467172
0.0129498
0.0169951
0.00463511
-0.00537914
-0.0115976
0.0272416
0.0292891
0.0191427
0.0233164
0.00660762
0.0587052
0.059584
0.065609
0.0511934
0.0522089
0.088668
0.0938718
0.116564
0.129982
0.157594
0.208228
0.210457
0.202234
0.217597
0.232076
0.232076
0.232076
0.232076
0.199272
0.144962
0.084579
0.0621099
0.0390539
0.022569
0.0531807
0.0919908
0.102938
0.105109
0.116631
0.127812
0.0949755
0.112064
0.126573
0.123448
0.135762
0.135762
0.135762
0.135762
0.00206225
0.00206225
0.00206225
