-0.921337
-0.921324
-0.921299
-0.921278
-0.921322
-0.921361
-0.921408
-0.921296
-0.921312
-0.921359
-0.921373
-0.921322
-0.921355
-0.921268
-0.921282
-0.921298
-0.921335
-0.921306
-0.92125
-0.921279
-0.921341
-0.921359
-0.921312
-0.921336
-0.921294
-0.921338
-0.921352
-0.921308
-0.921309
-0.92131
-0.921295
-0.921328
-0.921335
-0.921347
-0.92133
-0.921299
-0.921346
-0.921255
-0.921301
-0.921275
-0.921314
-0.921384
-0.921285
-0.921289
-0.921317
-0.921294
-0.9213
-0.921366
-0.921277
-0.921335
-0.921329
-0.921302
-0.921284
-0.921333
-0.921324
-0.921306
-0.921337
-0.921322
-0.921368
-0.921354
-0.921311
-0.921277
-0.921283
-0.921318
-0.921334
-0.92133
-0.921357
-0.921348
-0.921319
-0.921357
-0.921312
-0.921357
-0.921319
-0.921306
-0.921333
-0.921321
-0.921336
-0.921308
-0.921331
-0.921353
-0.921354
-0.92129
-0.921362
-0.921334
-0.921303
-0.921312
-0.921326
-0.92134
-0.921277
-0.921336
-0.921385
-0.921326
-0.92129
-0.921354
-0.921328
-0.921358
-0.921325
-0.921322
-0.921323
-0.921353
-0.921324
-0.921392
-0.92131
-0.9213
-0.921328
-0.921358
-0.92134
-0.921393
-0.921311
-0.921309
-0.921261
-0.921335
-0.921323
-0.921272
-0.92129
-0.921271
-0.921319
-0.921516
-0.921601
-0.921569
-0.921707
-0.921722
-0.921767
-0.921802
-0.921761
-0.92178
-0.921679
-0.921679
-0.921609
-0.921664
-0.921655
-0.921687
-0.921666
-0.921656
-0.921697
-0.921648
-0.92167
-0.921669
-0.921658
-0.921679
-0.921569
-0.921582
-0.921587
-0.921676
-0.921664
-0.92165
-0.921736
-0.921717
-0.921733
-0.921694
-0.921694
-0.921657
-0.921749
-0.921755
-0.921629
-0.921565
-0.92163
-0.921719
-0.921866
-0.921939
-0.922203
-0.92237
-0.922447
-0.922429
-0.922431
-0.922321
-0.922363
-0.922318
-0.922413
-0.922312
-0.922336
-0.922358
-0.922373
-0.92245
-0.922465
-0.922399
-0.922476
-0.923038
-0.923174
-0.923058
-0.922991
-0.922686
-0.922343
-0.922269
-0.922372
-0.922397
-0.922379
-0.922423
-0.922374
-0.921987
-0.921495
-0.920607
-0.919877
-0.919006
-0.917922
-0.916328
-0.914451
-0.912471
-0.910658
-0.908375
-0.905894
-0.902886
-0.899584
-0.895916
-0.892222
-0.888165
-0.883815
-0.879317
-0.874497
-0.86956
-0.864485
-0.859387
-0.85468
-0.844441
-0.839003
-0.833312
-0.827563
-0.821776
-0.816044
-0.810237
-0.804423
-0.798841
-0.793277
-0.788012
-0.782667
-0.777013
-0.77117
-0.765042
-0.758769
-0.752401
-0.746065
-0.739559
-0.733271
-0.727052
-0.720779
-0.714322
-0.707566
-0.700686
-0.693928
-0.687209
-0.680601
-0.674358
-0.668193
-0.662081
-0.656094
-0.649721
-0.643158
-0.63667
-0.630199
-0.623965
-0.618103
-0.612304
-0.606815
-0.59573
-0.590011
-0.584106
-0.578177
-0.57223
-0.566422
-0.560583
-0.554884
-0.54939
-0.544066
-0.538797
-0.533313
-0.527385
-0.52122
-0.5152
-0.509024
-0.502832
-0.497062
-0.491563
-0.486397
-0.481351
-0.476189
-0.470786
-0.465244
-0.459649
-0.454026
-0.448598
-0.443183
-0.437859
-0.432754
-0.427694
-0.4227
-0.417648
-0.412377
-0.4069
-0.395639
-0.390218
-0.385005
-0.379911
-0.374582
-0.369667
-0.364973
-0.360333
-0.35604
-0.351881
-0.347647
-0.343483
-0.339483
-0.335595
-0.33191
-0.32832
-0.324893
-0.32149
-0.318352
-0.315386
-0.312301
-0.309704
-0.307457
-0.304968
-0.302431
-0.300243
-0.297634
-0.294576
-0.291601
-0.288254
-0.284593
-0.280864
-0.276895
-0.272862
-0.268813
-0.264802
-0.260629
-0.256482
-0.252279
-0.248302
-0.244417
-0.236704
-0.232825
-0.228786
-0.224714
-0.220685
-0.216715
-0.212732
-0.209195
-0.205582
-0.202072
-0.198528
-0.194821
-0.191383
-0.187643
-0.184292
-0.180944
-0.177145
-0.173691
-0.169659
-0.165822
-0.161787
-0.15755
-0.153343
-0.149314
-0.144921
-0.140664
-0.13645
-0.132033
-0.127499
-0.123252
-0.119099
-0.115051
-0.111093
-0.107264
-0.103152
-0.0993357
-0.095431
-0.0880722
-0.0849795
-0.081964
-0.0791528
-0.0765848
-0.0738823
-0.0713722
-0.0687229
-0.0660225
-0.0631537
-0.0605327
-0.0576896
-0.0543736
-0.0512465
-0.0478987
-0.0441526
-0.0405568
-0.0367393
-0.0330103
-0.0295188
-0.0259789
-0.0227324
-0.0196086
-0.0164292
-0.0133046
-0.00996745
-0.00652385
-0.00330603
2.63453e-05
0.00343394
0.00660902
0.0101223
0.0137048
0.0173918
0.0211085
0.0249747
0.0286443
0.0357928
0.0391783
0.042429
0.0456135
0.0488355
0.0519482
0.0549881
0.0579051
0.060596
0.0632403
0.0661671
0.0690977
0.0719752
0.0751936
0.078378
0.0816507
0.0849835
0.0880778
0.0913994
0.0944681
0.0978889
0.101231
0.105015
0.108853
0.112713
0.116977
0.120839
0.124996
0.129162
0.133416
0.137739
0.142304
0.1471
0.151881
0.156721
0.161646
0.171408
0.175772
0.180075
0.184358
0.188505
0.192484
0.196468
0.200698
0.205021
0.209587
0.21411
0.218741
0.223407
0.228054
0.232595
0.237253
0.241858
0.246287
0.250626
0.254895
0.259506
0.263956
0.268956
0.273836
0.278937
0.284057
0.288842
0.293349
0.297604
0.301779
0.305741
0.309381
0.313223
0.317151
0.321146
0.325684
0.330222
0.335194
0.345472
0.350651
0.35588
0.361061
0.366255
0.371164
0.376045
0.38085
0.385638
0.390795
0.396181
0.401734
0.407342
0.413244
0.419117
0.424889
0.430638
0.436129
0.441579
0.446861
0.452224
0.457724
0.463558
0.469638
0.475558
0.481403
0.487534
0.493388
0.499141
0.504873
0.510637
0.516499
0.522894
0.529674
0.536809
0.544147
0.551476
0.565576
0.572352
0.579203
0.586218
0.593729
0.601412
0.608992
0.61668
0.624094
0.631387
0.638504
0.645442
0.652481
0.659186
0.66573
0.672075
0.677979
0.683568
0.688999
0.694256
0.699512
0.704851
0.710202
0.715537
0.720889
0.72596
0.730885
0.73557
0.739875
0.743956
0.748176
0.752388
0.756728
0.761399
0.771305
0.776582
0.781802
0.786916
0.791822
0.796402
0.800342
0.803568
0.807546
0.81107
0.81472
0.81856
0.822772
0.827567
0.831736
0.837202
0.842556
0.848861
0.854199
0.860051
0.865695
0.87127
0.877195
0.882417
0.889151
0.89511
0.90161
0.907555
0.913757
0.920242
0.925867
0.931532
0.936856
0.942245
0.94745
0.951196
0.953444
0.956381
0.959762
0.96023
0.96037
0.960338
0.960324
0.960284
0.96039
0.960366
0.960512
0.960584
0.960724
0.960837
0.960849
0.960885
0.960825
0.960905
0.960901
0.96092
0.960916
0.960867
0.960896
0.960898
0.960926
0.96093
0.960886
0.960935
0.960882
0.960791
0.960739
0.960601
0.960543
0.960527
0.960567
0.960541
0.960503
0.960445
0.960348
0.960254
0.96018
0.960223
0.960311
0.960376
0.960332
0.960308
0.960257
0.960234
0.960223
0.960224
0.96026
0.960249
0.960233
0.96024
0.960244
0.960262
0.960254
0.960256
0.960244
0.960267
0.960215
0.960262
0.960329
0.960319
0.96034
0.960329
0.960335
0.960313
0.960338
0.960339
0.960338
0.960345
0.960338
0.96031
0.960248
0.960325
0.960363
0.960336
0.960356
0.960408
0.960336
0.9604
0.960408
0.960515
0.960507
0.960574
0.960584
0.960598
0.960672
0.960707
0.9608
0.960819
0.960773
0.960831
0.960939
0.960954
0.961044
0.961113
0.96126
0.961586
0.961787
0.962126
0.962464
0.962774
0.963081
0.9634
0.963866
0.964332
0.964885
0.965613
0.965777
0.965917
0.966208
0.966368
0.966348
0.96646
0.966562
0.966832
0.966842
0.967376
0.968366
0.968602
0.969378
0.970261
0.970676
0.971347
0.972234
0.973818
0.976936
0.980773
0.985276
0.990133
0.994923
1.00123
1.00889
1.01569
1.02367
1.03206
1.04068
1.05031
1.05925
1.06699
1.07599
1.0852
1.0945
1.10392
1.11392
1.12273
1.13127
1.1492
1.15828
1.16767
1.17723
1.18577
1.19499
1.20413
1.21388
1.22401
1.23557
1.24582
1.25496
1.26538
1.27662
1.28821
1.30111
1.31126
1.3227
1.3341
1.34595
1.35801
1.36994
1.38174
1.39344
1.40515
1.41722
1.42929
1.44098
1.45229
1.46393
1.47596
1.48818
1.50131
1.51357
1.52596
1.53875
1.56328
1.576
1.589
1.6038
1.61582
1.62915
1.64261
1.65615
1.66978
1.68324
1.69648
1.70981
1.72341
1.73681
1.75005
1.76318
1.77744
1.78931
1.80337
1.81457
1.82692
1.83935
1.85191
1.85726
1.86097
1.86163
1.86153
1.8613
1.86099
1.86061
1.8606
1.86071
1.86083
1.86101
1.86109
1.86107
1.86102
1.86102
1.86101
1.86102
1.86103
1.86107
1.86104
1.86112
1.86105
1.86115
1.86118
1.86115
1.86121
1.86124
1.86123
1.86123
1.86135
1.86138
1.86146
1.86152
1.86163
1.86168
1.86176
1.86193
1.86208
1.8622
1.86237
1.86246
1.86263
1.86279
1.86292
1.86301
1.86318
1.86335
1.86364
1.86385
1.86407
1.86416
1.86428
1.8643
1.86453
1.86467
1.86493
1.86514
1.86525
1.86544
1.86556
1.86572
1.86597
1.86612
1.86623
1.86632
1.86652
1.86664
1.86665
1.86682
1.86685
1.86691
1.86703
1.8671
1.86718
1.86716
1.86715
1.86714
1.86725
1.86724
1.86725
1.8673
1.86724
1.86733
1.86731
1.86732
1.86737
1.8674
1.86742
1.8675
1.86758
1.86768
1.86767
1.86772
1.86765
1.86772
1.86759
1.86768
1.86773
1.86774
1.86774
1.86773
1.86774
1.86776
1.86778
1.86781
1.86779
1.86794
1.86813
1.86847
1.86887
1.86936
1.8697
1.86986
1.87003
1.87013
1.87023
1.87031
1.87039
1.87039
1.87043
1.87042
1.87036
1.87036
1.87037
1.87033
1.87035
1.87026
1.87024
1.87026
1.87022
1.87023
1.87025
1.87018
1.8702
1.87022
1.87021
1.87019
1.87019
1.87021
1.87024
1.87017
1.87019
1.87026
1.87026
1.87024
1.87023
1.87024
1.87027
1.87023
1.87018
1.8702
1.8702
1.87021
1.87021
1.87023
1.87015
1.87021
1.87017
1.87021
1.87018
1.87014
1.8701
1.87013
1.87005
1.86999
1.86993
1.86992
1.86993
1.86994
1.86994
1.86986
1.86989
1.8699
1.86989
1.86985
1.86987
1.86987
1.86984
1.86982
1.86985
1.86982
1.86981
1.86977
1.86979
1.86979
1.86976
1.86971
1.86975
1.86973
1.86968
1.86971
1.86971
1.86973
1.86967
1.86964
1.86969
1.86966
1.8697
1.8696
1.86962
1.8695
1.86948
1.8694
1.86934
1.86945
1.86942
1.86934
1.8694
1.8694
1.86938
1.86945
1.8694
1.8694
1.86936
1.86933
1.8694
1.86932
1.86935
1.86928
1.86926
1.8692
1.86914
1.86918
1.86919
1.86921
1.8692
1.86921
1.86928
1.86919
1.86914
1.86897
1.86874
1.86875
1.86873
1.86873
1.86878
1.86878
1.86874
1.86882
1.86879
1.86877
1.86873
1.86876
1.8688
1.86872
1.86869
1.86874
1.86872
1.8687
1.86869
1.86874
1.86876
1.86883
1.86877
1.86878
1.86875
1.86875
1.86873
1.86877
1.86875
1.86869
1.86873
1.86876
1.86875
1.86874
1.86869
1.86878
1.86874
1.86872
1.86876
1.86878
1.86869
1.86871
1.86875
1.86878
1.86879
1.86873
1.86871
1.86879
1.86874
1.86878
1.86875
1.86877
1.86872
1.86876
1.86877
1.86876
1.86879
1.86877
1.86874
1.86877
1.86876
1.86879
1.86871
1.86876
1.86874
1.86872
1.86874
1.8688
1.86874
1.86872
1.86878
1.86873
1.86873
1.8687
1.8687
1.86868
1.86865
1.86869
1.86866
1.86868
1.86872
1.86874
1.86865
1.86868
1.86869
1.86868
1.86867
1.86865
1.86867
1.86876
1.86868
1.86867
1.86867
1.86866
1.8687
1.8687
1.86867
1.86868
1.86866
1.86866
1.86866
1.86868
1.8686
1.86864
1.86862
1.8686
1.86862
1.86857
1.86858
1.86856
1.86864
1.86861
1.8686
1.86858
1.86852
1.86857
1.86859
1.86857
1.86864
1.86859
1.86863
1.86862
1.86861
1.86863
1.86861
1.8686
1.86857
1.86861
1.86857
1.8686
1.86858
1.86856
1.86864
1.8686
1.86866
1.86864
1.86857
1.86863
1.86862
1.8686
1.86859
1.86859
1.86856
1.86861
1.86852
1.86851
1.86841
1.86823
1.86814
1.86802
1.86789
1.86775
1.86754
1.86748
1.86734
1.86728
1.86722
1.86721
1.86724
1.86728
1.86724
1.86724
1.86726
1.86727
1.8673
1.8673
1.86746
1.86741
1.86746
1.8675
1.86742
1.86748
1.86762
1.86761
1.86766
1.86762
1.86762
1.86764
1.8677
1.86772
1.86775
1.86772
1.86771
1.86773
1.86765
1.86772
1.86772
1.86774
1.8677
1.86771
1.86766
1.86767
1.86771
1.86769
1.86759
1.86752
1.8675
1.86751
1.86758
1.86753
1.86757
1.86754
1.86761
1.86762
1.86764
1.86763
1.86767
1.86769
1.8676
1.86773
1.86767
1.86767
1.86766
1.86754
1.86741
1.86737
1.86698
1.8662
1.8652
1.86413
1.86063
1.85826
1.85538
1.85238
1.84924
1.84577
1.84208
1.83849
1.83488
1.83149
1.82794
1.82433
1.82077
1.81729
1.8139
1.81033
1.8067
1.80317
1.79962
1.79608
1.79223
1.78853
1.78468
1.78095
1.77728
1.7735
1.76949
1.76534
1.76104
1.75654
1.75214
1.74759
1.74309
1.7385
1.73394
1.72958
1.72544
1.72115
1.71706
1.70993
1.70617
1.7023
1.69826
1.69418
1.69015
1.68582
1.68145
1.67711
1.67266
1.66804
1.6635
1.65885
1.65422
1.64958
1.64496
1.64009
1.63519
1.63019
1.62578
1.62144
1.61717
1.61296
1.60908
1.6053
1.60133
1.59717
1.59313
1.58939
1.58572
1.58172
1.57733
1.57266
1.56839
1.56381
1.55864
1.54795
1.54274
1.53761
1.53234
1.52749
1.52298
1.51836
1.51333
1.50834
1.50361
1.49899
1.4943
1.48945
1.48483
1.48029
1.47581
1.47122
1.46665
1.46209
1.45708
1.45169
1.44611
1.4404
1.43466
1.42874
1.42269
1.41646
1.41044
1.40446
1.39855
1.39219
1.38564
1.37896
1.37202
1.3648
1.35758
1.343
1.33583
1.32831
1.32058
1.31248
1.30462
1.29688
1.28882
1.28068
1.27257
1.26429
1.25562
1.24661
1.2373
1.2281
1.2191
1.20996
1.20063
1.19108
1.18157
1.17207
1.16284
1.15363
1.14443
1.13518
1.1261
1.11706
1.10814
1.09917
1.09028
1.08159
1.07256
1.06341
1.05405
1.04501
1.02751
1.0189
1.01012
1.00127
0.992416
0.98368
0.975136
0.966638
0.958479
0.950224
0.941894
0.933731
0.925793
0.91809
0.910615
0.903282
0.895803
0.888158
0.880473
0.872855
0.865248
0.857664
0.850138
0.842752
0.83546
0.827734
0.819623
0.811743
0.803848
0.796013
0.788258
0.780506
0.772631
0.763972
0.756468
0.748231
0.732097
0.723972
0.715924
0.707696
0.69941
0.691325
0.683126
0.674951
0.666838
0.658679
0.650322
0.641831
0.633169
0.624414
0.615708
0.607274
0.599114
0.590876
0.582403
0.573713
0.564939
0.556327
0.547653
0.539171
0.530386
0.52135
0.512503
0.503418
0.494415
0.48537
0.476312
0.467322
0.45834
0.44919
0.440097
0.431187
0.413513
0.404874
0.39589
0.386682
0.377382
0.368206
0.359024
0.350278
0.341637
0.332853
0.324142
0.315373
0.306834
0.29971
0.293629
0.28617
0.27876
0.272277
0.266673
0.26061
0.253572
0.24659
0.240355
0.234831
0.229245
0.223344
0.217388
0.211627
0.205969
0.200433
0.194834
0.189249
0.183726
0.178397
0.173306
0.16352
0.158218
0.15282
0.1523
0.141943
0.136659
0.131305
0.125851
0.120441
0.114997
0.109947
0.10502
0.100046
0.0950149
0.0899527
0.085325
0.081396
0.0779571
0.0746882
0.0716494
0.0693408
0.0674465
0.065727
0.0640605
0.0627356
0.061399
0.0605139
0.0598054
0.0589541
0.0576743
0.0564954
0.0552698
0.0541156
0.0530344
0.0526035
0.0526646
0.0528081
0.0535092
0.0544809
0.0551901
0.0554082
0.0558857
0.0563001
0.0564694
0.0564927
0.0566753
0.0568618
0.0569826
0.0569632
0.0569571
0.0571269
0.0572999
0.0572814
0.0572888
0.0574248
0.0578138
0.0583274
0.0590143
0.0599277
0.0610321
0.062223
0.0629314
0.062827
0.0624263
0.0620618
0.0616422
0.0611923
0.0606017
0.0599326
0.0595431
0.0586573
0.0571311
0.0552256
0.0516444
0.0499917
0.0474973
0.0447123
0.0417585
0.0383891
0.0347211
0.0308861
0.0269819
0.0227317
0.0186169
0.0142913
0.00988525
0.00546271
0.00102222
-0.00373745
-0.0081023
-0.012698
-0.0175253
-0.0226818
-0.0280814
-0.0337619
-0.0394996
-0.0452642
-0.0510187
-0.0569862
-0.0622339
-0.0679145
-0.0738454
-0.0785922
-0.0844793
-0.0898666
-0.0953618
-0.100837
-0.111491
-0.11781
-0.123625
-0.129619
-0.135557
-0.141764
-0.148133
-0.154708
-0.161494
-0.16823
-0.174923
-0.181617
-0.187574
-0.194071
-0.200636
-0.207136
-0.214521
-0.221691
-0.229078
-0.236422
-0.243718
-0.25111
-0.257621
-0.265359
-0.271828
-0.279136
-0.286853
-0.295144
-0.302633
-0.309352
-0.317436
-0.324794
-0.33135
-0.339554
-0.347158
-0.354892
-0.362787
-0.377525
-0.385713
-0.393299
-0.400894
-0.407604
-0.415834
-0.422519
-0.429815
-0.436809
-0.443432
-0.449853
-0.456771
-0.462715
-0.470072
-0.476177
-0.482787
-0.48936
-0.495663
-0.502116
-0.507999
-0.513735
-0.519591
-0.525455
-0.531798
-0.536835
-0.54201
-0.547066
-0.552047
-0.556858
-0.561317
-0.565192
-0.569051
-0.573195
-0.577184
-0.581056
-0.585385
-0.589136
-0.592797
-0.596438
-0.603156
-0.606898
-0.609897
-0.613463
-0.616595
-0.619157
-0.622085
-0.624733
-0.627159
-0.629972
-0.632469
-0.635231
-0.63775
-0.640248
-0.642678
-0.645389
-0.647655
-0.649991
-0.652299
-0.654551
-0.656954
-0.659572
-0.661771
-0.664172
-0.666554
-0.668925
-0.671404
-0.673873
-0.675799
-0.678216
-0.680514
-0.682286
-0.684067
-0.6863
-0.68858
-0.690712
-0.692705
-0.697244
-0.699651
-0.702439
-0.704791
-0.707087
-0.709558
-0.712004
-0.719056
-0.72128
-0.723404
-0.725532
-0.727375
-0.729209
-0.731112
-0.732907
-0.73463
-0.736125
-0.737425
-0.738671
-0.739918
-0.741166
-0.742812
-0.744386
-0.745521
-0.74626
-0.747208
-0.748342
-0.749849
-0.751488
-0.753159
-0.754586
-0.75587
-0.757037
-0.758202
-0.759525
-0.760701
-0.761825
-0.762777
-0.763785
-0.765224
-0.766486
-0.768561
-0.76955
-0.770647
-0.771896
-0.773077
-0.774077
-0.775185
-0.776234
-0.777405
-0.777878
-0.777878
-0.777878
-0.777878
-1.01397
-1.01118
-1.00834
-1.00527
-1.00244
-0.999918
-0.997365
-0.994665
-0.991747
-0.98884
-0.98584
-0.983035
-0.979793
-0.976522
-0.972849
-0.968716
-0.964523
-0.964523
-0.964523
-0.964523
-0.927669
-0.927669
-0.927669
