0.0047526
0.00432042
0.00257404
0.00392352
0.00498485
0.00714861
0.0056581
0.00387942
0.00506423
0.00556696
0.00367362
0.00495251
0.00680171
0.00269165
0.00502307
0.00451446
0.00601676
0.00480846
0.00171847
0.001054
0.00414696
0.0042528
0.00195662
0.00318852
0.00200072
0.0038265
0.00459384
0.00507011
0.00215067
0.00348546
0.00401466
0.00421458
0.00652242
0.0045909
0.00578157
0.00462618
0.00589917
0.00321792
0.0032826
0.00375888
0.00302681
0.00647245
0.00267106
0.00355896
0.00394998
0.0039735
0.00387942
0.0053494
0.00280631
0.0042675
0.00412932
0.0025417
0.0034443
0.00386472
0.00292097
0.00305621
0.00372066
0.0033708
0.00421458
0.00610202
0.00510833
0.00252994
0.00338256
0.00421164
0.00391176
0.004488
0.00261226
0.00566692
0.00268871
0.0038412
0.00324144
0.00523769
0.0045174
0.00405288
0.00677231
0.00559342
0.0024535
0.00358836
0.00318852
0.00533176
0.00673115
0.00498779
0.0053347
0.0024241
0.00363246
0.0023359
0.00510539
0.00611378
0.0038853
0.00579921
0.00555814
0.00332376
0.00355308
0.00631075
0.00515243
0.00553462
0.00306503
0.00553168
0.00370596
0.00527297
0.0038559
0.00755431
0.0035913
0.00184196
0.0047232
0.00435276
0.00508481
0.00637837
0.00386178
0.00333552
0.00245056
0.00472908
0.0040176
0.00168319
0.00262696
0.00251524
0.00367068
0.00938284
0.0106205
0.00926232
0.00935639
0.00576099
0.00836275
0.00806877
0.00726914
0.00935051
0.00539056
0.00526415
0.00437628
0.0065871
0.00641953
0.00707512
0.00569631
0.00529355
0.00604322
0.00611672
0.00686345
0.00531706
0.00531119
0.00527591
0.00359424
0.00438216
0.00223299
0.00657534
0.00607556
0.00659298
0.00805701
0.0073691
0.00909181
0.00620198
0.00582567
0.0043116
0.00821576
0.00656064
0.00531119
0.00480846
0.00617846
0.00887721
0.0104029
0.0106587
0.0130927
0.0113289
0.00580803
0.00259168
0.00295331
0.000207223
0.000515945
-0.00149225
0.000983434
0.000759981
0.000242505
0.00123041
-0.000907133
0.00209775
0.00302975
0.000430679
0.00274163
0.0146889
0.0127076
0.00383532
0.00227415
-0.00352701
-0.00525015
-0.00581474
-0.00460911
-0.00445914
-0.00711158
-0.00468262
-0.00382105
-0.0105347
-0.0184939
-0.0198412
-0.0304218
-0.0320728
-0.0321434
-0.0319139
-0.0389134
-0.0474936
-0.0593597
-0.0610571
-0.0512989
-0.0490339
-0.0549193
-0.0675743
-0.0698269
-0.0768756
-0.0795513
-0.0767133
-0.0815695
-0.0835821
-0.0886324
-0.0972733
-0.0968213
-0.0966382
-0.0927159
-0.095052
-0.0931323
-0.0909767
-0.0905515
-0.0917149
-0.0874191
-0.100618
-0.104941
-0.0996515
-0.100647
-0.0999322
-0.0966677
-0.101401
-0.105382
-0.106999
-0.102228
-0.107433
-0.112339
-0.116389
-0.113998
-0.106916
-0.106266
-0.106076
-0.100801
-0.102045
-0.103697
-0.106071
-0.113291
-0.117223
-0.111336
-0.102852
-0.100423
-0.0956605
-0.0968243
-0.0966618
-0.0934542
-0.105506
-0.106446
-0.0973176
-0.0903684
-0.0922228
-0.093661
-0.0977637
-0.0975067
-0.0914964
-0.0944613
-0.0952115
-0.0974919
-0.0970163
-0.0976426
-0.099037
-0.105577
-0.097356
-0.0868022
-0.083588
-0.07892
-0.0834493
-0.0894768
-0.0925417
-0.0943963
-0.0950373
-0.0885173
-0.0821892
-0.0729763
-0.0717023
-0.0785276
-0.087242
-0.0931707
-0.0964403
-0.0966352
-0.0938884
-0.0832516
-0.0811564
-0.0752945
-0.0779907
-0.0804984
-0.0742651
-0.0796871
-0.0827794
-0.0815784
-0.0739614
-0.0668491
-0.0650951
-0.0653398
-0.0623775
-0.0606151
-0.0598813
-0.055538
-0.0555439
-0.0528395
-0.0546129
-0.049782
-0.0476084
-0.0458061
-0.0496848
-0.0481032
-0.0450287
-0.0493137
-0.0506921
-0.0585935
-0.0624629
-0.0622154
-0.0636124
-0.0656817
-0.0596219
-0.0662389
-0.0626427
-0.0660237
-0.0686387
-0.065611
-0.0625926
-0.0649565
-0.0673149
-0.0715814
-0.0767059
-0.0733464
-0.0658232
-0.0662138
-0.0593656
-0.0533477
-0.0584226
-0.0562613
-0.0542933
-0.0595321
-0.0574178
-0.0663362
-0.0622301
-0.0696765
-0.0669346
-0.0720252
-0.0745262
-0.0728156
-0.0763431
-0.0726814
-0.0673002
-0.069423
-0.0676289
-0.0632352
-0.0726121
-0.0703768
-0.0728628
-0.0758903
-0.074858
-0.0731768
-0.0742533
-0.0777266
-0.0760349
-0.0762325
-0.0758446
-0.0669493
-0.0666619
-0.053707
-0.0478514
-0.0464628
-0.0470518
-0.0460005
-0.0501001
-0.0516583
-0.0557782
-0.0597678
-0.0599137
-0.0661696
-0.0647841
-0.0696515
-0.0716979
-0.067735
-0.0690574
-0.0649285
-0.0606519
-0.0602762
-0.0549326
-0.0537895
-0.0548648
-0.054417
-0.0617438
-0.0585036
-0.060341
-0.0617423
-0.0665705
-0.0681846
-0.0715254
-0.0752724
-0.0741177
-0.0770747
-0.0690706
-0.0671498
-0.0691414
-0.0593449
-0.0533948
-0.0536511
-0.0596323
-0.0568889
-0.0616392
-0.0578775
-0.0601023
-0.0542653
-0.0624674
-0.0619486
-0.0632661
-0.0644363
-0.0683645
-0.0620208
-0.0622728
-0.0570171
-0.0589295
-0.0526893
-0.0613209
-0.0573338
-0.0672441
-0.0669272
-0.071521
-0.0747665
-0.0740631
-0.0793153
-0.0840484
-0.0797313
-0.0871992
-0.0892642
-0.0909309
-0.0841856
-0.0856879
-0.0829196
-0.0779803
-0.0765821
-0.0870177
-0.075119
-0.0745616
-0.0802727
-0.0803819
-0.0837872
-0.0799629
-0.0776868
-0.0786839
-0.0786677
-0.0738198
-0.0774685
-0.0778564
-0.0786633
-0.0764478
-0.0784627
-0.079749
-0.0856422
-0.0841635
-0.0845914
-0.0910712
-0.0879003
-0.084753
-0.076981
-0.0733398
-0.0708943
-0.0709894
-0.0679679
-0.061931
-0.0643302
-0.0703164
-0.0737343
-0.0788853
-0.0806165
-0.0812649
-0.0821029
-0.0802322
-0.0827853
-0.0787887
-0.0788381
-0.0785681
-0.0797733
-0.078473
-0.0787193
-0.0801879
-0.0829218
-0.0871343
-0.0855905
-0.0824939
-0.0849722
-0.0821693
-0.0847169
-0.0905847
-0.0894532
-0.092933
-0.094516
-0.0920486
-0.0902393
-0.0841746
-0.0833276
-0.0827609
-0.0878752
-0.0882597
-0.0873291
-0.0909449
-0.0913812
-0.0947456
-0.100138
-0.103574
-0.104592
-0.109339
-0.107725
-0.111122
-0.1123
-0.111525
-0.109917
-0.116388
-0.119105
-0.113526
-0.112362
-0.115985
-0.118697
-0.116005
-0.118616
-0.118801
-0.113712
-0.103503
-0.0964442
-0.0883878
-0.0848927
-0.0904467
-0.0915226
-0.0931617
-0.098893
-0.102969
-0.0988045
-0.0905781
-0.0843006
-0.0781661
-0.0766672
-0.0762098
-0.0768263
-0.0759836
-0.0707763
-0.0804393
-0.0851588
-0.0900282
-0.0886357
-0.09155
-0.0909372
-0.09262
-0.0876944
-0.0843046
-0.0792915
-0.0689312
-0.0584123
-0.0594167
-0.062759
-0.0744544
-0.083528
-0.0914038
-0.0983642
-0.0983992
-0.0736286
-0.0840169
-0.0855746
-0.111999
-0.112065
-0.10913
-0.102476
-0.101536
-0.110249
-0.0974007
-0.118762
-0.110795
-0.111948
-0.0991234
-0.0949073
-0.0967427
-0.0936709
-0.103079
-0.100849
-0.104902
-0.0973767
-0.0630104
-0.0355219
-0.0129438
0.000923896
-0.00275
-0.00732331
-0.00900949
-0.0090808
-0.00818642
-0.0105355
-0.010298
-0.0134821
-0.0132912
-0.0146589
-0.0170367
-0.0160719
-0.0146887
-0.013353
-0.0158638
-0.013699
-0.0153788
-0.0156531
-0.0150351
-0.0157792
-0.0156318
-0.0164672
-0.0157414
-0.0137861
-0.0162535
-0.0128946
-0.0127725
-0.0108277
-0.00643669
-0.00576586
-0.00427426
-0.00726155
-0.00995131
-0.00834449
-0.00624114
-0.00592833
-0.00333294
-0.00347261
-0.00307087
-0.00602537
-0.00808643
-0.00495315
-0.00513142
-0.00407651
-0.0033877
-0.00345938
-0.00397947
-0.0042941
-0.00434593
-0.00464734
-0.00427095
-0.00419119
-0.0051101
-0.00455802
-0.0052983
-0.00460433
-0.00500645
-0.00219353
-0.00362
-0.00578828
-0.00620181
-0.00711415
-0.00521376
-0.00498476
-0.00515752
-0.00545562
-0.00504982
-0.00642493
-0.00594156
-0.00726008
-0.00587172
-0.00428822
-0.004497
-0.00671679
-0.00782507
-0.00795851
-0.00800189
-0.00589561
-0.00712738
-0.00859593
-0.00987962
-0.0101237
-0.0100112
-0.00983882
-0.0120696
-0.0128924
-0.0130427
-0.0150987
-0.0140266
-0.0130655
-0.0150159
-0.0160969
-0.016134
-0.0168161
-0.0174301
-0.0195011
-0.0202111
-0.0173801
-0.0178298
-0.0167212
-0.022468
-0.0246087
-0.0220281
-0.0205722
-0.0195154
-0.0166966
-0.0219612
-0.0105781
-0.00651646
-0.0118619
-0.0149358
-0.0134313
-0.0131317
-0.0149306
-0.0209628
-0.018235
-0.0227272
-0.0333199
-0.0206903
-0.0157094
-0.0198059
-0.0158851
-0.0221131
-0.0336279
-0.0349571
-0.0668506
-0.0974834
-0.118165
-0.129452
-0.128131
-0.134569
-0.135757
-0.133666
-0.131675
-0.131318
-0.133834
-0.141238
-0.15104
-0.146971
-0.151369
-0.137925
-0.128333
-0.127619
-0.12836
-0.139145
-0.139621
-0.141982
-0.130292
-0.136579
-0.141733
-0.15499
-0.157008
-0.145966
-0.1391
-0.140561
-0.154894
-0.173737
-0.176462
-0.169167
-0.173756
-0.172326
-0.17798
-0.175033
-0.173863
-0.16969
-0.171594
-0.177738
-0.18676
-0.196676
-0.181886
-0.163559
-0.167066
-0.173996
-0.183576
-0.184419
-0.179857
-0.179387
-0.189327
-0.195307
-0.19916
-0.192195
-0.192617
-0.207135
-0.207776
-0.205452
-0.207579
-0.20866
-0.210412
-0.20176
-0.188799
-0.194252
-0.206238
-0.212302
-0.208818
-0.205605
-0.196982
-0.19384
-0.185853
-0.178826
-0.187145
-0.199532
-0.198105
-0.188546
-0.178228
-0.161715
-0.0382069
0.0865533
0.164179
0.132515
0.0305581
-0.0346216
-0.0865926
-0.0707056
-0.0337239
-0.00523251
0.0273191
0.0341703
0.00208011
-0.00197741
-0.00394749
-0.00457088
-0.00313593
-0.00407687
-0.00461793
-0.00549716
-0.00569124
-0.00400042
-0.00661166
-0.0064411
-0.00455618
-0.00474437
-0.00764091
-0.00717921
-0.00605294
-0.00896721
-0.00633818
-0.00576181
-0.00650874
-0.00923483
-0.00721156
-0.009923
-0.0043474
-0.00425919
-0.00458264
-0.00821142
-0.00847903
-0.00989065
-0.00859372
-0.00618232
-0.00756445
-0.0102436
-0.00942599
-0.00857608
-0.00450619
-0.00619703
-0.00842316
-0.0108259
-0.0078497
-0.0115552
-0.00971125
-0.00696454
-0.00706159
-0.00957891
-0.0122258
-0.00787911
-0.0068528
-0.00928188
-0.0101936
-0.0116464
-0.00965538
-0.00869371
-0.00821142
-0.00812025
-0.0108082
-0.0100671
-0.00902015
-0.00352995
-0.00790264
-0.00659696
-0.00894957
-0.00639993
-0.00701453
-0.00978478
-0.00672341
-0.00829376
-0.00885252
-0.0104906
-0.00905838
-0.00595589
-0.00582945
-0.00647051
-0.0084261
-0.00744976
-0.009973
-0.00727332
-0.00570594
-0.00376812
-0.00760856
-0.0038534
-0.00624996
-0.00261547
-0.00480612
-0.00696748
-0.00724979
-0.00564125
-0.00626466
-0.006347
-0.00722333
-0.00737036
-0.00990535
-0.00698219
-0.0106641
-0.0106818
-0.00854961
-0.00973184
-0.00995241
-0.0101994
-0.00749387
-0.00812908
-0.0122817
-0.0106141
-0.00927894
-0.00776442
-0.00742918
-0.00915543
-0.00720568
-0.00517958
-0.00721156
-0.00781441
-0.0057824
-0.00656755
-0.00477378
-0.00458558
-0.00553833
-0.00520604
-0.00546775
-0.00440033
-0.00332705
-0.00583533
-0.00332117
-0.00352407
-0.00296832
-0.00445032
-0.00538836
-0.00521486
-0.00154812
-0.00378577
-0.0037446
-0.0056736
-0.00460911
-0.00619115
-0.00458852
-0.00718804
-0.0038534
-0.00294186
-0.00413274
-0.00520898
-0.00419155
-0.00218324
-0.00749387
-0.00146579
-0.00391221
-0.00237436
-0.00402689
-0.00350054
-0.00235966
-0.00194801
-0.00375048
-0.0012041
-0.000519017
-0.00133348
-0.00065721
-3.97563e-05
-0.000918895
0.000201342
0.00104518
-0.000383765
-0.000839507
-0.00145109
5.72713e-05
0.000339532
-0.00116588
-4.26966e-05
0.00189782
-0.00156282
0.00255934
-0.000145605
0.000148418
-0.00199799
-0.00404159
-0.0025302
-0.00255372
-0.00218912
-0.00190096
-0.00137758
-0.00304183
-0.00178335
-0.000604285
-0.00256255
0.000568868
-0.0018745
-0.00355641
-0.00320944
0.000201342
-0.00196565
-0.00547952
-0.004862
-0.00956127
-0.00688808
-0.0102965
-0.0101847
-0.00815848
-0.00847315
-0.0105877
-0.00756445
-0.0104347
-0.0100995
-0.00863784
-0.00903779
-0.00465616
-0.0102494
-0.0088084
-0.00796439
-0.00818495
-0.00704394
-0.00826729
-0.0081232
-0.0094201
-0.00804085
-0.009276
-0.00871136
-0.00950833
-0.0111259
-0.00826435
-0.00869371
-0.00667635
-0.00557067
-0.00827612
-0.0104524
-0.00898192
-0.0107759
-0.00845256
-0.00804674
-0.0123729
-0.0100612
-0.0111876
-0.00926424
-0.0108023
-0.0133758
-0.0134111
-0.0107376
-0.0108612
-0.0110906
-0.0112523
-0.0122729
-0.0125317
-0.0121611
-0.0149053
-0.0124082
-0.0145905
-0.0103406
-0.0122258
-0.0112494
-0.0133346
-0.0106259
-0.00981713
-0.0114817
-0.0113317
-0.0135935
-0.00964655
-0.0106053
-0.0136229
-0.0109523
-0.0109082
-0.0116229
-0.0123376
-0.00902309
-0.00974066
-0.0129964
-0.0120023
-0.0137346
-0.012617
-0.0100612
-0.012917
-0.010123
-0.0123935
-0.0120199
-0.0113906
-0.010967
-0.0113317
-0.0127405
-0.0118935
-0.0123317
-0.0107729
-0.00873488
-0.0124229
-0.0104024
-0.0097936
-0.00982301
-0.0126199
-0.00920542
-0.0107994
-0.01147
-0.0116082
-0.0107935
-0.0114376
-0.0110112
-0.0103494
-0.0106435
-0.00891133
-0.0087937
-0.0119758
-0.00929071
-0.0105141
-0.00776442
-0.00929071
-0.0107523
-0.00982301
-0.0101259
-0.00918778
-0.0122082
-0.00861431
-0.0103494
-0.00932894
-0.00995829
-0.011267
-0.00888193
-0.00801733
-0.00927012
-0.00882899
-0.00883193
-0.00874665
-0.00957303
-0.00886722
-0.0102259
-0.00889957
-0.00705864
-0.00946128
-0.00909661
-0.00979654
-0.00919366
-0.00736742
-0.00935541
-0.00933188
-0.00810261
-0.00806438
-0.01157
-0.00976125
-0.00912014
-0.00746152
-0.00637935
-0.00793204
-0.00779089
-0.0104788
-0.0105994
-0.00827906
-0.00982007
-0.00936129
-0.00996123
-0.00948775
-0.00768208
-0.0106847
-0.0091319
-0.00736154
-0.00725567
-0.00787911
-0.00789382
-0.0100053
-0.0100465
-0.00817613
-0.00904073
-0.0104347
-0.00572064
-0.00931717
-0.00899074
-0.00754092
-0.00748799
-0.010173
-0.00902015
-0.00868195
-0.0055001
-0.00636758
-0.00502079
-0.00654402
-0.0050796
-0.00309476
0.000101375
0.00143916
0.00290921
0.00257404
0.00535234
0.00531706
0.00537586
0.00472908
0.00227121
0.00129509
0.00434688
0.00387942
0.00327966
0.00227415
0.00296801
0.00332082
-0.0013423
-1.91747e-05
-0.000901253
-0.00378283
-2.21149e-05
-0.00198623
-0.00441503
-0.00407393
-0.00389456
-0.00465322
-0.00253902
-0.00608234
-0.00630583
-0.00972302
-0.00808496
-0.0071998
-0.00712922
-0.00880546
-0.00515017
-0.00503549
-0.00717921
-0.00694102
-0.00596178
-0.00792028
-0.00655579
-0.00640287
-0.00771737
-0.00702042
-0.00637347
-0.00141287
-0.00270074
-0.00317709
-0.00498256
-0.00270663
-0.00284776
-0.00362698
-0.00494727
-0.00581769
-0.00632053
-0.00372108
-0.00609999
-0.00580298
-0.00278602
-0.00810555
-0.00512959
-0.00642052
-0.00588826
-0.00371814
0.000339532
0.000524765
0.0096827
0.0250207
0.0330593
0.0373416
0.0361395
0.0394284
0.0543892
0.0639695
0.0625378
0.0585781
0.0594747
0.0639725
0.0589926
0.0509325
0.0460151
0.0496451
0.0522435
0.0548772
0.0513587
0.0521524
0.0584693
0.054695
0.0585692
0.057414
0.061603
0.0600773
0.061456
0.064972
0.0662244
0.0636373
0.0711315
0.0712844
0.0654924
0.0669815
0.0711006
0.0673916
0.0654174
0.0666963
0.069507
0.067202
0.0562058
0.0625805
0.0686279
0.0588573
0.0588897
0.0584487
0.0664346
0.0665625
0.0621542
0.0666463
0.0704141
0.0672667
0.0681207
0.0710786
0.078074
0.0788327
0.0826678
0.0802297
0.0790827
0.0728266
0.066711
0.0695555
0.0631258
0.0564175
0.0557296
0.0655982
0.067371
0.0602904
0.0623629
0.0704229
0.0721297
0.0675063
0.0579122
0.0510369
0.0679443
0.0855076
0.0839207
0.0806973
0.0826178
0.085212
0.0763728
0.0721003
0.0754612
0.0763023
0.0737219
0.0702538
0.0728766
0.0784299
0.076961
0.070908
0.0629509
0.0660745
0.0708595
0.0749746
0.0799547
0.0784122
0.0871445
0.0819678
0.080934
0.0838884
0.0878108
0.0945861
0.0967326
0.0959014
0.0970166
0.09689
0.100446
0.0989955
0.0972726
0.103749
0.105752
0.109782
0.11418
0.116821
0.118552
0.120985
0.118086
0.116268
0.117524
0.126368
0.128046
0.121431
0.123259
0.13324
0.140041
0.136802
0.134236
0.140292
0.143344
0.148367
0.147676
0.144412
0.141291
0.142608
0.144513
0.146701
0.138071
0.13788
0.133566
0.133597
0.13326
0.134767
0.132724
0.135263
0.142281
0.13926
0.134772
0.132193
0.135257
0.130554
0.132053
0.128967
0.129757
0.127091
0.127859
0.128535
0.126031
0.127272
0.123272
0.110393
0.114176
0.11298
0.112416
0.112839
0.115947
0.112039
0.110543
0.114338
0.113786
0.113023
0.113222
0.113788
0.117735
0.118265
0.113953
0.111767
0.121457
0.12062
0.119594
0.118963
0.119339
0.122278
0.119847
0.11413
0.121925
0.13151
0.123869
0.124799
0.117345
0.121046
0.12474
0.120026
0.12279
0.125739
0.12602
0.131768
0.132887
0.130401
0.127073
0.123657
0.121053
0.124197
0.125364
0.123946
0.126301
0.133903
0.137472
0.135428
0.133944
0.126108
0.128792
0.13597
0.135207
0.138621
0.14042
0.135498
0.137107
0.135779
0.129814
0.130711
0.135452
0.134531
0.13962
0.137076
0.134853
0.138487
0.135375
0.133295
0.1307
0.128395
0.129037
0.128375
0.127279
0.126915
0.127288
0.091847
0.0539153
0.0733184
0.111572
0.128969
0.104677
0.0809385
0.0866636
0.103612
0.103306
0.0844722
0.0777991
0.0866915
0.0907481
0.094926
0.0914557
0.0819105
0.0761729
0.0761008
0.0805444
0.0798076
0.0833237
0.0808164
0.0846046
0.0846031
0.0842369
0.0797385
0.0748776
0.0769771
0.0817678
0.0865415
0.094642
0.0896788
0.0815458
0.075179
0.0678944
0.0717093
0.0748129
0.0600611
0.0440238
0.0299291
0.0318543
0.028436
0.0248238
0.026987
0.0287608
0.0262552
0.0278203
0.0256173
0.0252014
0.0215964
0.0252514
0.0256438
0.0293663
0.0285301
0.0276498
0.0118051
0.00778802
0.00508775
-6.0338e-05
-0.0086643
-0.0243307
-0.0225139
-0.0196838
-0.0267008
-0.0276174
-0.0240203
-0.0275673
-0.0317181
-0.0302187
-0.0279925
-0.0270097
-0.0307558
-0.0349351
-0.0341507
-0.0334031
-0.0286517
-0.0300363
-0.0333619
-0.0336268
-0.0337357
-0.028712
-0.0195706
-0.0132449
-0.0114611
-0.00660284
-0.00281983
-0.000429339
0.0100781
0.0229382
0.0341806
0.0339998
0.0310034
0.0303803
0.0372461
0.0430421
0.0421427
0.0568026
0.0629126
0.0637549
0.0633301
0.0641871
0.0609533
0.0659657
0.0714343
0.0676959
0.0693027
0.0753613
0.0719048
0.0693585
0.0791945
0.0829428
0.0868562
0.0868107
0.0857253
0.0856444
0.0849679
0.0858341
0.0874578
0.0865283
0.0876078
0.0884344
0.0905657
0.0861371
0.0814414
0.07768
0.0758582
0.0790004
0.0871048
0.0924986
0.0983467
0.101035
0.104281
0.105453
0.104248
0.10271
0.105825
0.109698
0.105154
0.102201
0.0996474
0.104336
0.108251
0.117307
0.117368
0.113096
0.113648
0.115634
0.115587
0.111708
0.114233
0.122271
0.11959
0.116444
0.110258
0.115658
0.125335
0.122418
0.123473
0.120165
0.124339
0.123832
0.123944
0.122772
0.120256
0.124027
0.123093
0.117879
0.11638
0.114845
0.115455
0.111409
0.106092
0.104767
0.105547
0.104326
0.109139
0.107308
0.104691
0.103231
0.103893
0.104249
0.101862
0.0961971
0.097689
0.0950966
0.0870739
0.0807355
0.0748864
0.0813472
0.0871798
0.0777123
0.0729427
0.0731662
0.0685324
0.078127
0.0706111
0.0622879
0.0642547
0.0683795
0.0629553
0.0604418
0.058628
0.0580666
0.0576844
0.0575668
0.0569437
0.0522552
0.0491219
0.0520377
0.0515645
0.0493188
0.0490396
0.0485429
0.0436696
0.0471732
0.048393
0.0400045
0.0402396
0.0351961
0.0376003
0.0417827
0.042926
0.0445044
0.03969
0.038241
0.0421236
0.0381234
0.044716
0.0446748
0.0407863
0.0439665
0.0390963
0.038967
0.0400162
0.0421266
0.0468704
0.0434639
0.0374034
0.0439547
0.0505445
0.0456859
0.0391521
0.0411537
0.0493247
0.0489896
0.0396606
0.0360984
0.0372123
0.0366245
0.034185
0.0374798
0.033318
0.0286212
0.0296617
0.0342673
0.0299762
0.0284272
0.0250471
0.0228104
0.0300055
0.0364893
0.0286976
0.0263933
0.0310989
0.034041
0.0328888
0.0339851
0.0313517
0.0285918
0.0322951
0.0326567
0.0273221
0.0198417
0.0162115
0.0163585
0.0237333
0.024959
0.0275513
0.0228692
0.0181574
0.019436
0.0229867
0.0216846
0.0206382
0.0183279
0.0216111
0.02065
0.0175431
0.02612
0.0232777
0.025779
0.0232601
0.0232601
0.0232601
0.0232601
-0.0568934
-0.0423197
-0.0286679
-0.0392932
-0.0475201
-0.0477233
-0.0440364
-0.0445369
-0.0576035
-0.0536496
-0.0628844
-0.0679724
-0.0657436
-0.0662831
-0.0731267
-0.0790114
-0.0847626
-0.0847626
-0.0847626
-0.0847626
0.00595209
0.00595209
0.00595209
