-0.00249303
0.00338733
-0.00198401
0.00710638
-0.00822744
-0.00114467
-0.0174108
0.00539796
0.0010312
-0.00333997
-0.022346
0.0045097
-0.00474422
-0.00846094
0.023714
0.0066663
0.00194828
-0.00476559
0.00336624
0.0278377
-0.00589921
-0.00812156
-0.000878435
-0.00565367
0.00317325
0.000233314
-0.00887959
0.00259604
-0.00102432
-0.00251307
0.0078287
-0.00288349
-0.0117705
-0.0339142
0.00643522
0.00987538
0.0111258
0.0131578
-0.00207126
0.0168076
-0.00143902
-0.0166491
0.0164184
0.0017691
0.00681917
-0.00366224
0.0190905
-0.0233797
0.012915
-0.0145708
0.00391239
0.00947299
0.00481432
-0.00274308
0.00507941
0.00536677
-0.00879127
-0.00949925
-0.0191699
-0.0159812
0.0154961
0.00641808
0.012995
0.00463654
-0.014458
-0.0105068
-0.0143174
-0.00645087
-0.00681896
-0.0140424
0.00899262
-0.00436509
0.00597171
0.00842993
6.87945e-05
-0.00304281
0.00463658
0.00794717
0.00608893
-0.0153628
-0.0126902
0.0213041
-0.0132609
-0.00382726
0.00935182
-0.00123448
0.00611558
0.0040248
0.00960558
-0.0120244
-0.0125288
0.000300278
0.0101143
-0.00458069
0.000628538
-0.024553
0.0122655
-0.00690428
0.0131278
-0.00639183
0.00357292
-0.011217
0.00140558
0.00753234
-0.00407299
-0.00894373
-0.00712557
-0.0140717
0.00289221
0.00163354
0.0277256
-0.0120471
-0.0116776
0.0193751
0.009219
0.0168209
0.00574017
-0.0229559
-0.00481163
0.0128931
-0.0200805
-0.00166553
-0.000915916
-0.0184247
0.00853488
0.00193429
0.0042356
0.00460036
0.0163542
0.00220738
0.0180206
-0.0172983
-0.0113058
-0.00141232
-0.012978
0.00405264
0.0153773
0.00269274
0.00265239
0.0113187
0.0135562
0.0215672
-0.00142228
-0.00449386
0.0057675
0.00132382
-0.0176396
0.010318
-0.0105688
-0.00924999
0.0120239
0.00890341
-0.0108658
-0.0135613
0.0051221
0.0226629
-0.0106824
0.000285035
-0.00885806
-0.0264685
-0.0307227
-0.0126463
-0.00122055
-0.0138078
-0.0107942
0.0133527
-0.0121072
0.00412506
-0.0314463
0.008894
0.00956542
-0.00796302
-0.00197962
-0.0124102
0.00108134
0.0248624
0.00882592
-0.00790477
-0.00727874
0.029669
0.0320083
0.0249942
0.0426468
0.004946
-0.0148261
-0.0103921
0.020652
-0.0145545
-0.00265955
0.0644876
0.0560521
0.147275
0.0905128
0.0972366
0.12993
0.182931
0.182552
0.18218
0.188045
0.22037
0.23819
0.325483
0.317252
0.381517
0.376346
0.400685
0.462672
0.482317
0.473067
0.468212
0.500716
0.523545
0.49032
0.52476
0.517191
0.572112
0.566293
0.561978
0.567281
0.583627
0.595996
0.558189
0.554227
0.52832
0.517489
0.605151
0.596463
0.615419
0.640207
0.633003
0.633156
0.631744
0.578939
0.581165
0.598463
0.622826
0.660938
0.687693
0.688142
0.683156
0.673403
0.61927
0.586807
0.607143
0.605022
0.652823
0.65945
0.666615
0.670565
0.634219
0.593669
0.573323
0.561456
0.573734
0.572476
0.567019
0.574769
0.569021
0.55511
0.558139
0.526863
0.516688
0.56213
0.553644
0.571812
0.618633
0.664892
0.596969
0.616149
0.614356
0.575653
0.51083
0.512914
0.48536
0.544239
0.570421
0.555953
0.561086
0.556169
0.51576
0.507664
0.518137
0.497793
0.537637
0.540775
0.49808
0.503167
0.540886
0.582137
0.547346
0.547022
0.518587
0.519303
0.492845
0.443214
0.460186
0.460562
0.401691
0.41484
0.423019
0.390254
0.378836
0.379281
0.358853
0.340136
0.349025
0.313892
0.290202
0.301285
0.223429
0.233647
0.258194
0.240076
0.220563
0.271509
0.308914
0.309747
0.354253
0.343821
0.395454
0.385706
0.388065
0.407882
0.380598
0.398656
0.416027
0.404692
0.364333
0.400264
0.398902
0.412131
0.364755
0.40105
0.419602
0.371522
0.395706
0.366562
0.36441
0.363584
0.337278
0.369994
0.347832
0.384413
0.346389
0.314252
0.383328
0.360632
0.36672
0.426279
0.388079
0.411922
0.459982
0.392791
0.394982
0.442085
0.427145
0.437349
0.443182
0.45132
0.396601
0.388718
0.420182
0.385727
0.402849
0.4232
0.386622
0.356768
0.301071
0.291197
0.253479
0.270385
0.262207
0.245274
0.265754
0.279307
0.279954
0.276411
0.329894
0.318518
0.331091
0.328117
0.377277
0.351104
0.360228
0.381636
0.337862
0.365886
0.323605
0.324688
0.305074
0.308224
0.326931
0.333205
0.313435
0.357509
0.336614
0.333797
0.369013
0.35678
0.364985
0.378092
0.404725
0.364575
0.338392
0.313412
0.313969
0.311233
0.330043
0.311875
0.336194
0.295106
0.254719
0.269652
0.308748
0.250655
0.327295
0.321525
0.352634
0.32434
0.357172
0.299808
0.341635
0.299332
0.340381
0.335674
0.370994
0.426323
0.374628
0.407499
0.39663
0.410717
0.411852
0.461786
0.452306
0.431464
0.486872
0.497395
0.493199
0.465032
0.476893
0.433862
0.424325
0.396837
0.424231
0.387542
0.414839
0.412352
0.4168
0.464881
0.452581
0.472933
0.468241
0.491986
0.469685
0.445691
0.431026
0.475363
0.443782
0.406388
0.453134
0.471423
0.529403
0.492613
0.469124
0.495569
0.492206
0.466293
0.398828
0.38447
0.400697
0.35654
0.417885
0.402145
0.395493
0.452762
0.465042
0.493252
0.503966
0.518569
0.535666
0.48606
0.513283
0.503867
0.476423
0.5028
0.484308
0.506718
0.530355
0.552156
0.573677
0.576111
0.605818
0.600181
0.573243
0.525136
0.578608
0.538788
0.531248
0.534806
0.536712
0.581889
0.573196
0.560833
0.61806
0.563128
0.551919
0.556249
0.567608
0.586285
0.64765
0.682398
0.704036
0.761681
0.753049
0.672334
0.671871
0.673795
0.687885
0.751986
0.764998
0.748348
0.752439
0.709105
0.708864
0.69996
0.70364
0.693624
0.657308
0.610094
0.61839
0.574884
0.532612
0.527632
0.518402
0.564272
0.571893
0.5235
0.527605
0.51666
0.491127
0.490015
0.482344
0.451185
0.356235
0.440242
0.464441
0.431071
0.443749
0.513225
0.531649
0.529871
0.48858
0.489174
0.435057
0.370749
0.352166
0.431129
0.35692
0.35182
0.40617
0.442566
0.493559
0.420065
0.539701
0.445743
0.660312
0.511944
0.631091
0.589422
0.599804
0.6198
0.568678
0.668816
0.613637
0.657531
0.610477
0.647451
0.636546
0.56844
0.541759
0.53943
0.514303
0.467088
0.30966
0.17505
0.311062
0.047446
0.0374595
0.017071
-0.0297749
0.0211389
-0.0229097
-0.00445489
-0.00481899
0.0214387
0.00591545
0.00265873
0.0170404
-0.00520355
0.00308395
-0.0261968
0.0114587
-0.00463304
0.0189372
0.00946338
-0.00452648
-0.00533889
-0.00363726
0.000910364
-0.00330653
0.00105596
0.00188224
-0.00819298
-0.018875
-0.0130146
-0.0141764
-0.0103452
-0.00551328
-0.00725789
0.0100646
-0.00868585
-0.00762147
0.0148411
-0.00623623
-0.00945091
-0.0129961
-0.00748644
0.0072847
-0.00255748
-0.000219374
0.00681147
0.00103004
-0.0161517
-0.00812277
-0.00335384
-0.00238542
-0.0126275
0.00342328
-0.00939043
0.0043126
-0.00953354
0.00999625
-0.0110429
0.00161646
-0.00981607
-0.00529061
0.0166033
-0.0109197
-0.00276298
-0.00711651
0.00411462
-0.0234163
0.00382237
-0.00482503
-0.00260516
-0.00377318
0.00738717
-0.000251116
-0.015387
-0.00712922
0.0153546
0.00243476
-0.0124273
0.00876519
-0.0133667
0.00193726
-0.0184966
0.0131187
0.00741645
0.00738784
6.98115e-05
-0.00551002
0.00552496
-0.0146308
0.000658461
0.016492
-0.0125284
0.00106966
0.0238555
0.019056
0.0120943
0.0108135
0.015195
0.0235527
-0.00310566
0.0211633
0.0470423
0.0444
0.0472939
0.0515917
0.0390226
0.0489
0.0427931
0.0562124
0.0264879
0.00425987
0.0156489
0.0139387
0.00225087
0.019166
0.0310709
0.0207559
0.00172163
0.121081
0.0798722
0.0318159
0.0792682
0.116503
-5.62309e-05
0.0647567
0.0900036
0.250443
0.344638
0.394527
0.399152
0.480817
0.589989
0.691787
0.738136
0.769482
0.803557
0.815037
0.899776
0.869366
0.916723
0.840233
0.919925
0.926537
0.924833
0.918822
0.911727
0.864085
0.864835
0.9275
0.895108
0.951393
0.979662
0.953277
0.891722
0.911938
1.00051
1.04875
1.05175
0.988329
1.02515
1.04958
1.16018
1.17817
1.17362
1.12949
1.15169
1.15828
1.17932
1.18536
1.18815
1.14962
1.1679
1.17772
1.21877
1.16798
1.17228
1.16211
1.19402
1.22276
1.23186
1.20265
1.24999
1.25622
1.27599
1.28868
1.26907
1.33098
1.34672
1.29894
1.29328
1.38175
1.35547
1.36451
1.33054
1.32586
1.32934
1.35182
1.35722
1.30419
1.3261
1.30099
1.30421
1.2715
1.23797
1.22005
1.26924
1.24734
0.275503
0.339803
0.0263484
-0.021328
-0.0301392
-0.0353221
-0.03469
-0.000610528
0.013311
0.0245178
0.0283716
0.0032192
0.0183168
0.00464161
-0.000946998
-0.01595
-0.00566848
-0.0143985
0.0141747
0.0133113
-0.00175577
-0.0084849
6.67283e-05
0.0280017
1.69682e-05
0.00934421
0.0177452
-0.0101178
-0.00286705
0.0135404
0.011742
0.0161518
0.0138286
0.0146935
0.0138878
0.00594263
0.0153887
0.0172527
0.0116442
0.00506129
-0.00295195
0.009057
0.013413
0.0262962
-0.00678873
-0.00738129
0.00932052
0.0416801
0.0242156
-0.00609049
-0.0101319
0.0148753
0.01162
0.025818
0.0170775
0.0333125
0.0236247
-0.00661543
0.0193235
0.010371
-0.00123633
0.0350637
0.0227918
-0.000667558
-0.0135469
0.023796
0.0246309
-0.0184162
0.0179732
0.0206587
-0.0183381
0.0052094
0.00997154
0.0167647
0.00846575
-0.00224942
-0.00685192
0.0239166
0.0158918
0.012164
0.020655
-0.0109293
0.0211435
-0.00252436
-0.00363511
-0.00501464
0.00120662
0.000936745
0.00700759
0.00763552
0.0327835
0.00824169
0.0152157
-0.00540708
0.0031664
-0.0387041
-0.00504266
0.00681952
-0.00197378
0.0118372
-0.0235934
-0.00383318
0.00328249
0.00858307
0.00194439
-0.0124744
-0.00290449
0.0119378
0.0346822
0.0258531
0.0427922
0.0372245
0.0145204
0.0185293
0.00681824
0.0176143
0.00962759
0.00971389
-0.00743772
0.0231437
0.00094993
-0.016374
0.00219013
0.00733219
-0.0147007
0.00295119
-0.0172796
-0.00843954
-0.00297381
0.00126322
0.00817936
0.00539712
-0.0079968
0.0189474
-0.00218565
0.014483
0.00307041
-0.0133013
-0.000992585
0.0141186
-0.0170422
-0.0218967
0.0161601
-0.00162139
-0.00687447
-0.0109626
-0.00282305
0.00451115
0.00547188
-0.0105127
4.20786e-05
-0.014272
0.00520283
-0.0106125
0.0074267
-0.0114086
0.0015424
0.00058818
0.00610598
0.015409
0.00507172
-0.0148591
-0.00128449
-0.00960027
-0.000133486
-0.0143191
-0.00019078
0.00117333
0.0013872
0.00283813
-0.00966505
0.00431261
0.00581358
0.0140058
-0.00817268
0.0150955
0.01371
0.000863084
-0.00195728
0.00493383
-0.011886
-0.00762302
-0.0151394
-0.00724876
0.00254234
0.0079674
-0.0102314
0.00708086
0.00939234
-0.0115427
0.00472906
-0.01725
0.0117985
-0.0202246
-0.00766367
-0.0074345
0.000314442
0.0250275
-0.02521
-0.020536
-0.0218843
-0.0212674
0.00312077
-0.0116626
0.0149906
-0.00282703
-0.0228092
-0.0203667
0.0094903
-0.00732487
0.019914
0.00644126
0.0109762
-0.0153749
-0.00367845
0.0202949
-0.0155864
-0.00198514
-0.0133835
-0.0114479
-0.00319266
-0.00569318
0.00617849
-0.0135856
-0.0102746
-0.00198538
0.00541831
0.02782
-0.00300827
0.00261821
-0.0159038
-0.0330258
-0.00894784
-0.00289598
0.00765477
0.0168609
0.0123002
-0.00730453
-0.00478451
0.0151223
0.00293936
-0.0127929
0.00374093
0.0129231
0.00267346
-0.0110124
-0.00394039
0.0155169
-0.0118837
-0.0035817
0.00377513
0.00335769
0.0232632
-0.00527506
0.0195775
-0.0062557
-0.00494905
-0.010518
0.00685374
0.00263824
-0.0169914
0.00443983
0.00938034
0.00326427
0.00184611
-0.0185821
0.0186855
0.0154883
-0.013936
-0.000680409
0.0205186
-0.00693087
-0.00805859
0.00286144
0.00469896
0.0127522
-0.00418353
-0.00278398
-0.000678651
-0.00151664
-0.00582434
0.00261455
0.00226566
-0.0218784
-0.000729563
0.00520308
-0.00227331
0.00971139
0.0058093
-0.00619603
0.00219154
-0.00825031
-0.0062641
-0.00741169
-0.0011089
-0.00334903
-0.0141894
-0.0063019
0.00386084
0.00154908
-0.0135493
0.012344
-0.00189317
0.0113567
-0.00338186
0.0225246
0.00328268
0.00542795
0.00387206
-0.0112072
-0.00034833
0.0128844
0.0120851
-0.0110218
-0.00955559
-0.0107698
0.00445852
-0.0247314
-0.0166232
-0.00821937
0.0216902
-0.00745758
-0.00400982
0.00288825
0.00711269
-0.000741558
-0.000571723
-0.00824534
-0.00143858
0.000619566
-0.0042025
-0.00522573
0.0086329
-0.00824692
-0.00393422
-0.000583877
0.00340836
0.00585514
-0.0065929
-0.00224105
-0.0103249
0.00893745
-0.00626743
0.00248592
-0.0102429
-0.0209725
-0.00500052
-0.00513865
-0.0172668
0.0106186
-0.00471302
0.00246368
0.00950316
0.00702379
0.00626191
-0.000334489
-0.00930414
-0.0060401
-0.0071736
-0.00416763
-0.0147819
-0.0141719
-0.0102209
0.0038405
-0.0175036
0.0212335
0.00485969
-0.0118061
0.00408509
0.0158863
0.00415117
-0.00315315
0.00932193
-0.00260266
-0.000817029
-0.0233898
0.00331148
-0.0022988
-0.016605
-0.00466323
-0.00743112
-0.0190981
-0.00592806
-0.0191823
0.00583734
-0.0123757
-0.00779879
-0.000699234
-0.0377902
-0.00686042
0.00467614
-0.00984436
-0.0027993
-0.00868203
0.00283645
0.000621464
-0.0371487
0.0221575
0.00482877
0.0139216
0.0193031
-0.000835444
0.000197737
0.00862931
0.000537685
0.00282187
-0.00981802
-0.00232196
-0.00249179
0.0100542
0.00379335
0.0160759
0.00577396
0.0115516
0.0116535
-0.00830798
-0.000512826
0.0129811
0.0177507
-0.000851144
0.00251647
-0.0102555
0.00441022
0.00433702
0.00299534
-0.000853949
0.000664341
0.00892111
-0.0170684
0.00589652
-0.00694432
-0.0182697
-0.0168162
-0.00748166
0.000728281
0.00148081
-0.00653332
0.00299549
0.00856453
-0.0318722
0.0088028
0.00213095
-0.0100058
-0.00219192
-0.00332892
-0.0191032
-0.00161405
-0.0776591
-0.0949804
-0.109467
-0.132302
-0.230792
-0.261716
-0.302912
-0.307046
-0.315887
-0.328622
-0.375688
-0.344089
-0.348272
-0.351369
-0.35012
-0.36267
-0.312917
-0.362557
-0.317697
-0.34075
-0.389181
-0.335576
-0.380117
-0.33727
-0.401658
-0.372346
-0.359903
-0.392082
-0.384707
-0.373123
-0.43292
-0.40443
-0.416544
-0.483848
-0.43156
-0.476285
-0.474922
-0.456245
-0.446705
-0.447203
-0.424194
-0.416548
-0.415662
-0.354003
-0.403575
-0.372168
-0.385572
-0.431535
-0.398203
-0.412202
-0.451016
-0.44445
-0.42215
-0.487778
-0.482227
-0.450695
-0.451768
-0.444407
-0.495303
-0.52218
-0.489519
-0.430798
-0.419177
-0.448852
-0.425783
-0.388369
-0.399373
-0.369356
-0.400431
-0.401004
-0.363957
-0.367268
-0.350202
-0.428229
-0.461915
-0.459017
-0.413963
-0.48412
-0.569047
-0.50663
-0.49631
-0.508572
-0.537695
-0.490748
-0.445418
-0.444091
-0.50749
-0.513046
-0.467553
-0.453977
-0.463552
-0.498587
-0.482419
-0.456698
-0.436877
-0.449767
-0.5068
-0.482767
-0.476544
-0.51546
-0.541516
-0.585689
-0.588301
-0.62233
-0.620648
-0.630467
-0.59855
-0.588763
-0.59498
-0.662729
-0.677931
-0.669599
-0.692199
-0.715624
-0.71556
-0.723922
-0.72667
-0.772132
-0.775709
-0.831507
-0.779836
-0.77163
-0.790112
-0.811406
-0.801662
-0.843683
-0.889024
-0.897228
-0.925845
-0.922534
-0.844005
-0.934208
-0.950752
-0.987329
-0.923126
-0.945037
-0.910602
-0.92429
-0.934456
-0.923196
-0.898284
-0.919701
-0.878498
-0.905174
-0.896445
-0.885693
-0.904533
-0.897856
-0.95223
-0.905931
-0.836907
-0.846253
-0.908274
-0.873276
-0.893217
-0.856963
-0.863811
-0.848227
-0.817155
-0.818142
-0.837349
-0.812612
-0.796908
-0.770031
-0.760467
-0.73479
-0.733529
-0.763001
-0.792865
-0.768601
-0.762832
-0.742629
-0.749575
-0.743844
-0.735256
-0.774106
-0.824041
-0.78817
-0.765099
-0.766067
-0.762873
-0.779342
-0.807498
-0.783459
-0.827687
-0.817686
-0.810235
-0.804798
-0.809642
-0.836696
-0.841086
-0.809351
-0.81595
-0.82165
-0.796798
-0.812908
-0.847076
-0.842605
-0.852408
-0.862563
-0.86377
-0.800596
-0.786294
-0.833937
-0.870164
-0.865681
-0.873451
-0.864173
-0.879316
-0.833047
-0.893006
-0.905914
-0.88969
-0.901363
-0.911018
-0.881064
-0.9131
-0.900751
-0.916559
-0.892207
-0.925334
-0.876311
-0.860809
-0.872158
-0.912035
-0.920104
-0.912268
-0.915026
-0.922098
-0.875016
-0.843413
-0.89134
-0.875475
-0.862664
-0.846886
-0.648352
-0.638152
-0.808726
-0.727868
-0.607071
-0.598288
-0.644663
-0.723827
-0.663932
-0.580885
-0.534208
-0.564152
-0.596577
-0.587946
-0.581681
-0.554497
-0.561857
-0.585219
-0.553579
-0.54564
-0.520612
-0.507322
-0.506232
-0.530032
-0.498211
-0.503029
-0.531148
-0.544832
-0.579081
-0.558079
-0.533143
-0.548202
-0.487011
-0.437221
-0.505547
-0.546063
-0.521187
-0.43371
-0.372597
-0.354049
-0.315751
-0.300262
-0.199946
-0.209083
-0.169291
-0.166071
-0.137578
-0.153846
-0.0790423
-0.060782
-0.108807
-0.133906
-0.114054
-0.126526
-0.108068
-0.086686
-0.00923297
0.013147
0.030295
0.116022
0.0484022
0.0546781
0.00670489
0.0896674
0.0499818
0.00198536
0.0116681
0.0298778
0.0228927
0.00195627
-0.0105686
-0.0145759
0.00171286
0.0103855
0.00874034
-0.00575588
0.0295369
0.044624
0.0737195
0.0730257
0.0715258
0.117848
0.113821
0.0193633
-0.0249479
-0.0587426
-0.0300403
-0.040301
-0.0396007
-0.0690718
-0.0980213
-0.0509802
-0.116282
-0.169314
-0.194579
-0.147267
-0.192151
-0.264145
-0.291273
-0.320313
-0.362333
-0.378911
-0.397562
-0.39063
-0.448635
-0.419786
-0.440155
-0.451062
-0.468822
-0.419507
-0.481121
-0.433073
-0.456645
-0.504951
-0.537151
-0.565996
-0.604177
-0.559025
-0.571756
-0.570994
-0.599421
-0.564157
-0.55449
-0.500023
-0.510982
-0.548658
-0.567937
-0.569079
-0.581604
-0.570063
-0.582474
-0.567379
-0.612028
-0.597309
-0.62092
-0.634039
-0.659352
-0.687913
-0.707913
-0.685074
-0.674227
-0.653102
-0.633528
-0.676034
-0.665437
-0.674231
-0.707413
-0.732732
-0.732193
-0.713694
-0.731435
-0.696484
-0.696799
-0.734189
-0.724821
-0.788197
-0.7671
-0.747139
-0.780072
-0.762782
-0.74527
-0.730976
-0.755452
-0.7823
-0.786867
-0.785929
-0.791689
-0.728491
-0.767296
-0.768971
-0.769695
-0.738527
-0.71944
-0.72823
-0.69977
-0.674414
-0.645166
-0.6326
-0.663006
-0.651479
-0.666124
-0.649679
-0.664981
-0.604327
-0.639834
-0.580546
-0.546746
-0.565185
-0.573959
-0.567372
-0.552955
-0.522124
-0.531599
-0.486785
-0.444946
-0.421117
-0.382567
-0.372037
-0.414714
-0.414756
-0.370942
-0.39584
-0.373839
-0.328206
-0.358925
-0.368637
-0.359947
-0.335238
-0.352738
-0.285622
-0.304605
-0.286451
-0.25596
-0.240936
-0.263096
-0.278199
-0.294033
-0.249592
-0.240531
-0.229513
-0.227821
-0.251968
-0.239172
-0.241401
-0.201534
-0.251322
-0.257792
-0.243477
-0.251796
-0.234531
-0.255179
-0.254302
-0.199381
-0.21125
-0.233532
-0.23078
-0.175603
-0.192869
-0.204982
-0.234479
-0.190752
-0.198336
-0.259611
-0.262559
-0.260037
-0.225812
-0.241526
-0.242318
-0.267523
-0.230273
-0.22683
-0.230862
-0.216356
-0.174496
-0.169053
-0.18013
-0.190262
-0.158817
-0.13605
-0.095015
-0.112239
-0.142397
-0.124626
-0.156261
-0.128179
-0.099519
-0.0835751
-0.117642
-0.124676
-0.158645
-0.152315
-0.161983
-0.154775
-0.146376
-0.120146
-0.127835
-0.116998
-0.0939031
-0.108497
-0.117795
-0.108463
-0.142452
-0.146441
-0.0743273
-0.0891334
-0.113192
-0.127443
-0.154163
-0.101914
-0.0864175
-0.135168
-0.127461
-0.124167
-0.124167
-0.124167
-0.124167
0.251037
0.293557
0.264679
0.292329
0.251926
0.24613
0.215589
0.285699
0.283167
0.313487
0.293322
0.307538
0.336587
0.332343
0.395222
0.444978
0.424308
0.424308
0.424308
0.424308
0.0121914
0.0121914
0.0121914
