-0.674031
-0.674018
-0.674028
-0.674011
-0.674046
-0.673965
-0.673976
-0.673953
-0.673962
-0.673991
-0.674009
-0.674004
-0.673997
-0.674029
-0.674018
-0.67399
-0.674021
-0.674014
-0.673981
-0.67397
-0.673996
-0.67397
-0.673985
-0.674071
-0.674062
-0.674014
-0.674101
-0.67404
-0.67407
-0.674051
-0.674086
-0.674032
-0.674037
-0.674054
-0.67396
-0.674039
-0.67398
-0.673993
-0.674009
-0.674059
-0.674058
-0.67403
-0.674041
-0.674018
-0.674072
-0.674027
-0.674072
-0.674064
-0.67405
-0.673982
-0.674101
-0.674075
-0.674043
-0.674043
-0.67406
-0.674108
-0.6741
-0.67404
-0.67406
-0.674023
-0.674019
-0.674021
-0.674015
-0.674004
-0.674038
-0.674046
-0.674066
-0.674001
-0.67397
-0.674018
-0.673964
-0.674004
-0.674005
-0.673942
-0.673931
-0.673918
-0.673946
-0.67394
-0.673867
-0.673917
-0.673916
-0.673906
-0.673874
-0.673892
-0.673904
-0.673843
-0.673916
-0.673962
-0.673911
-0.673865
-0.673908
-0.673823
-0.673879
-0.673904
-0.673932
-0.673928
-0.673955
-0.673894
-0.673859
-0.673837
-0.67368
-0.673627
-0.673609
-0.673368
-0.672766
-0.672339
-0.67218
-0.671966
-0.671415
-0.67063
-0.669899
-0.669033
-0.668103
-0.667054
-0.666097
-0.664823
-0.663681
-0.660974
-0.659533
-0.658082
-0.656472
-0.655111
-0.653712
-0.652188
-0.650792
-0.649348
-0.647879
-0.646503
-0.645071
-0.643671
-0.642344
-0.640863
-0.639337
-0.637863
-0.636465
-0.634915
-0.633444
-0.631879
-0.630638
-0.629133
-0.62773
-0.626377
-0.62503
-0.623565
-0.62212
-0.620615
-0.619146
-0.617761
-0.616091
-0.614485
-0.612889
-0.611344
-0.609833
-0.608288
-0.606684
-0.605156
-0.603312
-0.601519
-0.599539
-0.597294
-0.595132
-0.592949
-0.58843
-0.586068
-0.583571
-0.581076
-0.578356
-0.575618
-0.572723
-0.569685
-0.566689
-0.56341
-0.560141
-0.556721
-0.55326
-0.549694
-0.546063
-0.542391
-0.538556
-0.534842
-0.531094
-0.527191
-0.52345
-0.519673
-0.515896
-0.512155
-0.508481
-0.504551
-0.500736
-0.49698
-0.49323
-0.489464
-0.485647
-0.481796
-0.47804
-0.474213
-0.470481
-0.466851
-0.463188
-0.459572
-0.455878
-0.452209
-0.448663
-0.444943
-0.441461
-0.437735
-0.434173
-0.430672
-0.426641
-0.419668
-0.415881
-0.41218
-0.408539
-0.404711
-0.400877
-0.397101
-0.393363
-0.389621
-0.385949
-0.382165
-0.378426
-0.374723
-0.371039
-0.367249
-0.363367
-0.359639
-0.355871
-0.352063
-0.34842
-0.34457
-0.340907
-0.337138
-0.333245
-0.329489
-0.325673
-0.321842
-0.318255
-0.314329
-0.310627
-0.306992
-0.30324
-0.299673
-0.296024
-0.292399
-0.288838
-0.285343
-0.281857
-0.278277
-0.274935
-0.271385
-0.267758
-0.264163
-0.256881
-0.253233
-0.249564
-0.245985
-0.242272
-0.238555
-0.234943
-0.231295
-0.227863
-0.224242
-0.220745
-0.217082
-0.213371
-0.2096
-0.20572
-0.201748
-0.197851
-0.193832
-0.189763
-0.185793
-0.181699
-0.177736
-0.173744
-0.169717
-0.165658
-0.161544
-0.157406
-0.153089
-0.148681
-0.144184
-0.139571
-0.134911
-0.130246
-0.125576
-0.120817
-0.115976
-0.111088
-0.106267
-0.101457
-0.0965981
-0.0916831
-0.0866871
-0.0817854
-0.0767759
-0.0717092
-0.0668634
-0.0571698
-0.0524643
-0.0477977
-0.0433442
-0.0390802
-0.0348759
-0.030673
-0.0265505
-0.0223423
-0.0183529
-0.014163
-0.0101904
-0.00608662
-0.00215539
0.00179311
0.00560315
0.00947278
0.01324
0.0169581
0.020581
0.0242016
0.0277408
0.031412
0.0349805
0.0387409
0.0426078
0.0463789
0.050359
0.0540965
0.0579362
0.0618154
0.0656508
0.069491
0.0734006
0.0772528
0.0812164
0.0851343
0.0889021
0.0927947
0.0966935
0.100527
0.108469
0.112526
0.116572
0.120548
0.124682
0.128602
0.132685
0.136698
0.140797
0.144764
0.148708
0.152528
0.156426
0.160433
0.164308
0.168479
0.172635
0.176703
0.180844
0.184952
0.188876
0.193058
0.19713
0.200988
0.205009
0.208961
0.212827
0.216807
0.220861
0.224834
0.22873
0.232766
0.236568
0.240501
0.24446
0.248407
0.252265
0.256225
0.260037
0.263807
0.267704
0.271403
0.275165
0.278876
0.286446
0.29007
0.293823
0.297562
0.301149
0.304804
0.308397
0.311977
0.31559
0.319139
0.322657
0.325989
0.329383
0.332679
0.335842
0.339071
0.342087
0.345093
0.347995
0.350938
0.353741
0.356674
0.359533
0.36226
0.365048
0.367891
0.370604
0.373355
0.376053
0.378848
0.381416
0.384068
0.386613
0.389167
0.391713
0.394148
0.396663
0.399078
0.401557
0.404109
0.406573
0.409273
0.414336
0.416816
0.419386
0.42199
0.424536
0.427258
0.429926
0.432649
0.435311
0.438078
0.440878
0.443729
0.446511
0.449197
0.452045
0.454732
0.45763
0.460394
0.463381
0.466185
0.469127
0.471788
0.474734
0.477521
0.480443
0.483214
0.486121
0.488963
0.491856
0.494789
0.497714
0.500696
0.503608
0.506674
0.509597
0.512671
0.515701
0.518848
0.521836
0.525011
0.528166
0.53148
0.53481
0.541415
0.544461
0.547708
0.550831
0.554136
0.557172
0.560002
0.5628
0.565401
0.567981
0.570411
0.572723
0.574931
0.577134
0.579309
0.581381
0.583475
0.585553
0.587079
0.588307
0.589538
0.591037
0.592223
0.592934
0.593602
0.594276
0.594698
0.594866
0.595052
0.595127
0.595135
0.595081
0.595096
0.59505
0.594912
0.594818
0.594797
0.59484
0.595361
0.595103
0.595151
0.594845
0.594543
0.594503
0.594539
0.594411
0.594524
0.594533
0.594514
0.59453
0.594556
0.594425
0.594476
0.594566
0.59443
0.594459
0.594433
0.594465
0.594451
0.594387
0.594405
0.594456
0.594441
0.594391
0.594375
0.594333
0.594261
0.594128
0.594094
0.593871
0.593934
0.593895
0.593836
0.593899
0.593839
0.593844
0.593833
0.593632
0.593561
0.593415
0.593272
0.593055
0.593039
0.592929
0.592986
0.592963
0.592937
0.593023
0.592969
0.592962
0.592944
0.592934
0.592896
0.592904
0.592923
0.592884
0.592973
0.592899
0.592913
0.592938
0.59295
0.59291
0.592925
0.592958
0.592854
0.59293
0.592925
0.592864
0.592811
0.592861
0.592872
0.59283
0.592775
0.592806
0.592779
0.592857
0.592813
0.592885
0.592846
0.592807
0.592776
0.592814
0.592787
0.592723
0.592723
0.59277
0.592778
0.592717
0.592674
0.592614
0.59264
0.592637
0.592618
0.592642
0.592621
0.592659
0.592516
0.592616
0.592559
0.592541
0.592587
0.592477
0.592464
0.592495
0.592485
0.592453
0.59238
0.592313
0.592347
0.592272
0.592309
0.592282
0.592259
0.592336
0.592234
0.592314
0.592292
0.59241
0.592578
0.592803
0.592985
0.593053
0.59308
0.593097
0.593032
0.593054
0.59308
0.593033
0.592942
0.593014
0.593068
0.593026
0.593027
0.592958
0.592898
0.592739
0.59262
0.59251
0.592433
0.592421
0.5924
0.59238
0.592382
0.592365
0.592335
0.59235
0.592361
0.592419
0.59263
0.593044
0.593467
0.593938
0.594253
0.59449
0.594731
0.594857
0.594948
0.595024
0.595109
0.595136
0.595125
0.594983
0.594941
0.594959
0.594823
0.594698
0.594676
0.594442
0.59431
0.594235
0.594195
0.594157
0.594023
0.593737
0.593348
0.592975
0.592359
0.592017
0.591841
0.591677
0.591694
0.591738
0.5919
0.592134
0.592391
0.592576
0.592781
0.592976
0.593098
0.593253
0.593417
0.593455
0.593579
0.593552
0.593577
0.593534
0.593526
0.593435
0.593403
0.593441
0.593402
0.593527
0.593585
0.593647
0.593739
0.594237
0.594662
0.595104
0.595818
0.596543
0.597533
0.598495
0.599703
0.600912
0.601941
0.602899
0.60404
0.605266
0.606277
0.60753
0.608703
0.610001
0.611228
0.61266
0.614119
0.615608
0.616859
0.618302
0.619615
0.621028
0.62223
0.623058
0.6239
0.624487
0.624823
0.625143
0.625527
0.626099
0.627063
0.628416
0.62975
0.630776
0.631561
0.632122
0.632545
0.633559
0.634274
0.63506
0.635986
0.637497
0.639112
0.640582
0.642497
0.644287
0.645889
0.647553
0.649416
0.651902
0.653881
0.656464
0.659126
0.66147
0.663917
0.666359
0.668814
0.67104
0.673226
0.675306
0.67731
0.679502
0.681999
0.684342
0.686957
0.689506
0.692117
0.69477
0.697237
0.699632
0.701813
0.704206
0.706848
0.709668
0.712637
0.715234
0.718088
0.720441
0.723004
0.725492
0.730658
0.733396
0.736308
0.738959
0.741983
0.74517
0.748688
0.752007
0.755058
0.757826
0.760573
0.763236
0.766071
0.768623
0.771444
0.774212
0.777394
0.780568
0.783864
0.786994
0.790117
0.793163
0.796292
0.799265
0.802405
0.805522
0.808942
0.812167
0.81563
0.819001
0.822453
0.825745
0.828766
0.831827
0.834656
0.837442
0.840049
0.842652
0.845328
0.847958
0.850984
0.85372
0.856536
0.859337
0.862134
0.867301
0.870135
0.872974
0.875898
0.878675
0.88143
0.884202
0.886828
0.889691
0.892443
0.895396
0.898287
0.901399
0.904663
0.908159
0.911424
0.91513
0.918829
0.922471
0.926525
0.930466
0.934559
0.938895
0.943087
0.947308
0.951527
0.955426
0.958969
0.96223
0.965108
0.967901
0.970414
0.972826
0.975079
0.977311
0.979551
0.981751
0.98401
0.986614
0.989162
0.991701
0.996944
0.999878
1.00289
1.00618
1.00973
1.01358
1.01747
1.02152
1.02556
1.02951
1.03364
1.03773
1.04185
1.04604
1.05015
1.05447
1.05887
1.06299
1.06694
1.07079
1.07429
1.07764
1.08045
1.08294
1.085
1.08696
1.08861
1.08997
1.09116
1.09229
1.09318
1.09368
1.09411
1.09415
1.09413
1.09419
1.0943
1.09468
1.09501
1.0954
1.0957
1.09587
1.0959
1.09583
1.09579
1.09573
1.09576
1.09575
1.0957
1.09565
1.09562
1.09561
1.09556
1.09554
1.09553
1.09553
1.0956
1.09555
1.09571
1.09575
1.09579
1.09588
1.09593
1.09595
1.09593
1.0959
1.09589
1.09581
1.0958
1.09574
1.09572
1.09565
1.09564
1.09566
1.09568
1.09562
1.09559
1.09553
1.09551
1.09545
1.09536
1.09525
1.09524
1.09518
1.09511
1.09506
1.09496
1.09486
1.09477
1.09477
1.0947
1.09462
1.09458
1.0945
1.0945
1.09436
1.0943
1.0943
1.09428
1.09413
1.09403
1.09384
1.0936
1.09331
1.09311
1.09283
1.09263
1.09238
1.09212
1.09146
1.09068
1.08975
1.08898
1.08786
1.08651
1.08516
1.08383
1.08211
1.08028
1.07841
1.07646
1.07431
1.07255
1.07058
1.06851
1.06649
1.06438
1.06134
1.05907
1.05377
1.05343
1.04776
1.04436
1.04126
1.0376
1.03396
1.03045
1.02691
1.02335
1.01995
1.01642
1.01306
1.00966
1.00646
1.00332
1.00019
0.997064
0.994138
0.991033
0.988124
0.985233
0.982395
0.979379
0.976553
0.973429
0.970312
0.966993
0.963735
0.960389
0.956942
0.953555
0.950059
0.946437
0.942755
0.938858
0.934942
0.930797
0.926465
0.92178
0.91232
0.907449
0.902491
0.897479
0.892561
0.887745
0.882789
0.877639
0.872368
0.867066
0.861559
0.855899
0.850303
0.844917
0.839465
0.833899
0.828139
0.822393
0.816435
0.810678
0.805121
0.799277
0.793625
0.787829
0.781968
0.776345
0.770764
0.764899
0.759006
0.753251
0.747251
0.741176
0.735154
0.728786
0.722377
0.716121
0.703251
0.69669
0.689874
0.683189
0.676424
0.669501
0.662696
0.655715
0.64873
0.641854
0.634873
0.628025
0.621255
0.614534
0.60781
0.600803
0.593784
0.586921
0.579807
0.572823
0.565955
0.558834
0.551891
0.544793
0.537879
0.530947
0.524261
0.517595
0.510737
0.503922
0.497208
0.490302
0.483576
0.476986
0.470433
0.463897
0.457562
0.451084
0.444758
0.438352
0.43184
0.425532
0.413201
0.407129
0.401042
0.394919
0.38896
0.38286
0.376501
0.370316
0.363739
0.357323
0.350867
0.344288
0.337729
0.331244
0.324645
0.317938
0.311206
0.304493
0.297869
0.291317
0.28483
0.278388
0.271974
0.265442
0.258976
0.25226
0.245672
0.238921
0.232169
0.2255
0.21895
0.212357
0.20588
0.199368
0.192864
0.186323
0.179515
0.172945
0.166067
0.159182
0.152435
0.145557
0.138785
0.131966
0.125189
0.111595
0.104828
0.0981701
0.0911525
0.0844108
0.0775652
0.0707343
0.0640953
0.0573763
0.0507425
0.0444216
0.0379632
0.031826
0.0257822
0.019339
0.0130962
0.0068435
0.000246562
-0.00602858
-0.0124639
-0.0187972
-0.0249023
-0.0310142
-0.0370017
-0.0426153
-0.0481991
-0.0537032
-0.0591304
-0.0645969
-0.0699698
-0.0752837
-0.0808092
-0.0864203
-0.0919657
-0.0975571
-0.103074
-0.108421
-0.11389
-0.119429
-0.124836
-0.12998
-0.135267
-0.140487
-0.151165
-0.156676
-0.162163
-0.167738
-0.173216
-0.17891
-0.184858
-0.190837
-0.197
-0.203092
-0.20916
-0.215088
-0.221031
-0.226822
-0.232465
-0.238109
-0.243443
-0.2489
-0.254193
-0.259326
-0.264506
-0.269602
-0.274362
-0.27957
-0.284819
-0.289888
-0.295154
-0.300451
-0.305982
-0.311258
-0.316859
-0.322436
-0.328023
-0.333569
-0.338932
-0.343916
-0.348959
-0.353927
-0.359027
-0.364106
-0.374585
-0.379635
-0.384641
-0.389668
-0.39479
-0.399857
-0.405255
-0.410803
-0.41618
-0.421905
-0.427755
-0.433402
-0.439091
-0.444836
-0.450263
-0.455604
-0.460838
-0.465866
-0.470842
-0.475897
-0.48091
-0.485821
-0.490641
-0.495267
-0.49988
-0.504255
-0.508541
-0.512765
-0.516918
-0.521025
-0.525213
-0.529485
-0.533711
-0.538029
-0.542085
-0.54637
-0.55118
-0.555685
-0.560394
-0.565233
-0.575741
-0.581248
-0.586746
-0.592372
-0.598108
-0.604105
-0.609878
-0.615229
-0.620349
-0.625556
-0.629948
-0.634345
-0.63869
-0.642873
-0.64673
-0.650414
-0.654004
-0.657351
-0.660633
-0.663633
-0.666734
-0.669558
-0.672489
-0.675114
-0.677728
-0.680282
-0.682756
-0.685291
-0.687847
-0.690531
-0.693176
-0.695702
-0.698151
-0.700631
-0.703233
-0.705934
-0.708483
-0.71112
-0.713712
-0.716102
-0.718723
-0.721304
-0.723871
-0.726344
-0.729059
-0.731599
-0.736599
-0.739093
-0.741939
-0.744605
-0.747353
-0.750108
-0.752842
-0.755719
-0.758553
-0.761589
-0.764579
-0.76757
-0.77041
-0.773244
-0.776055
-0.778663
-0.781114
-0.783561
-0.785633
-0.787815
-0.789928
-0.79191
-0.794085
-0.796492
-0.798688
-0.801153
-0.803797
-0.806591
-0.809668
-0.813071
-0.816685
-0.820767
-0.82484
-0.829224
-0.833677
-0.838042
-0.841918
-0.845943
-0.850063
-0.854205
-0.858539
-0.863044
-0.867852
-0.872897
-0.879093
-0.892128
-0.898888
-0.906283
-0.913456
-0.920825
-0.928523
-0.935973
-0.943097
-0.950226
-0.956776
-0.963011
-0.968907
-0.974381
-0.979752
-0.985191
-0.990194
-0.995271
-1.00017
-1.00489
-1.00958
-1.0143
-1.01896
-1.02355
-1.02816
-1.03274
-1.03715
-1.04114
-1.04495
-1.04849
-1.05195
-1.05507
-1.05814
-1.06112
-1.06409
-1.06708
-1.06995
-1.0729
-1.07552
-1.07816
-1.08071
-1.08326
-1.0861
-1.09198
-1.09533
-1.09907
-1.1031
-1.10728
-1.11165
-1.1161
-1.12051
-1.12494
-1.12927
-1.13319
-1.13687
-1.1407
-1.14412
-1.14765
-1.15091
-1.1541
-1.15715
-1.16005
-1.16275
-1.16544
-1.16802
-1.17058
-1.17278
-1.17485
-1.17676
-1.17851
-1.18024
-1.18202
-1.18365
-1.18513
-1.18638
-1.18762
-1.1888
-1.19
-1.19117
-1.19239
-1.19348
-1.19451
-1.1954
-1.19641
-1.19751
-1.19894
-1.20033
-1.2016
-1.20247
-1.20301
-1.20319
-1.20291
-1.20245
-1.20209
-1.20188
-1.20178
-1.20163
-1.20158
-1.20137
-1.20108
-1.20081
-1.2006
-1.20037
-1.20014
-1.19983
-1.19959
-1.19929
-1.19881
-1.19804
-1.19713
-1.19688
-1.19683
-1.19672
-1.19676
-1.19677
-1.19679
-1.19676
-1.19669
-1.19651
-1.19618
-1.19572
-1.19539
-1.19481
-1.19391
-1.19273
-1.19126
-1.18956
-1.18774
-1.18609
-1.18467
-1.18344
-1.18249
-1.18155
-1.17968
-1.17859
-1.1775
-1.17623
-1.17491
-1.17349
-1.17216
-1.17067
-1.16903
-1.16737
-1.16581
-1.16402
-1.16233
-1.16013
-1.15824
-1.15605
-1.15362
-1.15144
-1.14934
-1.14717
-1.14513
-1.14298
-1.14076
-1.13791
-1.13507
-1.13176
-1.129
-1.12612
-1.12329
-1.1205
-1.11758
-1.1147
-1.11201
-1.10918
-1.10607
-1.10289
-1.09941
-1.09657
-1.09341
-1.09004
-1.08691
-1.08398
-1.08119
-1.07812
-1.07517
-1.07287
-1.067
-1.06421
-1.06154
-1.05852
-1.05563
-1.05295
-1.05
-1.04702
-1.04432
-1.04127
-1.03875
-1.03625
-1.03393
-1.03148
-1.02906
-1.0266
-1.02414
-1.0218
-1.01963
-1.01683
-1.01427
-1.01165
-1.00903
-1.00659
-1.00392
-1.00126
-0.998542
-0.996043
-0.993342
-0.990498
-0.988296
-0.985914
-0.983243
-0.980705
-0.978442
-0.975821
-0.973321
-0.97065
-0.96804
-0.965519
-0.962836
-0.96005
-0.954389
-0.951088
-0.948152
-0.945522
-0.942689
-0.939959
-0.937113
-0.934437
-0.931377
-0.928844
-0.926272
-0.923572
-0.920352
-0.917787
-0.914745
-0.912306
-0.909266
-0.906529
-0.903292
-0.900496
-0.89757
-0.894557
-0.891595
-0.888433
-0.885521
-0.882465
-0.879517
-0.876467
-0.873703
-0.870616
-0.867321
-0.864596
-0.861553
-0.858325
-0.854964
-0.852097
-0.849123
-0.846107
-0.84291
-0.840078
-0.837295
-0.83444
-0.831805
-0.829028
-0.823816
-0.821187
-0.818316
-0.815658
-0.81306
-0.810436
-0.808091
-0.805414
-0.803334
-0.800795
-0.798706
-0.796663
-0.794413
-0.792412
-0.790734
-0.78902
-0.787416
-0.78594
-0.784706
-0.783417
-0.78226
-0.781041
-0.779949
-0.778993
-0.778024
-0.777024
-0.775994
-0.775018
-0.774094
-0.77313
-0.77219
-0.771311
-0.770559
-0.769608
-0.768643
-0.767316
-0.765691
-0.762981
-0.760232
-0.75569
-0.751052
-0.747028
-0.742809
-0.739154
-0.733399
-0.730943
-0.728797
-0.72692
-0.725402
-0.724394
-0.723347
-0.722331
-0.721633
-0.721081
-0.720588
-0.720166
-0.719852
-0.719573
-0.719434
-0.719261
-0.719129
-0.718932
-0.718666
-0.718617
-0.71856
-0.71859
-0.718499
-0.718533
-0.718507
-0.718505
-0.718469
-0.718466
-0.718474
-0.71838
-0.718369
-0.718388
-0.718391
-0.718374
-0.718397
-0.718373
-0.718401
-0.718316
-0.718391
-0.718363
-0.718339
-0.718326
-0.718354
-0.718317
-0.718371
-0.718304
-0.718325
-0.718303
-0.718289
-0.718322
-0.718313
-0.718332
-0.718255
-0.718261
-0.718291
-0.71833
-0.718315
-0.718228
-0.718252
-0.718276
-0.718205
-0.71823
-0.718223
-0.718252
-0.718245
-0.718234
-0.718233
-0.71821
-0.71826
-0.718215
-0.718186
-0.718276
-0.718194
-0.718265
-0.718244
-0.718197
-0.718231
-0.718219
-0.718211
-0.718245
-0.718238
-0.718202
-0.718187
-0.718242
-0.718223
-0.718183
-0.71822
-0.718201
-0.718235
-0.71819
-0.718242
-0.718235
-0.718188
-0.718197
-0.718201
-0.718206
-0.718203
-0.718241
-0.718151
-0.718222
-0.718163
-0.718186
