-0.0032052
-0.000746943
-0.0107338
0.00271309
-0.00620898
0.00381241
0.0117188
0.0063357
0.000586061
-0.0082786
0.00304225
0.0167113
0.0165552
-0.00791563
0.00881373
0.0100109
-0.00239016
0.00716829
0.00785364
0.010923
0.00515904
0.0132154
0.0194316
-0.00641262
-0.01376
0.00842001
-0.00157093
-0.00489914
0.00357115
0.00802329
-0.00122118
0.0123175
-0.00133173
-0.012516
0.00725268
-0.0161581
0.0119142
0.00676038
0.00141389
-0.0179162
-0.0245277
0.00928496
-0.00589274
0.00528265
-0.00146484
0.00972865
-0.00470877
-0.000653713
0.00534798
0.0195145
-0.0110118
-0.00520525
0.00860569
0.0132085
-0.00167703
-0.0160971
-0.0229978
0.0186068
0.00417007
-0.00293618
0.0126499
0.00227886
0.0034155
0.00281033
-0.00963965
-0.0171397
-0.00515097
-0.00191502
0.0143555
-0.00567857
0.00441067
-0.0184494
-0.0210107
0.0121047
0.015653
0.0277887
0.00906524
0.0202269
0.0152471
0.00298212
-0.00480324
-0.00662419
0.00156977
0.00298758
-0.0102889
0.00634704
-0.0143163
-0.0204189
-0.0205655
0.0106895
-0.00241308
0.00293344
0.0167499
-0.0010467
-0.00776104
0.00489451
-0.0137717
0.00607412
0.00879057
-0.0091927
0.0176894
-0.00903541
0.0112364
0.0398646
0.0453866
0.0375129
0.0128239
0.0353852
0.0360742
0.0814637
0.0836909
0.0968236
0.0892868
0.122935
0.0720004
0.116318
0.133993
0.152667
0.156731
0.151087
0.147179
0.125569
0.140325
0.152741
0.140906
0.143984
0.148087
0.130219
0.125128
0.129441
0.144853
0.144942
0.155022
0.159004
0.14969
0.147912
0.160433
0.146259
0.12016
0.143469
0.139287
0.139654
0.128949
0.135994
0.161306
0.171787
0.167142
0.1575
0.183342
0.14518
0.178721
0.174333
0.154829
0.153553
0.175462
0.157953
0.191148
0.178185
0.193359
0.220789
0.216748
0.214204
0.243276
0.258287
0.261842
0.239238
0.272069
0.281515
0.297853
0.333495
0.309444
0.331698
0.330395
0.347154
0.370836
0.354455
0.364871
0.352196
0.379909
0.404098
0.372599
0.406942
0.388289
0.371689
0.387323
0.398619
0.379322
0.406199
0.400665
0.389786
0.378553
0.381222
0.368465
0.366259
0.375895
0.366667
0.355614
0.347427
0.364054
0.374045
0.378926
0.366838
0.335379
0.366951
0.368433
0.354164
0.374797
0.332526
0.340241
0.361425
0.367886
0.359258
0.344838
0.35939
0.378288
0.368438
0.363067
0.379114
0.384824
0.390057
0.37108
0.358613
0.378595
0.376879
0.382617
0.392664
0.367777
0.386236
0.365319
0.388025
0.386856
0.381462
0.395918
0.395658
0.378688
0.403466
0.35739
0.362762
0.369944
0.370565
0.374415
0.381963
0.341565
0.376304
0.346672
0.325086
0.343027
0.352574
0.342427
0.332363
0.361338
0.363704
0.357085
0.331851
0.362508
0.361184
0.34429
0.374895
0.354947
0.342837
0.334923
0.331379
0.350151
0.363731
0.386514
0.397597
0.368011
0.399628
0.384218
0.399376
0.423724
0.394051
0.406568
0.40444
0.394798
0.386484
0.404219
0.385762
0.402455
0.449634
0.43386
0.427289
0.454609
0.482936
0.471556
0.471737
0.451729
0.495613
0.484871
0.490485
0.473957
0.477651
0.460923
0.500634
0.487729
0.484779
0.497708
0.476277
0.485661
0.469051
0.456206
0.437078
0.407557
0.423978
0.397448
0.423148
0.422026
0.394199
0.416852
0.401641
0.414361
0.398573
0.395202
0.387373
0.381851
0.35268
0.366141
0.344261
0.371402
0.333038
0.395495
0.35045
0.370083
0.414438
0.369293
0.39365
0.389606
0.360673
0.394967
0.401574
0.380185
0.389373
0.365865
0.384138
0.385686
0.358903
0.392094
0.391008
0.381056
0.380273
0.417125
0.40578
0.405052
0.407757
0.396137
0.415186
0.41056
0.417069
0.395586
0.404258
0.380878
0.400158
0.402065
0.387756
0.384123
0.453316
0.396168
0.405481
0.428638
0.406779
0.40817
0.428727
0.38019
0.389476
0.400023
0.361228
0.37427
0.407184
0.396076
0.390681
0.384205
0.381672
0.377579
0.392923
0.40033
0.373866
0.389783
0.403326
0.357166
0.391346
0.365525
0.358019
0.36483
0.384963
0.382577
0.366311
0.377525
0.403989
0.340894
0.378615
0.352869
0.349593
0.335682
0.342826
0.334827
0.328505
0.340315
0.323077
0.346866
0.302264
0.316113
0.28878
0.296401
0.281075
0.294667
0.273344
0.285934
0.261044
0.271417
0.271433
0.261449
0.26807
0.286512
0.265314
0.259701
0.237065
0.259184
0.249043
0.245262
0.25712
0.262979
0.255822
0.251866
0.249344
0.274942
0.244747
0.234685
0.246332
0.23912
0.253858
0.272851
0.252112
0.281828
0.248578
0.27339
0.254587
0.290041
0.275331
0.28248
0.302407
0.277552
0.308908
0.275914
0.285494
0.269651
0.292398
0.245012
0.281637
0.230825
0.316695
0.280274
0.307305
0.264822
0.303865
0.276358
0.327721
0.296246
0.312351
0.315376
0.310372
0.307224
0.299211
0.302757
0.333453
0.324595
0.327105
0.326518
0.327991
0.335406
0.295939
0.327847
0.306194
0.319165
0.307093
0.27309
0.2829
0.259763
0.242489
0.260368
0.231219
0.238768
0.21628
0.216296
0.211661
0.201225
0.220484
0.128651
0.116371
0.142234
0.187996
0.0993849
0.0633025
0.0593199
0.0452676
0.047626
0.0225907
-0.00787565
0.0112288
-0.000336165
-0.0122829
0.00496993
0.00291581
-0.0177096
-0.0180744
0.000459244
0.0135131
0.067697
-0.124309
0.0112786
-0.048415
0.0300165
0.00337577
0.0143297
-0.00657961
0.00158903
0.0094782
-0.0201301
0.00462152
-0.00818861
-0.0192297
-0.00918647
0.0140713
-0.0234391
-0.00873714
-0.000627398
-0.00360027
0.00151105
-0.00667696
0.00229936
0.0307725
0.013225
-0.00355551
-0.0137066
-0.00682034
0.00139213
-0.0252705
0.00245854
-0.0296825
0.0148721
-0.00254564
-0.0184582
-0.0189225
-0.00675208
-0.0214602
-0.0100426
-0.0310523
-0.0149865
-0.0380113
-0.0330268
0.0194067
0.013235
-0.00474755
0.0092186
0.00878419
-0.00875877
0.0190543
0.0106433
0.0171495
-0.0061471
0.000231245
-0.0112575
-0.00229233
-0.00860772
-0.0282389
3.33847e-05
-0.027942
-0.0148441
0.00457399
0.0013187
-0.00909605
-0.00987966
-0.00350004
-0.0250835
-0.0160681
0.00308978
-0.00752272
-0.0117064
-0.0050273
0.011806
0.0194462
-0.0112504
-0.0132616
-0.0060769
0.00861577
-0.00385915
0.00739447
0.012394
-0.00345489
-0.0072506
-0.00355754
-0.00232421
-0.00918006
-0.0291754
-0.00468597
0.00745598
0.00566744
-0.00468794
-0.011709
-0.00940702
-0.000539072
-0.0075174
0.00924872
0.0126333
0.0199497
-0.0162444
0.0249463
0.00569951
0.0100371
0.00841918
-0.00600279
-0.0200356
0.00355432
0.003725
0.00174443
-0.00283501
-0.0110824
0.00570007
-0.0135924
0.0114334
0.00947391
-0.00571868
0.0185973
-0.0159528
0.0105169
0.0036726
0.0012062
0.0327925
0.0135113
0.0180955
0.00408774
0.00651701
0.0148048
-0.00586491
0.0075355
0.0047616
-0.00770938
-0.0140915
0.000660265
0.00273188
0.00980307
-0.00735966
-0.00376329
0.003195
-0.0125849
0.0013392
-0.0238741
-0.0178622
-0.00168539
0.012336
0.00550152
0.0117964
-0.00426842
-0.00590692
-0.000925399
-0.00101951
0.00599206
0.032098
0.0581616
0.0444415
0.0319756
0.033022
0.0237615
0.033636
0.0148899
0.00619225
0.0214754
0.0056665
0.00965024
0.0180047
0.00425896
-0.0131542
0.0208626
0.000978434
-0.0299442
-0.00114079
-0.0211246
-0.03182
-0.02036
-0.00930293
0.00789666
-0.0278963
-0.0462331
-0.0597248
-0.0482589
-0.0350089
-0.00980156
-0.0253962
-0.0108378
-0.00956417
0.00929247
0.0133429
0.0285463
0.028252
0.0140832
0.0106776
0.0175817
0.018782
0.00172657
0.0225469
-0.0109412
0.00465729
-0.00918727
0.0030847
-0.00518383
0.00462422
-0.00515346
-0.000415515
0.0126113
-0.0271716
-0.00226211
0.0140811
-0.000899562
0.00653893
0.0139628
0.057391
0.0311484
0.0820279
0.0684755
0.0974738
0.0907426
0.134369
0.0895072
0.0914963
0.10569
0.110321
0.124848
0.132179
0.126555
0.140195
0.11903
0.147779
0.13987
0.129104
0.148676
0.127044
0.1513
0.135875
0.0918952
0.0940959
0.0972466
0.0599401
0.0429445
0.0282533
0.0471693
0.0418854
0.0597006
0.0909337
0.113407
0.148318
0.0925845
0.0619924
0.0455693
0.0371472
0.0563485
0.070689
0.0688237
0.126568
0.164564
0.164552
0.158467
0.212236
0.189979
0.177028
0.194849
0.18794
0.246019
0.235634
0.284535
0.237165
0.267713
0.235962
0.235756
0.240479
0.215029
0.222612
0.210313
0.184867
0.219692
0.259081
0.268899
0.26548
0.263007
0.249274
0.25993
0.250171
0.227159
0.228141
0.251232
0.247864
0.28176
0.297347
0.258367
0.244675
0.233665
0.26747
0.254803
0.277722
0.280288
0.28387
0.288673
0.304846
0.309715
0.343163
0.34971
0.295157
0.285929
0.289642
0.273991
0.275008
0.26022
0.298396
0.287719
0.337539
0.316751
0.339815
0.318892
0.312563
0.301213
0.311953
0.330314
0.305724
0.313252
0.347647
0.325558
0.334026
0.329858
0.341999
0.337082
0.279292
0.287927
0.263943
0.296354
0.25046
0.250907
0.276776
0.26304
0.274189
0.285477
0.289681
0.272821
0.288378
0.265803
0.285472
0.299896
0.301885
0.274053
0.277644
0.242148
0.237519
0.274106
0.287154
0.290607
0.299965
0.304923
0.316955
0.359883
0.320133
0.354293
0.390803
0.362124
0.378977
0.411961
0.397709
0.428946
0.425476
0.425461
0.401649
0.390296
0.347843
0.321202
0.280544
0.247422
0.246924
0.225829
0.229545
0.221553
0.217653
0.217611
0.20756
0.238281
0.257133
0.260329
0.269319
0.303707
0.302142
0.362875
0.396897
0.390527
0.399786
0.399856
0.403924
0.374539
0.381192
0.410112
0.419219
0.42395
0.415177
0.440695
0.447768
0.41673
0.360512
0.388536
0.332407
0.322928
0.294929
0.233069
0.190336
0.185767
0.1748
0.130597
0.122871
0.0947219
0.0796068
0.0206169
0.0396402
0.0097408
-0.00363189
-0.00160003
0.0222536
0.0397398
0.0309632
0.0362138
0.0231589
0.0184105
-0.00357007
-0.0137065
-0.00952064
-0.0106997
-0.000661184
0.0234298
-0.00241883
-0.0128055
-0.0241032
0.00257262
-0.007787
-0.0110448
0.01424
0.00474393
0.00852172
-0.0197248
-0.013169
-0.000149968
0.0110145
0.00128616
0.0177666
0.00089361
-0.000990457
-0.0126268
-0.00453071
-0.0170909
0.00168446
-0.00537312
-0.00685584
-0.00779657
0.00588422
0.0131353
0.0144603
-0.0199619
-0.00822602
-0.0193835
-0.000592709
0.00374646
-0.0136541
-0.0123659
0.00283236
0.00233627
0.00405694
0.00291919
0.00504623
-0.00213038
-0.0160612
-0.00758677
-0.0174675
-0.00675554
0.000676877
-0.00322923
0.0233278
-2.34591e-05
-0.00997252
-0.00587876
0.00481782
-0.0126517
-0.0113164
-0.020694
-0.0270596
-0.032909
-0.0130614
-0.0194923
-0.0197428
-0.0296145
-0.0263231
-0.0707901
-0.0665543
-0.0885222
-0.0896212
-0.125224
-0.142694
-0.144204
-0.143816
-0.180984
-0.213657
-0.197786
-0.212686
-0.192978
-0.209071
-0.218397
-0.193163
-0.185006
-0.19262
-0.286302
-0.243765
-0.30121
-0.317476
-0.320793
-0.388956
-0.268678
-0.377495
-0.359157
-0.350189
-0.33482
-0.381327
-0.331278
-0.336543
-0.349137
-0.328354
-0.332929
-0.317944
-0.319573
-0.326778
-0.30893
-0.313576
-0.293537
-0.275455
-0.272013
-0.316955
-0.286442
-0.309487
-0.318819
-0.323058
-0.337362
-0.324106
-0.340062
-0.363239
-0.360518
-0.369386
-0.370705
-0.385589
-0.409234
-0.42202
-0.411888
-0.476671
-0.505195
-0.496893
-0.488835
-0.491112
-0.527472
-0.476141
-0.484244
-0.522025
-0.54396
-0.53422
-0.533489
-0.573389
-0.556706
-0.51707
-0.54518
-0.544117
-0.583487
-0.595019
-0.603846
-0.570364
-0.585683
-0.591924
-0.59205
-0.602646
-0.59225
-0.563344
-0.557716
-0.569459
-0.589541
-0.568222
-0.568553
-0.58924
-0.56594
-0.624171
-0.651398
-0.64487
-0.632978
-0.664382
-0.715821
-0.675847
-0.696137
-0.692239
-0.648645
-0.693859
-0.69086
-0.672373
-0.738101
-0.69557
-0.678159
-0.666938
-0.651784
-0.713679
-0.706703
-0.702594
-0.714102
-0.705516
-0.660148
-0.689594
-0.699033
-0.720587
-0.712408
-0.718285
-0.645535
-0.626061
-0.685309
-0.677376
-0.675516
-0.701438
-0.699004
-0.663021
-0.657235
-0.638854
-0.620658
-0.643552
-0.618679
-0.62871
-0.659825
-0.627598
-0.601137
-0.603514
-0.597102
-0.623119
-0.62865
-0.62242
-0.639147
-0.618228
-0.657812
-0.654581
-0.647891
-0.664299
-0.639293
-0.650924
-0.662139
-0.665854
-0.681074
-0.665197
-0.665717
-0.624909
-0.613327
-0.648143
-0.627387
-0.643671
-0.651191
-0.680357
-0.662138
-0.703701
-0.665469
-0.681421
-0.660406
-0.655255
-0.647834
-0.698179
-0.649768
-0.63746
-0.668583
-0.635483
-0.673161
-0.707758
-0.687012
-0.691824
-0.67188
-0.68252
-0.672521
-0.681132
-0.661385
-0.682289
-0.667506
-0.644784
-0.693818
-0.693114
-0.686206
-0.676214
-0.638901
-0.63079
-0.652718
-0.604733
-0.597822
-0.633656
-0.5953
-0.6212
-0.640507
-0.613584
-0.646907
-0.623238
-0.594103
-0.587842
-0.607553
-0.569904
-0.558841
-0.517466
-0.548826
-0.547633
-0.552635
-0.548882
-0.55536
-0.567912
-0.533884
-0.540716
-0.54842
-0.528722
-0.533127
-0.563001
-0.565353
-0.50534
-0.537137
-0.516755
-0.541055
-0.570865
-0.575067
-0.564688
-0.563794
-0.58286
-0.592572
-0.617125
-0.62905
-0.636846
-0.611803
-0.630114
-0.562058
-0.577337
-0.525223
-0.553629
-0.519673
-0.534781
-0.492803
-0.524086
-0.518134
-0.481664
-0.458465
-0.493341
-0.488373
-0.524703
-0.560799
-0.536833
-0.559161
-0.535729
-0.56909
-0.542344
-0.512572
-0.528786
-0.51827
-0.470426
-0.526427
-0.513664
-0.492426
-0.494288
-0.542445
-0.524491
-0.523832
-0.504666
-0.500287
-0.505112
-0.539902
-0.566436
-0.510605
-0.55721
-0.57853
-0.553365
-0.550168
-0.532787
-0.50976
-0.518139
-0.534531
-0.521449
-0.492351
-0.495419
-0.494299
-0.485118
-0.510238
-0.473692
-0.449241
-0.427413
-0.42148
-0.417719
-0.410681
-0.390534
-0.415072
-0.442987
-0.421373
-0.423161
-0.42529
-0.44094
-0.459805
-0.47624
-0.502822
-0.498361
-0.519338
-0.563208
-0.576496
-0.558889
-0.567552
-0.597687
-0.547969
-0.526732
-0.490266
-0.49953
-0.437713
-0.446758
-0.39786
-0.413495
-0.372767
-0.331141
-0.347612
-0.312821
-0.317738
-0.309445
-0.302615
-0.272505
-0.300112
-0.255049
-0.257343
-0.255183
-0.259649
-0.239311
-0.243321
-0.270049
-0.252979
-0.256832
-0.279634
-0.253145
-0.264533
-0.278147
-0.261864
-0.274639
-0.268244
-0.25505
-0.239274
-0.259867
-0.262077
-0.233572
-0.260274
-0.257623
-0.252003
-0.250609
-0.267749
-0.268031
-0.287428
-0.263035
-0.260327
-0.256362
-0.312748
-0.295718
-0.315241
-0.276483
-0.296333
-0.267871
-0.28513
-0.256255
-0.260059
-0.23694
-0.195099
-0.22609
-0.21264
-0.166707
-0.214508
-0.260379
-0.254685
-0.227021
-0.259781
-0.293988
-0.304444
-0.368753
-0.353084
-0.406991
-0.416912
-0.431403
-0.443083
-0.445223
-0.402028
-0.388183
-0.441203
-0.425243
-0.417577
-0.442237
-0.499418
-0.517649
-0.65625
-0.670955
-0.709029
-0.771189
-0.691103
-0.717738
-0.784506
-0.761214
-0.710959
-0.682281
-0.587141
-0.583606
-0.579105
-0.535416
-0.509749
-0.518843
-0.474069
-0.53371
-0.507847
-0.462108
-0.472728
-0.475436
-0.461212
-0.462908
-0.457558
-0.427339
-0.44633
-0.382966
-0.376069
-0.357238
-0.336313
-0.303838
-0.286659
-0.291218
-0.282584
-0.294392
-0.286083
-0.316311
-0.253147
-0.26904
-0.262867
-0.260423
-0.285989
-0.32969
-0.351189
-0.402748
-0.436404
-0.410241
-0.432073
-0.467233
-0.468907
-0.423809
-0.41708
-0.412316
-0.35267
-0.37895
-0.345356
-0.342557
-0.346441
-0.291376
-0.328515
-0.303222
-0.273856
-0.277404
-0.275707
-0.245414
-0.213164
-0.189047
-0.187748
-0.173431
-0.181537
-0.186221
-0.143304
-0.130664
-0.111554
-0.116496
-0.136198
-0.12518
-0.127293
-0.124441
-0.100062
-0.091058
-0.0946461
-0.100731
-0.115314
-0.142218
-0.121005
-0.13763
-0.0891474
-0.0405974
-0.00249515
0.0390667
0.0558324
0.0398436
0.0127622
0.00660041
0.0251597
0.00810056
0.0397973
0.0238698
0.0380115
0.0259569
0.027603
-0.000764683
0.0218451
0.0272528
0.0474246
0.0590977
0.094484
0.0968729
0.00148352
0.0101167
0.00749009
0.0078602
0.0205388
-0.00868443
0.00462441
0.0251571
0.0170735
0.0506712
0.0221876
0.051361
0.0668077
0.107825
0.128526
0.128151
0.180651
0.19833
0.156229
0.130266
0.117954
0.106348
0.0893887
0.110831
0.120269
0.132387
0.130218
0.135037
0.150747
0.125148
0.153671
0.149352
0.183736
0.146279
0.168674
0.16675
0.251728
0.227135
0.276983
0.175871
0.217095
0.186836
0.204295
0.217385
0.243179
0.223991
0.33065
0.291391
0.317482
0.309028
0.280466
0.280956
0.276793
0.290963
0.296592
0.288986
0.303678
0.300205
0.330854
0.335288
0.346379
0.314313
0.292701
0.28806
0.314002
0.254419
0.301182
0.274726
0.217988
0.296174
0.288783
0.254211
0.293996
0.291204
0.285685
0.274593
0.31105
0.266872
0.250278
0.242395
0.26864
0.235652
0.254754
0.234781
0.230347
0.252421
0.216971
0.252005
0.250759
0.257315
0.274908
0.262076
0.290131
0.261978
0.260403
0.281746
0.231341
0.285881
0.271515
0.238774
0.253688
0.247608
0.241882
0.244678
0.278631
0.246272
0.247755
0.273149
0.262472
0.256417
0.266866
0.307934
0.317668
0.265913
0.278419
0.270937
0.272439
0.304711
0.278213
0.281238
0.260959
0.263743
0.255498
0.281461
0.273651
0.28299
0.263499
0.277085
0.319365
0.297596
0.311651
0.308991
0.274072
0.29329
0.30851
0.318476
0.279405
0.299341
0.306153
0.279094
0.302751
0.331599
0.300475
0.311837
0.320052
0.31498
0.319238
0.30588
0.294273
0.29844
0.26789
0.284795
0.304024
0.287282
0.28918
0.275161
0.227337
0.297012
0.277304
0.270372
0.273116
0.243031
0.232711
0.223071
0.217154
0.216066
0.180808
0.216776
0.210807
0.154646
0.157706
0.154714
0.139159
0.118605
0.100386
0.11314
0.144937
0.100548
0.0823959
0.0946747
0.0999494
0.0880464
0.102419
0.107287
0.0855044
0.110476
0.098798
0.070185
0.111562
0.11448
0.14401
0.198688
0.326577
0.200014
0.38063
0.483774
0.424036
0.357694
0.314209
0.284622
0.216319
0.207097
0.169741
0.111365
0.0962034
0.093017
0.0949864
0.0480529
0.043618
0.0395853
0.0178558
0.00590363
0.0212363
0.0192406
0.0331798
0.029566
0.0154394
0.00632114
0.00223024
-0.00603907
-0.00587194
0.00822374
-0.0127263
-0.00419804
0.0155463
0.0244064
0.014133
-0.00446633
0.0058592
0.0190815
0.0150866
-0.00376532
0.0181674
0.00138908
0.0038989
-0.0100234
0.00728167
-0.00232592
-0.000984734
0.0020815
0.00748669
-0.00415144
-0.00872332
-0.01208
0.00494913
-0.00603862
-0.000956236
0.00928165
-0.0128024
-0.00873787
-0.00997043
0.00432779
-0.00364642
0.00530231
-0.00464259
-0.0137241
0.00107417
0.00881446
-0.00583427
-0.00639656
0.00991682
0.00775515
-0.000771829
-0.0171907
-0.00987914
0.0114839
0.00821233
-0.00398872
5.26477e-05
0.0112485
-0.00365306
0.0199946
-0.00341049
-0.01496
-0.00108703
-0.00534622
0.00221078
0.00969003
-0.0113591
-0.0109861
0.00272809
0.000995329
-0.00782895
-0.00400012
0.00386771
0.00999245
0.00844317
-0.00484788
-9.38913e-05
-0.0285847
-0.0149572
-0.0082439
-0.00634303
0.00257611
-0.0108928
-0.00839577
-0.0128492
0.00678189
-0.000669362
0.000570115
-0.0140244
