-0.634089
-0.634092
-0.634095
-0.634066
-0.634048
-0.634028
-0.633992
-0.633891
-0.633845
-0.63378
-0.633811
-0.633909
-0.63395
-0.633976
-0.633947
-0.634048
-0.634073
-0.634096
-0.634039
-0.634066
-0.634075
-0.634038
-0.63411
-0.634169
-0.634242
-0.63443
-0.634465
-0.634585
-0.634587
-0.634613
-0.63458
-0.63457
-0.634485
-0.634533
-0.634515
-0.634495
-0.634468
-0.634535
-0.634538
-0.634499
-0.634519
-0.634538
-0.634637
-0.634603
-0.634644
-0.634699
-0.634796
-0.634892
-0.63491
-0.635025
-0.635004
-0.635018
-0.63501
-0.635047
-0.63502
-0.635079
-0.635095
-0.63521
-0.635258
-0.6353
-0.635299
-0.635426
-0.635447
-0.635528
-0.635617
-0.635718
-0.635732
-0.635813
-0.635839
-0.635803
-0.635816
-0.635852
-0.635847
-0.635855
-0.635907
-0.63592
-0.635985
-0.636013
-0.636033
-0.6361
-0.63616
-0.636155
-0.636146
-0.636151
-0.636154
-0.636199
-0.636262
-0.636378
-0.636579
-0.636543
-0.636594
-0.636686
-0.636707
-0.636736
-0.636799
-0.636928
-0.636977
-0.637136
-0.637275
-0.63729
-0.637342
-0.637296
-0.637416
-0.637525
-0.637497
-0.637439
-0.637677
-0.63835
-0.63864
-0.638625
-0.638563
-0.638442
-0.638388
-0.638345
-0.638315
-0.638242
-0.638033
-0.637869
-0.637768
-0.63768
-0.637432
-0.637419
-0.637234
-0.63715
-0.636839
-0.636505
-0.636368
-0.636197
-0.635886
-0.635551
-0.635061
-0.634531
-0.634013
-0.633403
-0.632681
-0.63192
-0.63125
-0.630503
-0.629846
-0.629229
-0.628618
-0.627824
-0.626846
-0.626265
-0.625504
-0.624627
-0.623606
-0.622577
-0.621269
-0.620065
-0.619027
-0.618324
-0.617744
-0.617148
-0.616621
-0.615896
-0.615162
-0.613871
-0.612166
-0.610492
-0.608813
-0.607583
-0.604493
-0.602557
-0.600598
-0.598708
-0.596869
-0.594548
-0.592269
-0.590018
-0.587704
-0.585353
-0.582754
-0.580273
-0.577626
-0.574931
-0.572357
-0.569568
-0.566894
-0.564033
-0.561326
-0.558638
-0.556184
-0.553939
-0.551296
-0.548941
-0.546656
-0.544204
-0.541465
-0.538762
-0.535968
-0.533025
-0.529865
-0.526658
-0.523633
-0.520329
-0.517197
-0.514147
-0.511002
-0.507866
-0.504902
-0.501866
-0.498988
-0.496279
-0.493524
-0.491067
-0.488808
-0.486411
-0.483467
-0.478994
-0.476222
-0.473527
-0.470615
-0.467567
-0.464481
-0.461403
-0.458343
-0.455224
-0.452021
-0.449098
-0.445941
-0.442978
-0.439906
-0.436931
-0.433779
-0.431135
-0.428259
-0.425346
-0.422478
-0.419594
-0.416331
-0.41338
-0.409903
-0.406505
-0.402718
-0.399067
-0.395376
-0.391482
-0.387833
-0.383956
-0.380112
-0.376298
-0.372453
-0.369074
-0.365536
-0.362255
-0.35891
-0.355434
-0.352194
-0.348639
-0.344962
-0.341121
-0.333097
-0.329003
-0.324977
-0.320975
-0.316824
-0.312798
-0.308804
-0.304916
-0.30132
-0.297615
-0.294098
-0.290228
-0.286314
-0.282161
-0.277648
-0.273153
-0.268506
-0.263963
-0.259402
-0.254767
-0.250006
-0.245559
-0.241333
-0.237034
-0.233008
-0.228749
-0.224459
-0.220101
-0.215545
-0.210865
-0.2061
-0.201369
-0.196636
-0.191903
-0.187216
-0.182597
-0.178444
-0.174314
-0.170004
-0.165975
-0.1618
-0.157244
-0.152863
-0.148455
-0.143869
-0.13924
-0.130476
-0.126028
-0.121822
-0.117897
-0.114265
-0.11077
-0.106973
-0.103416
-0.0995497
-0.0957907
-0.0915086
-0.0874032
-0.0831444
-0.0789014
-0.074752
-0.070826
-0.0668458
-0.0630509
-0.0593297
-0.0560279
-0.0526962
-0.049235
-0.0459679
-0.0423648
-0.0386996
-0.0348899
-0.0309787
-0.0272393
-0.0235115
-0.019756
-0.0162702
-0.0126526
-0.00913668
-0.00546503
-0.0019815
0.00118852
0.00453305
0.00771755
0.010672
0.0142601
0.0173834
0.024977
0.0287657
0.0327131
0.0366932
0.0405954
0.0444208
0.0483447
0.0521905
0.0561066
0.059761
0.0633724
0.0665938
0.0699656
0.0735352
0.0768072
0.0805682
0.083984
0.0878696
0.0916099
0.0952567
0.0989498
0.102504
0.106038
0.109712
0.113207
0.116811
0.120244
0.123404
0.126749
0.12993
0.133059
0.136502
0.139688
0.143096
0.146817
0.150439
0.154258
0.158077
0.161736
0.165582
0.169093
0.172756
0.176362
0.179576
0.1859
0.188531
0.19172
0.19462
0.197409
0.200615
0.203527
0.206797
0.210088
0.213262
0.216411
0.219299
0.222433
0.22548
0.228467
0.231508
0.234527
0.237425
0.240579
0.243289
0.245942
0.248813
0.251684
0.254147
0.257192
0.260033
0.26271
0.265949
0.269194
0.272396
0.275421
0.278469
0.281494
0.284301
0.287206
0.289971
0.29264
0.295311
0.298051
0.300638
0.302945
0.305595
0.309976
0.311991
0.314556
0.317012
0.319299
0.321785
0.324792
0.327377
0.330219
0.33328
0.336368
0.339414
0.342564
0.345584
0.348766
0.351838
0.355071
0.358195
0.361358
0.364406
0.367405
0.370045
0.372795
0.375549
0.377837
0.380483
0.383234
0.385689
0.388342
0.391062
0.393924
0.396678
0.399623
0.402303
0.405285
0.408344
0.411474
0.41449
0.417861
0.421072
0.424496
0.42795
0.431407
0.43847
0.442093
0.445854
0.44967
0.453518
0.457162
0.460978
0.464605
0.468271
0.471819
0.475062
0.478541
0.481874
0.485534
0.488938
0.492599
0.49598
0.499027
0.501841
0.503695
0.505998
0.508484
0.509915
0.510939
0.512363
0.513517
0.514395
0.51519
0.515946
0.516497
0.516938
0.517617
0.51833
0.518967
0.519735
0.520605
0.521765
0.522706
0.526525
0.526672
0.529279
0.530138
0.532626
0.533595
0.533654
0.533769
0.534265
0.534642
0.534915
0.534981
0.535151
0.535221
0.535379
0.535496
0.53568
0.535687
0.535727
0.535693
0.535723
0.535796
0.535723
0.535718
0.53579
0.535955
0.536116
0.536483
0.536854
0.537178
0.537551
0.538361
0.540295
0.541339
0.542318
0.543851
0.544291
0.545336
0.5457
0.545808
0.546085
0.546105
0.546043
0.546053
0.546163
0.547234
0.54785
0.548052
0.548563
0.548611
0.548517
0.54855
0.548519
0.548486
0.548492
0.548628
0.548728
0.548819
0.548988
0.549032
0.54914
0.549093
0.549126
0.549088
0.549131
0.549134
0.549152
0.549228
0.549493
0.549762
0.54998
0.550224
0.550312
0.55035
0.550532
0.550583
0.550633
0.550748
0.550812
0.550758
0.550761
0.550804
0.550794
0.550784
0.550846
0.550909
0.55094
0.55095
0.551052
0.551027
0.551061
0.551177
0.551104
0.551142
0.551196
0.551194
0.551169
0.551221
0.551244
0.551171
0.551185
0.55126
0.551221
0.551267
0.551385
0.551493
0.55161
0.551676
0.551688
0.551736
0.5518
0.55185
0.552129
0.55237
0.552637
0.552693
0.55279
0.552759
0.552758
0.552731
0.552834
0.552786
0.552884
0.552862
0.552792
0.552851
0.552878
0.552854
0.552871
0.553001
0.553058
0.553041
0.553045
0.553041
0.553051
0.553099
0.553243
0.553474
0.553475
0.553585
0.553606
0.55359
0.553652
0.553601
0.553657
0.553678
0.553738
0.553768
0.553733
0.553795
0.553724
0.553704
0.553683
0.553661
0.553677
0.553661
0.553662
0.553656
0.55376
0.553732
0.553732
0.553788
0.553753
0.553739
0.55381
0.553874
0.554066
0.554165
0.554273
0.555004
0.555107
0.555117
0.555233
0.555237
0.555175
0.555192
0.555382
0.555741
0.555742
0.555764
0.555866
0.55601
0.556209
0.556483
0.556663
0.556729
0.556856
0.556732
0.55681
0.556788
0.55674
0.556768
0.556763
0.556806
0.556779
0.556808
0.556794
0.556949
0.557137
0.557362
0.557589
0.557893
0.558556
0.559263
0.55999
0.560974
0.562224
0.564693
0.565805
0.566716
0.567778
0.56913
0.570711
0.572631
0.574656
0.576635
0.578665
0.580692
0.58276
0.58489
0.586704
0.589075
0.591421
0.593719
0.59631
0.598468
0.60094
0.60336
0.605895
0.608233
0.610593
0.61284
0.614575
0.616139
0.617072
0.617692
0.618096
0.618526
0.619158
0.619757
0.621117
0.622838
0.624425
0.625926
0.627351
0.628934
0.63079
0.63435
0.635993
0.638148
0.640285
0.642752
0.645643
0.648412
0.651449
0.654664
0.657215
0.659977
0.663001
0.66645
0.669463
0.672865
0.676641
0.67942
0.68284
0.686246
0.689434
0.6926
0.69563
0.698453
0.701296
0.704316
0.707436
0.710871
0.714217
0.717861
0.721405
0.725385
0.728545
0.73141
0.733993
0.736554
0.73921
0.742222
0.744746
0.74732
0.749892
0.751932
0.754124
0.756526
0.760714
0.762846
0.764963
0.766907
0.768656
0.77048
0.772907
0.775351
0.777501
0.779399
0.781125
0.783048
0.784941
0.786696
0.788329
0.789734
0.791532
0.793764
0.795973
0.797746
0.799191
0.800671
0.802179
0.803694
0.805033
0.806015
0.806706
0.807371
0.808102
0.808961
0.809928
0.811011
0.811935
0.812565
0.812749
0.812958
0.813278
0.813413
0.813666
0.813888
0.814387
0.814824
0.81519
0.815397
0.815445
0.815469
0.815471
0.815386
0.815305
0.815244
0.815274
0.815337
0.815225
0.815147
0.814906
0.814944
0.814981
0.814737
0.814509
0.814289
0.814264
0.814263
0.814201
0.814074
0.813917
0.81373
0.813436
0.813095
0.81288
0.812854
0.812846
0.812808
0.812821
0.812839
0.81283
0.812774
0.812835
0.812889
0.81283
0.812851
0.81275
0.812724
0.812633
0.812459
0.81231
0.812117
0.811725
0.811386
0.810827
0.809659
0.808404
0.807143
0.805786
0.804454
0.802881
0.801078
0.799094
0.797331
0.795657
0.793813
0.791509
0.789122
0.786687
0.784194
0.781252
0.778343
0.775369
0.772252
0.7689
0.765467
0.76169
0.757954
0.754134
0.749843
0.745927
0.742153
0.738196
0.734586
0.730886
0.726813
0.722917
0.718457
0.713906
0.709474
0.704889
0.700123
0.695438
0.690858
0.686413
0.68208
0.677861
0.673584
0.669645
0.665966
0.658858
0.65487
0.650526
0.646419
0.642199
0.638077
0.633797
0.629365
0.62487
0.620229
0.615438
0.610519
0.605757
0.600959
0.596011
0.590891
0.58551
0.58026
0.574925
0.569547
0.564133
0.558745
0.553557
0.548415
0.543506
0.538632
0.533677
0.528357
0.522921
0.51753
0.512114
0.506584
0.501201
0.495774
0.490414
0.485283
0.480129
0.474976
0.469941
0.4642
0.458995
0.45373
0.443348
0.437815
0.432424
0.426889
0.421481
0.416183
0.410713
0.404794
0.39884
0.392584
0.386026
0.379632
0.373254
0.366854
0.360722
0.354757
0.349151
0.343915
0.338532
0.332905
0.327282
0.321505
0.315792
0.310377
0.305095
0.299456
0.293832
0.288671
0.283302
0.277998
0.272751
0.267507
0.261925
0.256478
0.251014
0.245475
0.239818
0.233702
0.22828
0.218246
0.217756
0.207175
0.201818
0.196334
0.190529
0.184536
0.178551
0.172567
0.166835
0.161201
0.154994
0.148664
0.141957
0.135
0.127962
0.121097
0.113884
0.106776
0.0999162
0.092947
0.0857462
0.0785126
0.0712393
0.0640002
0.0568303
0.0496094
0.0424796
0.0355941
0.0285252
0.0212513
0.0140185
0.00676346
-0.000529587
-0.00787359
-0.0151172
-0.0221363
-0.0292012
-0.0365704
-0.0448766
-0.0591151
-0.0665689
-0.0737908
-0.0809581
-0.0879527
-0.0950694
-0.102378
-0.109597
-0.117089
-0.124704
-0.132386
-0.139894
-0.147521
-0.155332
-0.163161
-0.170993
-0.17907
-0.187283
-0.195535
-0.203755
-0.211749
-0.219777
-0.228219
-0.236599
-0.24512
-0.253668
-0.262038
-0.270128
-0.278497
-0.287067
-0.295886
-0.304375
-0.312858
-0.321441
-0.32982
-0.337942
-0.354688
-0.363021
-0.371562
-0.379899
-0.388066
-0.396115
-0.40426
-0.412441
-0.420691
-0.428876
-0.436973
-0.444741
-0.452357
-0.459758
-0.467374
-0.475243
-0.483015
-0.490838
-0.498549
-0.506103
-0.513536
-0.520878
-0.528261
-0.536051
-0.543679
-0.551183
-0.558687
-0.566054
-0.573142
-0.580108
-0.586959
-0.594095
-0.601288
-0.608493
-0.615737
-0.622951
-0.629906
-0.636705
-0.643523
-0.650511
-0.657516
-0.664574
-0.67894
-0.68596
-0.692953
-0.699757
-0.706587
-0.713605
-0.720748
-0.728152
-0.735426
-0.742631
-0.749898
-0.757064
-0.764285
-0.771491
-0.778972
-0.786609
-0.794346
-0.802229
-0.810018
-0.817668
-0.825145
-0.832785
-0.840415
-0.848272
-0.856166
-0.864047
-0.871876
-0.87958
-0.88724
-0.894925
-0.902814
-0.910885
-0.918808
-0.926912
-0.934907
-0.942537
-0.949918
-0.957477
-0.965033
-0.972539
-0.980076
-0.987565
-0.99492
-1.00204
-1.00908
-1.02288
-1.02985
-1.03669
-1.04356
-1.05038
-1.05694
-1.0636
-1.07012
-1.07653
-1.08318
-1.08993
-1.09663
-1.10335
-1.11002
-1.11658
-1.1232
-1.12962
-1.13581
-1.14201
-1.1483
-1.15441
-1.16038
-1.16631
-1.1723
-1.17826
-1.18389
-1.18945
-1.19481
-1.20011
-1.2053
-1.21041
-1.21544
-1.22038
-1.22521
-1.23013
-1.23491
-1.23963
-1.24412
-1.24868
-1.25323
-1.25762
-1.26223
-1.26685
-1.27622
-1.28075
-1.28529
-1.28992
-1.29439
-1.29887
-1.30308
-1.30731
-1.31142
-1.31534
-1.31974
-1.32397
-1.32838
-1.3332
-1.33806
-1.34288
-1.34788
-1.3529
-1.35804
-1.3631
-1.36817
-1.37282
-1.37739
-1.3822
-1.38715
-1.39185
-1.39666
-1.40153
-1.40651
-1.41128
-1.41583
-1.42013
-1.42429
-1.42814
-1.43194
-1.43548
-1.43903
-1.44279
-1.4465
-1.45024
-1.45772
-1.46135
-1.46454
-1.46785
-1.4708
-1.47376
-1.47667
-1.47953
-1.48221
-1.48507
-1.48764
-1.49023
-1.49274
-1.49526
-1.49776
-1.50011
-1.50249
-1.50496
-1.50751
-1.50989
-1.51209
-1.51438
-1.51645
-1.51829
-1.5202
-1.52217
-1.52381
-1.52553
-1.52721
-1.52872
-1.53014
-1.53144
-1.5326
-1.5336
-1.53454
-1.5355
-1.53662
-1.53755
-1.53844
-1.53942
-1.54093
-1.54141
-1.54179
-1.5422
-1.54276
-1.54384
-1.54463
-1.54551
-1.54617
-1.54673
-1.54714
-1.54735
-1.54742
-1.54737
-1.54743
-1.54738
-1.54738
-1.54735
-1.54733
-1.54728
-1.54724
-1.54725
-1.54726
-1.5472
-1.54714
-1.54705
-1.54691
-1.54692
-1.54693
-1.5469
-1.54693
-1.54691
-1.54692
-1.54691
-1.54686
-1.54691
-1.54691
-1.54698
-1.54691
-1.54695
-1.54696
-1.54692
-1.54693
-1.54692
-1.54695
-1.54694
-1.54695
-1.547
-1.54696
-1.54688
-1.54692
-1.54696
-1.547
-1.54691
-1.54699
-1.54696
-1.54696
-1.54695
-1.54693
-1.54692
-1.54687
-1.54665
-1.54657
-1.5465
-1.54648
-1.54648
-1.54641
-1.54636
-1.54619
-1.54601
-1.54566
-1.5451
-1.5449
-1.54475
-1.54459
-1.54446
-1.54436
-1.54433
-1.54418
-1.54406
-1.544
-1.544
-1.54387
-1.54386
-1.54379
-1.54373
-1.54354
-1.54347
-1.54346
-1.54343
-1.54351
-1.54369
-1.54376
-1.54374
-1.54377
-1.54373
-1.54379
-1.54381
-1.54388
-1.54392
-1.54396
-1.54392
-1.54391
-1.54388
-1.54393
-1.54388
-1.54386
-1.54384
-1.54391
-1.54395
-1.54391
-1.5439
-1.54386
-1.54385
-1.54388
-1.54391
-1.54381
-1.54387
-1.54386
-1.54385
-1.54388
-1.5439
-1.54386
-1.54382
-1.54371
-1.54361
-1.54366
-1.54361
-1.54366
-1.54365
-1.54368
-1.54369
-1.54373
-1.5433
-1.54269
-1.54204
-1.54165
-1.5412
-1.54056
-1.53994
-1.5392
-1.53826
-1.53707
-1.53587
-1.53455
-1.53326
-1.53222
-1.53095
-1.52953
-1.5282
-1.52673
-1.52534
-1.52395
-1.52238
-1.52052
-1.51841
-1.51646
-1.51451
-1.51241
-1.51046
-1.50866
-1.50685
-1.50509
-1.50322
-1.50128
-1.49938
-1.49757
-1.49547
-1.49317
-1.4909
-1.48829
-1.48557
-1.48248
-1.4799
-1.47727
-1.47455
-1.47209
-1.4694
-1.46652
-1.46354
-1.45637
-1.45209
-1.44771
-1.44302
-1.4386
-1.43419
-1.43015
-1.42598
-1.42194
-1.4179
-1.41388
-1.40991
-1.40534
-1.40111
-1.39676
-1.39253
-1.3882
-1.38399
-1.37968
-1.3755
-1.3711
-1.36661
-1.36175
-1.35622
-1.35127
-1.34663
-1.34163
-1.33668
-1.33171
-1.3268
-1.32201
-1.31702
-1.31209
-1.30701
-1.30204
-1.29712
-1.29242
-1.28796
-1.28353
-1.27925
-1.275
-1.27061
-1.26593
-1.25692
-1.25244
-1.24789
-1.24335
-1.239
-1.23482
-1.23093
-1.22726
-1.22371
-1.22046
-1.21713
-1.214
-1.2105
-1.20699
-1.20326
-1.19959
-1.19578
-1.19206
-1.18817
-1.18426
-1.18019
-1.1759
-1.172
-1.16809
-1.16458
-1.1612
-1.15778
-1.15479
-1.15151
-1.14832
-1.145
-1.14159
-1.13805
-1.13421
-1.13032
-1.12642
-1.1224
-1.11867
-1.11458
-1.11023
-1.10659
-1.10325
-1.09959
-1.09627
-1.09242
-1.08882
-1.08091
-1.07698
-1.07313
-1.06924
-1.0651
-1.06122
-1.05715
-1.05314
-1.04934
-1.04582
-1.04231
-1.03927
-1.03636
-1.03336
-1.0307
-1.02785
-1.02484
-1.02197
-1.01918
-1.01589
-1.01282
-1.00966
-1.00671
-1.00352
-1.00077
-0.997431
-0.994632
-0.991492
-0.988558
-0.98528
-0.982621
-0.980234
-0.977565
-0.974883
-0.972528
-0.970024
-0.966627
-0.963514
-0.960084
-0.95647
-0.952897
-0.949163
-0.941825
-0.938156
-0.934632
-0.931367
-0.927995
-0.924753
-0.921977
-0.918894
-0.91567
-0.912994
-0.910425
-0.907126
-0.904238
-0.900925
-0.897767
-0.894404
-0.891021
-0.887738
-0.884363
-0.88145
-0.878029
-0.874781
-0.871332
-0.86789
-0.864243
-0.861339
-0.857883
-0.855455
-0.85261
-0.849722
-0.8467
-0.844133
-0.840805
-0.838246
-0.834667
-0.831891
-0.828602
-0.825511
-0.822259
-0.818916
-0.815964
-0.813123
-0.810282
-0.807676
-0.802686
-0.800407
-0.798563
-0.795939
-0.794038
-0.792403
-0.790301
-0.788235
-0.786501
-0.784473
-0.78279
-0.7805
-0.778534
-0.776467
-0.774434
-0.772172
-0.770157
-0.76816
-0.766164
-0.764368
-0.762562
-0.760626
-0.758777
-0.756742
-0.75532
-0.753609
-0.752092
-0.750514
-0.749002
-0.747534
-0.746385
-0.745223
-0.743976
-0.74262
-0.741055
-0.73956
-0.738265
-0.736887
-0.735678
-0.731673
-0.727179
-0.722437
-0.718332
-0.71359
-0.704727
-0.70033
-0.696356
-0.692503
-0.68969
-0.687339
-0.685228
-0.683315
-0.681673
-0.680543
-0.679545
-0.678631
-0.677711
-0.676701
-0.676279
-0.676097
-0.675526
-0.674919
-0.674733
-0.674712
-0.674701
-0.674666
-0.674694
-0.674702
-0.674661
-0.674699
-0.674678
-0.674617
-0.67469
-0.674715
-0.674647
-0.674682
-0.674675
-0.674621
-0.674624
-0.674611
-0.674592
-0.674607
-0.674657
-0.674626
-0.674615
-0.674612
-0.674641
-0.674621
-0.674642
-0.674619
-0.674586
-0.674579
-0.674648
-0.67464
-0.674663
-0.674593
-0.674606
-0.674675
-0.674571
-0.674628
-0.674627
-0.674632
-0.674607
-0.674649
-0.674595
-0.674631
-0.674653
-0.674612
-0.674631
-0.674644
-0.674633
-0.67464
-0.67464
-0.67466
-0.674633
-0.674624
-0.674619
-0.674684
-0.674599
-0.674646
-0.67462
-0.674572
-0.674629
-0.674623
-0.674659
-0.674638
-0.674611
-0.674629
-0.674629
-0.674608
-0.674605
-0.674652
-0.674618
-0.674608
-0.674693
-0.674646
-0.674602
-0.674593
-0.674587
-0.674572
-0.674632
-0.674619
-0.674605
-0.674587
-0.674611
-0.674659
