0.0171047
0.00839734
0.00510856
0.0123175
0.00643304
0.00887611
-0.00372567
0.000539441
-0.00507157
0.00490647
-0.0037557
-0.0155529
-0.00862182
-0.0036169
0.0124914
-0.00828774
-0.0183049
-0.00340295
-0.00389683
-0.00387914
-0.0168136
-0.0216059
-0.0204279
-0.00394759
-0.00569479
-0.0127471
-0.00297279
9.47239e-05
-0.00734015
0.00407136
-0.00791645
0.00106324
0.0196827
-0.00364603
0.00196971
0.0137771
0.00931517
-0.0123163
-0.00341567
0.0147622
0.00293925
0.0103147
-0.0269698
-0.0143033
-0.0109126
-0.0088694
0.00549306
-0.0196638
0.00637901
-0.00580415
0.00433561
-0.0121143
-0.000815639
-0.00831479
0.00204758
-0.0102998
0.000433847
-0.0164507
-0.00866614
-0.0116693
0.00285205
-0.00939803
-0.012717
-0.0172447
-0.024002
-0.00878405
0.0139578
-0.00505272
-0.00676317
0.00506855
0.00615174
-0.000574483
-0.00388564
-0.0129832
-0.00408215
0.0148091
0.00211375
0.00414948
0.003234
0.0101277
-0.0109033
-0.00716492
-0.0119559
-0.000769742
0.000780749
-0.00641983
-0.0159304
-0.00590295
-0.0277857
0.00639692
0.0157356
-0.00913732
-0.00996899
-0.00220273
-0.0149853
-0.0391716
-0.0152522
-0.0155403
-0.022932
-0.00328896
0.0027254
-0.00359924
-0.00849751
0.0064284
0.00871083
0.00479614
-0.0629263
-0.0582825
-0.00473505
-0.0125202
0.00143174
0.0126673
0.00634797
0.00091323
0.0119445
0.0243296
0.0388168
0.00644982
0.00450782
-0.0043909
0.0259972
-0.0100919
0.00541428
0.02927
0.05171
0.0167897
0.0203223
0.0275584
0.0262316
0.0373243
0.0435218
0.0524974
0.0537046
0.0588785
0.0645218
0.074862
0.0761101
0.0583733
0.0806054
0.0609667
0.0617005
0.0713925
0.0884476
0.038856
0.049736
0.0729084
0.126145
0.0976585
0.142678
0.127892
0.0760083
0.0537622
0.0365595
0.0574601
0.0671591
0.0925164
0.0961385
0.130723
0.182948
0.147201
0.138783
0.138438
0.161509
0.212768
0.194999
0.199465
0.189744
0.219898
0.20283
0.257698
0.23359
0.197464
0.260148
0.226699
0.275438
0.265576
0.290141
0.279782
0.245098
0.285866
0.268742
0.282765
0.209209
0.261704
0.269553
0.225089
0.242979
0.231753
0.262752
0.238692
0.286508
0.296105
0.319445
0.30129
0.310125
0.31624
0.289353
0.27391
0.298047
0.31763
0.289318
0.279705
0.258497
0.272608
0.261193
0.225965
0.199465
0.253165
0.281086
0.237718
0.277843
0.254555
0.286857
0.324649
0.323539
0.298268
0.308178
0.305607
0.322526
0.293753
0.316335
0.278712
0.303606
0.29694
0.290463
0.249006
0.302571
0.245334
0.270622
0.266833
0.340079
0.26866
0.352625
0.339547
0.381216
0.389291
0.347142
0.378684
0.362569
0.373286
0.417164
0.385304
0.360376
0.362298
0.334524
0.325907
0.349744
0.352807
0.362341
0.364076
0.387382
0.392333
0.400548
0.401259
0.398606
0.382729
0.395573
0.400751
0.374617
0.376992
0.387779
0.359465
0.356294
0.370014
0.382413
0.437759
0.450158
0.453114
0.486832
0.452405
0.447497
0.4565
0.490321
0.437795
0.403968
0.427821
0.43314
0.409469
0.446522
0.469108
0.447352
0.454886
0.461619
0.49812
0.50539
0.450365
0.449035
0.477196
0.411611
0.39697
0.419211
0.440507
0.390652
0.447417
0.440041
0.443269
0.427434
0.455056
0.440752
0.400941
0.412857
0.411366
0.326635
0.351148
0.385584
0.343599
0.410989
0.369148
0.416512
0.436281
0.412815
0.423379
0.444291
0.394017
0.377031
0.387633
0.355498
0.320991
0.363273
0.328005
0.345164
0.343556
0.366037
0.389627
0.391248
0.361985
0.385956
0.382287
0.360808
0.372609
0.331515
0.381162
0.367337
0.328039
0.340619
0.286358
0.332
0.341131
0.296566
0.395155
0.398381
0.381339
0.412582
0.380432
0.355662
0.397478
0.381901
0.369117
0.361404
0.330141
0.330173
0.342776
0.340754
0.355526
0.368431
0.376209
0.370517
0.381809
0.344585
0.372843
0.386759
0.299323
0.369402
0.335733
0.358948
0.346412
0.31689
0.346058
0.26676
0.338646
0.332217
0.340346
0.345913
0.350446
0.36012
0.359044
0.401613
0.36867
0.381599
0.378002
0.346237
0.363083
0.298477
0.271307
0.257236
0.336666
0.284462
0.311652
0.323216
0.320124
0.326791
0.342598
0.325152
0.300143
0.265677
0.311412
0.314387
0.261746
0.29573
0.29833
0.276554
0.309675
0.248867
0.26625
0.290046
0.250003
0.253378
0.325828
0.249487
0.283049
0.311372
0.32856
0.294468
0.320183
0.275964
0.294588
0.265333
0.298581
0.271351
0.255774
0.250984
0.279916
0.242455
0.233819
0.278918
0.198296
0.213371
0.246938
0.259513
0.238793
0.259468
0.31347
0.249935
0.265084
0.286135
0.318506
0.309662
0.329378
0.300947
0.323408
0.301401
0.319119
0.340059
0.299648
0.289139
0.28873
0.268547
0.296979
0.267415
0.241495
0.283516
0.269038
0.236433
0.270995
0.279512
0.275087
0.284574
0.312472
0.259413
0.298726
0.313925
0.313033
0.29301
0.33909
0.34758
0.342617
0.362994
0.358929
0.285905
0.37801
0.36481
0.422574
0.404135
0.351242
0.367404
0.378104
0.339713
0.371112
0.30734
0.329251
0.345703
0.350991
0.362891
0.337675
0.303787
0.271048
0.255709
0.190458
0.273573
0.244699
0.112157
0.127776
0.132141
0.0940237
0.0762413
0.07127
0.0757898
0.0567923
0.038271
0.089813
0.0512811
0.0617182
0.0872186
0.114516
0.0497673
0.14917
0.33333
0.0969796
0.217515
0.190336
0.148097
0.0676257
-0.00332552
0.0320788
0.0276419
0.0369151
0.0258614
-0.00226716
0.0187998
-0.00224254
0.0100385
0.0106796
0.0332183
0.00702948
-0.00174566
-0.0121254
-0.00223954
0.0124793
0.00298452
-0.0127422
0.0198851
0.0382126
0.00579193
0.0404754
0.0403627
0.0177097
0.0270444
0.101554
0.201782
0.0587676
0.154727
0.100613
0.0451612
0.127709
0.0152675
0.033526
-0.0192354
0.00476877
-0.00985236
0.0141003
0.028009
0.128937
0.0225976
0.0470144
0.0244178
-0.00115753
-0.0249411
-0.00652831
0.0103625
-8.28514e-05
-0.00825493
0.0218687
-0.00403129
0.00765197
0.0267912
0.000123907
0.00955878
0.00999191
0.0120793
0.00384237
-0.00934658
0.0107181
-0.00878253
0.00723612
0.0281799
0.0474073
0.044918
0.0196891
0.0123717
-0.00679683
0.00319026
-0.0209219
-0.0172041
0.00226047
0.0177593
0.0161664
0.00176116
0.0148307
-0.000350869
0.00362682
-0.00389677
0.00562666
0.00416736
0.00196166
0.0259528
-0.00924717
0.000758533
0.00710278
0.0114128
-0.00966365
0.00495595
0.00920192
-0.000221386
0.00561945
0.0103632
-0.00748868
-0.00324085
0.0210085
-0.000760201
0.0104937
0.00560372
0.0149078
0.0114077
0.0165825
0.0152138
0.0121096
0.0127309
0.000202476
0.0149003
0.0101692
0.0122793
0.0232685
0.0184547
0.0029014
0.000983872
-0.0182649
0.0339451
-0.0121471
0.0223532
0.0246017
-0.00305356
-0.00421824
0.0127584
-0.000408191
-0.00641757
0.000135279
0.0105057
0.00132884
0.00661398
0.00397774
-0.00805511
0.0162922
0.0214789
0.00779604
-0.00128969
0.000216855
0.00835805
-0.00973762
0.000346625
-0.0115857
-0.00890726
0.021491
0.0167102
0.0112132
-0.012181
0.00648286
0.000250957
-0.0038054
0.0132316
0.00671753
0.00193127
0.00488284
0.00657389
-0.00352846
0.0136196
0.00243094
-0.00330515
0.00722698
0.00186642
-0.00524881
0.0291113
0.01766
0.024359
0.0154009
-0.00179612
0.0366199
0.0227438
0.00100153
0.0199083
0.00967576
-0.0108941
-0.0146389
0.0552553
0.0175019
0.0192691
0.017665
0.0179298
0.0117184
0.0284518
0.0371711
0.018398
0.000623913
0.01686
-0.0150205
0.00440102
0.0186444
-0.0134485
-0.00300212
-0.00604967
-0.00274319
0.00210196
0.0112488
-0.00634388
0.000783273
0.0287822
0.0291345
0.0238262
0.0268931
0.0681141
0.0710943
0.0994287
0.110831
0.126663
0.0926244
0.105829
0.0829971
0.0989184
0.129065
0.149839
0.185876
0.193802
0.207903
0.20391
0.212437
0.200087
0.216044
0.205011
0.224998
0.235406
0.251241
0.221507
0.236028
0.230027
0.243389
0.237208
0.233346
0.237846
0.218686
0.16852
0.133576
0.0699435
0.0516187
0.0413298
0.0485277
0.0617365
0.0634092
0.134504
0.174294
0.154036
0.148002
0.154819
0.169494
0.214609
0.1856
0.15361
0.208598
0.240939
0.261414
0.310354
0.301968
0.275248
0.278014
0.27759
0.285361
0.306676
0.331765
0.325056
0.336715
0.340947
0.301614
0.314187
0.35809
0.303791
0.330708
0.30585
0.298671
0.282594
0.326416
0.316383
0.347687
0.322381
0.351042
0.367223
0.320597
0.361627
0.267555
0.260855
0.269349
0.289829
0.276208
0.239584
0.254997
0.216743
0.17687
0.202204
0.252215
0.188121
0.203747
0.204662
0.206807
0.124638
0.218477
0.2794
0.296865
0.197188
0.183854
0.167796
0.187325
0.169696
0.183007
0.14778
0.147059
0.185669
0.242456
0.221814
0.180439
0.120796
0.154237
0.159859
0.163396
0.119156
0.0745893
0.047467
0.0718077
0.0897223
0.108732
0.101661
0.113809
0.0893641
0.0395308
0.0226491
0.0550947
0.0412841
-0.00457717
0.0343445
0.0327893
0.0539888
0.040431
0.04226
0.0106215
-0.00862981
0.00818507
0.00811672
0.000443442
-0.00254663
-0.0352576
-0.0150525
-0.00565849
-0.0235392
-0.0251496
-0.0285379
-0.00555554
0.0157508
-0.0204413
-0.046451
-0.0314751
-0.00322463
0.00683781
-0.0142308
-0.0140658
-0.0321987
-0.0252702
-0.0288908
-0.0201159
-0.0270921
0.0129067
0.0182564
-0.00512184
0.00677231
0.00496091
-0.00351866
-0.0236909
-0.000440857
0.00621004
-0.00538974
0.00894732
-0.00934848
-0.0223601
-0.015076
-0.0183065
-0.00925607
-0.0217597
-0.0344453
-0.0294933
-0.0690263
-0.133456
-0.125015
-0.126624
-0.137187
-0.137378
-0.156317
-0.185748
-0.201004
-0.169158
-0.148593
-0.197447
-0.234257
-0.235546
-0.225065
-0.270488
-0.31629
-0.302992
-0.293078
-0.32502
-0.335832
-0.336396
-0.374972
-0.404169
-0.353907
-0.422335
-0.413226
-0.335713
-0.405954
-0.351536
-0.35675
-0.419034
-0.408092
-0.438193
-0.446944
-0.462167
-0.451841
-0.468295
-0.475393
-0.471616
-0.439792
-0.425441
-0.429041
-0.408521
-0.386897
-0.369476
-0.341193
-0.417043
-0.422448
-0.404048
-0.406948
-0.433342
-0.434333
-0.438958
-0.441959
-0.475092
-0.497262
-0.498156
-0.443495
-0.441322
-0.516219
-0.543729
-0.565279
-0.528336
-0.558119
-0.509263
-0.495691
-0.533211
-0.540195
-0.522668
-0.505965
-0.46661
-0.452882
-0.52416
-0.568005
-0.591033
-0.580539
-0.572926
-0.535641
-0.505554
-0.512626
-0.500127
-0.517544
-0.530425
-0.523755
-0.531737
-0.536256
-0.522434
-0.559693
-0.553305
-0.550058
-0.536639
-0.535572
-0.526795
-0.534246
-0.601182
-0.614327
-0.61832
-0.663529
-0.654492
-0.621773
-0.604213
-0.593309
-0.56318
-0.539839
-0.508098
-0.530214
-0.620713
-0.579621
-0.596432
-0.61417
-0.567533
-0.53961
-0.594006
-0.522915
-0.462549
-0.512533
-0.540511
-0.551938
-0.545513
-0.578503
-0.545206
-0.542564
-0.536794
-0.555897
-0.534561
-0.528099
-0.526875
-0.513112
-0.572056
-0.546494
-0.558766
-0.582513
-0.588864
-0.614039
-0.600977
-0.582337
-0.590844
-0.648576
-0.672736
-0.682406
-0.685352
-0.710189
-0.677464
-0.733837
-0.736934
-0.706896
-0.692341
-0.712471
-0.729015
-0.730248
-0.733097
-0.71082
-0.719275
-0.689364
-0.667178
-0.715371
-0.735696
-0.730275
-0.727738
-0.754059
-0.718013
-0.716868
-0.717448
-0.692915
-0.75365
-0.758903
-0.762078
-0.759793
-0.726609
-0.698306
-0.705519
-0.746554
-0.743343
-0.70707
-0.729509
-0.787945
-0.776369
-0.736555
-0.754432
-0.787873
-0.787017
-0.752151
-0.823135
-0.808144
-0.816805
-0.837703
-0.80061
-0.812061
-0.847254
-0.833661
-0.862811
-0.878372
-0.812333
-0.819031
-0.85341
-0.830817
-0.874554
-0.848892
-0.810953
-0.862145
-0.852318
-0.820868
-0.844298
-0.839005
-0.842461
-0.848442
-0.81965
-0.820909
-0.801402
-0.809823
-0.795722
-0.792972
-0.835313
-0.772948
-0.745334
-0.74245
-0.775065
-0.813795
-0.761151
-0.80037
-0.768629
-0.751137
-0.728973
-0.743139
-0.733172
-0.799552
-0.784463
-0.714442
-0.742641
-0.749765
-0.712267
-0.710551
-0.70445
-0.705378
-0.730692
-0.734251
-0.739887
-0.721482
-0.692036
-0.627783
-0.664999
-0.724027
-0.69421
-0.696259
-0.705707
-0.707734
-0.683387
-0.677629
-0.667018
-0.716944
-0.737893
-0.724702
-0.716189
-0.683349
-0.706225
-0.71851
-0.738622
-0.723805
-0.763582
-0.779892
-0.773843
-0.788639
-0.784671
-0.723677
-0.749308
-0.767141
-0.757688
-0.78527
-0.784057
-0.809134
-0.774525
-0.79002
-0.788986
-0.770784
-0.780138
-0.825333
-0.793807
-0.792537
-0.801707
-0.759758
-0.723353
-0.737123
-0.750695
-0.761974
-0.74665
-0.743672
-0.742463
-0.738936
-0.71528
-0.691096
-0.725356
-0.714468
-0.680803
-0.673519
-0.649404
-0.644365
-0.681841
-0.642017
-0.658396
-0.657266
-0.690084
-0.680285
-0.68165
-0.639414
-0.615644
-0.625254
-0.635132
-0.623576
-0.659828
-0.625435
-0.574871
-0.591079
-0.597816
-0.608368
-0.547827
-0.519738
-0.520374
-0.499666
-0.501473
-0.530938
-0.516291
-0.538227
-0.475047
-0.47441
-0.477235
-0.483542
-0.441612
-0.434304
-0.439996
-0.448855
-0.454527
-0.428403
-0.484623
-0.469067
-0.432875
-0.456208
-0.459415
-0.454551
-0.392677
-0.40409
-0.438037
-0.379877
-0.434297
-0.454372
-0.470561
-0.471988
-0.462483
-0.492191
-0.509915
-0.517452
-0.512934
-0.483456
-0.481515
-0.491504
-0.456311
-0.473593
-0.482166
-0.496792
-0.494235
-0.479193
-0.483403
-0.482156
-0.427699
-0.409795
-0.415576
-0.382125
-0.372834
-0.370878
-0.357731
-0.387709
-0.383406
-0.364834
-0.358703
-0.354127
-0.307014
-0.305422
-0.313953
-0.273206
-0.303566
-0.292634
-0.270952
-0.294014
-0.245558
-0.258735
-0.237393
-0.244334
-0.254207
-0.255123
-0.228423
-0.223407
-0.2586
-0.224333
-0.218596
-0.21786
-0.206981
-0.21837
-0.20593
-0.190725
-0.182676
-0.170206
-0.150869
-0.145561
-0.144703
-0.132728
-0.130492
-0.109374
-0.0963668
-0.103193
-0.10824
-0.114113
-0.0730522
-0.0885448
-0.071041
-0.0610878
-0.036745
-0.0599928
-0.0376222
-0.0932045
-0.076196
-0.0820144
-0.0463697
-0.0337425
-0.0455376
-0.0107752
0.00108911
0.0121769
0.00381543
0.0114779
-0.00808773
-0.0119219
-0.00923584
-0.00523961
0.0160589
0.0268606
0.0167952
0.0182903
0.0140352
-0.00145428
0.00620509
-0.0012712
-0.00217129
0.0019243
-0.0121621
-0.00605437
0.000500763
-0.00312105
0.00554626
-0.00646111
0.000642483
-0.014541
-0.017025
-0.0119391
-0.0080515
0.00518857
-0.0171416
-0.00447135
-0.0113919
-0.0118175
-0.00650193
-0.0266471
-0.0132806
0.018887
0.00412325
0.0151796
-0.027818
0.000821973
-0.00794266
-0.0207387
-0.00934859
0.0082321
0.00234513
-0.00503648
0.0024747
0.0252425
0.0112702
0.0113017
-0.00902688
0.00192244
0.00870626
0.00543682
0.0417962
0.0327958
0.0515427
0.0634543
0.0103059
-0.0209147
-0.00352321
0.0155366
0.0174711
0.00845808
0.0170693
0.0216381
0.00112746
-0.0136134
0.0157914
0.0114611
0.00788029
0.0126691
0.018932
0.014166
0.00488286
0.00676832
-0.0100125
0.00823138
-0.00579103
0.00614748
0.00383536
0.0209763
-0.0014566
-0.0114037
-0.0140074
0.00342006
-0.00961271
-0.000247864
0.00347282
0.0173141
0.010606
0.0121002
0.0242648
0.0186693
0.00512122
-0.0162821
0.00868935
-0.0103629
0.00648665
0.00786012
0.00749637
-0.012807
0.0140759
-0.000999807
-0.00288057
0.00275679
0.00718396
-0.00586359
0.00420002
-0.00240161
-0.00263765
0.022207
-0.00507495
-0.00885234
0.00698988
0.0061312
-0.0225491
-0.00686665
-0.00691892
0.0629897
0.0660676
0.0611371
0.00882286
0.0513237
0.0815839
0.0581338
0.0832986
0.0764791
0.103903
0.128106
0.15741
0.135064
0.101933
0.121115
0.161867
0.128649
0.139646
0.139065
0.146161
0.140049
0.228558
0.214326
0.172257
0.201846
0.207637
0.174787
0.186949
0.187201
0.194409
0.191019
0.179075
0.18762
0.192752
0.21479
0.224891
0.268516
0.280022
0.274106
0.310321
0.229325
0.288445
0.245717
0.263266
0.275508
0.295889
0.303955
0.394644
0.449437
0.423894
0.468587
0.421011
0.431382
0.415019
0.402356
0.402087
0.400008
0.368211
0.408361
0.458995
0.421104
0.408413
0.445843
0.454288
0.455448
0.411899
0.417621
0.427991
0.455561
0.484083
0.601072
0.399414
0.524103
0.513132
0.452572
0.465219
0.517102
0.501896
0.519692
0.484353
0.488784
0.500026
0.48535
0.480257
0.415502
0.430297
0.454188
0.441336
0.41078
0.464933
0.46354
0.43256
0.446209
0.451184
0.434399
0.384951
0.376078
0.394275
0.344342
0.367156
0.30325
0.34208
0.367003
0.364094
0.390975
0.337355
0.378933
0.369991
0.358059
0.409916
0.377548
0.408526
0.396689
0.412361
0.328302
0.331794
0.297592
0.312631
0.339084
0.314586
0.35029
0.356211
0.359554
0.372204
0.411315
0.394711
0.402197
0.407967
0.407028
0.403316
0.341441
0.346905
0.347886
0.337475
0.395656
0.352589
0.389518
0.418899
0.387967
0.382611
0.417855
0.391047
0.414758
0.393103
0.371205
0.320828
0.347676
0.270258
0.306424
0.280641
0.275801
0.285626
0.30329
0.299696
0.307641
0.293298
0.30557
0.308324
0.292531
0.322153
0.310856
0.29752
0.306903
0.297178
0.296403
0.306363
0.245296
0.237906
0.261585
0.277502
0.262754
0.284684
0.29457
0.316733
0.337498
0.367823
0.35916
0.382717
0.363056
0.377262
0.353812
0.3693
0.354758
0.323088
0.296183
0.318999
0.276832
0.294697
0.295973
0.27241
0.318767
0.334881
0.332273
0.307151
0.358972
0.306718
0.36103
0.307419
0.336405
0.318072
0.325217
0.371229
0.316552
0.341519
0.268736
0.266026
0.288128
0.295455
0.283067
0.303201
0.298057
0.283756
0.322959
0.318606
0.31231
0.29155
0.315773
0.32762
0.301655
0.273056
0.262851
0.255232
0.235845
0.20562
0.206504
0.237205
0.19973
0.159767
0.21708
0.21484
0.170257
0.184631
0.204264
0.214711
0.210976
0.212047
0.190593
0.207049
0.200339
0.199867
0.191388
0.18604
0.154934
0.171246
0.17444
0.189301
0.166045
0.179696
0.155467
0.153135
0.15034
0.127279
0.117474
0.109432
0.142463
0.153458
0.145968
0.154128
0.105401
0.114755
0.151704
0.343993
0.477409
0.47638
0.369499
0.509879
0.493602
0.428143
0.370696
0.334298
0.256798
0.249252
0.207916
0.192046
0.142424
0.0949902
0.0980292
0.089655
0.0922074
0.0856692
0.0329778
0.0110481
0.0480953
0.0482315
0.00863657
0.00812264
-0.0022161
-0.00455883
-0.0144997
-0.000784417
0.0106531
0.00233208
-0.00533794
0.0149873
-0.00639936
-0.0225248
-0.000116144
-0.00372717
-0.00192384
0.00609933
0.00538763
0.0123562
0.0212735
0.013313
0.00211157
-0.000455531
-0.00299957
0.0200681
0.00475821
-0.00572933
-0.000864889
0.0118587
0.0146003
0.0161318
-0.00561801
0.00463687
-0.00160004
0.00273445
-0.00731661
-0.0134854
0.0160379
0.000121852
-0.00142873
-0.0048251
0.013781
-0.00359258
0.00722805
-0.000306116
-0.0162162
0.000851247
-0.00394118
0.00508351
-0.00900411
-0.00215633
-0.0127504
-0.00571368
0.0033718
-0.0125014
-0.00859494
-0.00917533
0.00547976
-0.00805948
-0.00407573
0.0083534
-0.000133822
-0.00316672
-0.0165933
-0.00206177
-0.00766208
-0.00356501
-0.0043179
0.00886472
-0.00171577
-0.0020452
0.010329
0.012816
-0.0173263
-0.0108069
0.0174036
-0.00167589
0.0118316
0.020025
0.0104735
-0.00992907
-0.013529
0.0196379
-0.00152588
-0.0164267
