-0.217183
-0.21718
-0.217159
-0.217189
-0.217194
-0.217192
-0.217191
-0.217242
-0.217231
-0.217187
-0.21721
-0.217202
-0.217217
-0.217172
-0.217205
-0.217176
-0.21718
-0.217193
-0.21719
-0.217203
-0.217179
-0.217188
-0.217163
-0.217193
-0.217177
-0.217208
-0.217176
-0.217176
-0.217165
-0.217184
-0.217161
-0.21721
-0.217233
-0.217196
-0.217177
-0.217166
-0.217205
-0.217197
-0.217126
-0.217206
-0.217195
-0.217233
-0.217175
-0.217154
-0.217194
-0.217183
-0.217217
-0.217167
-0.21721
-0.217204
-0.217205
-0.217208
-0.217187
-0.217213
-0.217217
-0.217173
-0.217185
-0.217174
-0.217204
-0.217165
-0.21721
-0.217208
-0.217248
-0.217191
-0.217185
-0.217176
-0.217185
-0.217206
-0.217221
-0.217195
-0.217194
-0.2172
-0.217172
-0.217203
-0.217168
-0.217236
-0.21718
-0.217208
-0.217155
-0.217168
-0.217136
-0.217189
-0.217251
-0.217164
-0.217165
-0.217203
-0.217194
-0.217206
-0.217215
-0.217202
-0.217217
-0.217171
-0.217118
-0.217146
-0.217114
-0.217133
-0.217097
-0.217093
-0.217091
-0.217047
-0.217002
-0.216962
-0.216947
-0.217014
-0.217245
-0.217713
-0.218145
-0.21868
-0.219108
-0.219444
-0.219641
-0.219641
-0.219607
-0.219494
-0.219382
-0.219139
-0.218985
-0.218743
-0.218498
-0.218286
-0.218061
-0.217805
-0.217778
-0.217826
-0.217828
-0.21791
-0.218036
-0.218136
-0.218144
-0.218118
-0.218084
-0.218003
-0.217913
-0.21801
-0.218404
-0.219288
-0.220134
-0.220918
-0.221349
-0.221758
-0.222015
-0.22225
-0.222255
-0.222083
-0.221442
-0.220491
-0.219037
-0.217808
-0.215886
-0.214901
-0.213805
-0.212588
-0.211143
-0.209668
-0.207591
-0.206085
-0.204467
-0.202555
-0.200922
-0.199215
-0.197398
-0.19564
-0.193982
-0.192218
-0.190593
-0.188857
-0.187068
-0.185245
-0.183344
-0.181405
-0.179461
-0.177455
-0.175681
-0.173861
-0.171832
-0.169985
-0.167896
-0.165902
-0.163858
-0.161784
-0.159675
-0.15752
-0.155646
-0.152042
-0.150264
-0.148586
-0.14696
-0.145391
-0.143623
-0.141896
-0.140316
-0.138722
-0.137254
-0.135587
-0.133866
-0.132119
-0.130103
-0.12804
-0.125783
-0.123477
-0.121206
-0.118862
-0.116349
-0.113952
-0.111885
-0.10962
-0.110786
-0.108992
-0.107449
-0.106239
-0.104899
-0.103312
-0.10174
-0.0998105
-0.0976736
-0.0954173
-0.0910416
-0.0891434
-0.0876288
-0.0866413
-0.0859829
-0.0853133
-0.0849465
-0.0844963
-0.0841291
-0.0838076
-0.0834834
-0.0830922
-0.0827132
-0.0823143
-0.0821284
-0.0820109
-0.0818659
-0.081637
-0.0811718
-0.0804597
-0.0796851
-0.0789698
-0.0780663
-0.0771482
-0.0762955
-0.0755223
-0.075115
-0.075106
-0.0751876
-0.0755606
-0.0761624
-0.0769763
-0.0777801
-0.0801073
-0.0809561
-0.0817936
-0.0829059
-0.0844204
-0.0859427
-0.0876506
-0.0894957
-0.0910767
-0.0924417
-0.0937181
-0.0951049
-0.0963259
-0.0974342
-0.0987665
-0.100234
-0.101661
-0.103378
-0.105113
-0.107057
-0.109019
-0.111217
-0.113368
-0.115417
-0.11747
-0.11953
-0.121727
-0.124101
-0.126409
-0.128826
-0.1313
-0.133788
-0.13621
-0.138837
-0.141268
-0.146332
-0.14927
-0.152168
-0.155327
-0.158296
-0.16126
-0.16405
-0.166965
-0.16998
-0.17306
-0.176186
-0.179274
-0.182351
-0.18532
-0.188029
-0.190615
-0.193233
-0.195827
-0.198628
-0.201449
-0.204782
-0.208265
-0.211393
-0.214995
-0.218494
-0.221869
-0.225362
-0.228915
-0.232318
-0.235792
-0.239299
-0.24262
-0.24613
-0.249564
-0.253508
-0.259862
-0.263169
-0.266581
-0.270119
-0.273656
-0.277259
-0.280763
-0.284304
-0.28808
-0.291722
-0.295548
-0.29924
-0.302977
-0.306978
-0.310915
-0.314748
-0.318554
-0.322279
-0.32614
-0.330026
-0.333686
-0.337726
-0.341679
-0.345558
-0.349553
-0.353122
-0.356741
-0.360379
-0.363954
-0.367426
-0.370821
-0.374376
-0.377909
-0.381437
-0.385011
-0.388585
-0.392507
-0.396155
-0.403117
-0.406447
-0.409858
-0.413388
-0.417021
-0.420787
-0.424509
-0.428261
-0.432037
-0.435905
-0.439768
-0.443654
-0.447469
-0.45131
-0.455457
-0.459322
-0.463119
-0.46723
-0.471307
-0.475413
-0.479227
-0.48306
-0.486904
-0.490701
-0.494486
-0.498375
-0.502208
-0.506416
-0.51071
-0.514859
-0.518993
-0.523166
-0.527875
-0.535728
-0.539745
-0.543912
-0.547974
-0.551963
-0.555905
-0.559836
-0.563795
-0.568059
-0.571998
-0.576023
-0.580186
-0.584343
-0.588193
-0.592185
-0.596278
-0.60047
-0.604667
-0.608814
-0.613042
-0.617377
-0.621606
-0.62592
-0.630345
-0.634733
-0.639191
-0.643532
-0.647664
-0.651995
-0.656311
-0.660527
-0.664443
-0.668519
-0.672699
-0.676562
-0.680741
-0.688262
-0.692237
-0.696124
-0.699847
-0.703468
-0.707198
-0.710823
-0.714388
-0.718011
-0.721662
-0.725235
-0.728697
-0.732047
-0.735397
-0.738612
-0.741899
-0.745099
-0.748621
-0.752177
-0.755904
-0.759623
-0.763131
-0.766686
-0.770111
-0.773635
-0.77733
-0.781033
-0.785048
-0.789158
-0.793314
-0.797795
-0.802082
-0.806164
-0.810275
-0.814601
-0.822646
-0.826781
-0.830928
-0.835057
-0.839222
-0.843117
-0.847076
-0.851309
-0.85527
-0.859197
-0.863353
-0.867461
-0.871539
-0.875851
-0.880041
-0.884382
-0.888921
-0.89339
-0.897524
-0.901707
-0.905878
-0.909656
-0.913321
-0.917026
-0.920777
-0.924766
-0.928735
-0.93257
-0.936619
-0.94087
-0.945105
-0.949209
-0.953316
-0.957495
-0.96181
-0.966126
-0.97078
-0.978811
-0.982942
-0.986918
-0.99103
-0.995138
-0.999295
-1.00312
-1.0071
-1.01091
-1.01476
-1.01852
-1.02248
-1.0266
-1.03085
-1.035
-1.03904
-1.04291
-1.04687
-1.05067
-1.0545
-1.05815
-1.06171
-1.06539
-1.06892
-1.07224
-1.0754
-1.07845
-1.08134
-1.08426
-1.08713
-1.08978
-1.09243
-1.09485
-1.09728
-1.10177
-1.10399
-1.10622
-1.10859
-1.11104
-1.11357
-1.11623
-1.11873
-1.12123
-1.12363
-1.12587
-1.12799
-1.12988
-1.13156
-1.13303
-1.13445
-1.13587
-1.13754
-1.13972
-1.1419
-1.14421
-1.1464
-1.14835
-1.14979
-1.15067
-1.1512
-1.15145
-1.15141
-1.15145
-1.15148
-1.15147
-1.15148
-1.15148
-1.15147
-1.15144
-1.15133
-1.15117
-1.15108
-1.15097
-1.151
-1.15103
-1.15108
-1.15112
-1.15114
-1.15111
-1.15113
-1.15096
-1.15073
-1.15049
-1.15028
-1.14996
-1.14972
-1.14951
-1.14919
-1.14879
-1.14849
-1.14815
-1.14769
-1.14711
-1.14646
-1.14581
-1.14505
-1.14423
-1.14381
-1.14335
-1.14287
-1.14242
-1.14206
-1.14149
-1.14116
-1.14062
-1.13995
-1.13935
-1.13859
-1.1374
-1.13689
-1.13633
-1.13563
-1.13494
-1.13419
-1.13325
-1.13225
-1.13118
-1.13006
-1.12894
-1.12722
-1.12539
-1.12275
-1.12001
-1.11748
-1.115
-1.11259
-1.11055
-1.1083
-1.10619
-1.1045
-1.10227
-1.10017
-1.0981
-1.09605
-1.09446
-1.09341
-1.09163
-1.09054
-1.08971
-1.08991
-1.09081
-1.09208
-1.09231
-1.09239
-1.09235
-1.09236
-1.09238
-1.0934
-1.09527
-1.09881
-1.10047
-1.10233
-1.10423
-1.1054
-1.10658
-1.1074
-1.10806
-1.10868
-1.10889
-1.1089
-1.10893
-1.10888
-1.10865
-1.1083
-1.10794
-1.10743
-1.10693
-1.10663
-1.10646
-1.10615
-1.10471
-1.10309
-1.10211
-1.10113
-1.09989
-1.09893
-1.09815
-1.09736
-1.09676
-1.09607
-1.0954
-1.09478
-1.09413
-1.09368
-1.09328
-1.09302
-1.09287
-1.09272
-1.09246
-1.09222
-1.09193
-1.09155
-1.091
-1.09034
-1.0895
-1.08855
-1.08722
-1.08577
-1.08415
-1.08226
-1.08012
-1.0777
-1.07524
-1.07258
-1.0699
-1.0676
-1.06237
-1.05982
-1.05725
-1.05482
-1.05243
-1.05026
-1.04828
-1.04639
-1.04457
-1.04266
-1.04079
-1.03913
-1.03745
-1.03592
-1.03436
-1.03274
-1.03089
-1.02892
-1.027
-1.02497
-1.02284
-1.02056
-1.01812
-1.01539
-1.01231
-1.00978
-1.00793
-1.00783
-1.00608
-1.00439
-1.00273
-1.00078
-0.998666
-0.996398
-0.99401
-0.989474
-0.987224
-0.985374
-0.983854
-0.982612
-0.981381
-0.979903
-0.978316
-0.976661
-0.974827
-0.973349
-0.971808
-0.970572
-0.969213
-0.967559
-0.96595
-0.964138
-0.962406
-0.960725
-0.959025
-0.95749
-0.95583
-0.954321
-0.952817
-0.951022
-0.949451
-0.947824
-0.94618
-0.944858
-0.943512
-0.94222
-0.939611
-0.93809
-0.936688
-0.935209
-0.933758
-0.932424
-0.93124
-0.930423
-0.929926
-0.929796
-0.929914
-0.929974
-0.930081
-0.930108
-0.930321
-0.930351
-0.930304
-0.930049
-0.929315
-0.928128
-0.927062
-0.925973
-0.925485
-0.925239
-0.925112
-0.924886
-0.924603
-0.924049
-0.922928
-0.921364
-0.919537
-0.917604
-0.91549
-0.913476
-0.909377
-0.906775
-0.904427
-0.902052
-0.899901
-0.897597
-0.895948
-0.893698
-0.891737
-0.889623
-0.887479
-0.885164
-0.882374
-0.879753
-0.877276
-0.875059
-0.872936
-0.870521
-0.868405
-0.866203
-0.864191
-0.862406
-0.860594
-0.85895
-0.85753
-0.856415
-0.856096
-0.856131
-0.856113
-0.855834
-0.854977
-0.85401
-0.853451
-0.853213
-0.85209
-0.851483
-0.850766
-0.849991
-0.848959
-0.847543
-0.845607
-0.84319
-0.840501
-0.837951
-0.835613
-0.833851
-0.832639
-0.831771
-0.83099
-0.830365
-0.829942
-0.829399
-0.829119
-0.828981
-0.828858
-0.828715
-0.828663
-0.828464
-0.828176
-0.827877
-0.827557
-0.827316
-0.82693
-0.826383
-0.825973
-0.825509
-0.825066
-0.824748
-0.824587
-0.82451
-0.824527
-0.824526
-0.824574
-0.824569
-0.824552
-0.82452
-0.824514
-0.824557
-0.8244
-0.824096
-0.823784
-0.823417
-0.822954
-0.822715
-0.82244
-0.822255
-0.822127
-0.822077
-0.822111
-0.822129
-0.822084
-0.822083
-0.822029
-0.821994
-0.821908
-0.821769
-0.821622
-0.82154
-0.821427
-0.821258
-0.821183
-0.821165
-0.821191
-0.821241
-0.82118
-0.821248
-0.821248
-0.8213
-0.821239
-0.82131
-0.821263
-0.8213
-0.821249
-0.821252
-0.821253
-0.821228
-0.820796
-0.820225
-0.81979
-0.819149
-0.818639
-0.818094
-0.817577
-0.81686
-0.815964
-0.815151
-0.814537
-0.814291
-0.814194
-0.814164
-0.814043
-0.814077
-0.814176
-0.814483
-0.814892
-0.815287
-0.815614
-0.816017
-0.816328
-0.81669
-0.816906
-0.817022
-0.817102
-0.817185
-0.817153
-0.816914
-0.81662
-0.816209
-0.815919
-0.815755
-0.815663
-0.815609
-0.815645
-0.815627
-0.815654
-0.815601
-0.815588
-0.815661
-0.8158
-0.81607
-0.816641
-0.817164
-0.818105
-0.819641
-0.820097
-0.820257
-0.820331
-0.820142
-0.819973
-0.819743
-0.819412
-0.818818
-0.817953
-0.817369
-0.815737
-0.814886
-0.813834
-0.812655
-0.811244
-0.809624
-0.80789
-0.805787
-0.803974
-0.801756
-0.799769
-0.797482
-0.795535
-0.793641
-0.792095
-0.790945
-0.789282
-0.787479
-0.785868
-0.784339
-0.782898
-0.781334
-0.78035
-0.779091
-0.778226
-0.777367
-0.776452
-0.775588
-0.774846
-0.774159
-0.773385
-0.772642
-0.771888
-0.771127
-0.770565
-0.769809
-0.76892
-0.768096
-0.76749
-0.766823
-0.765162
-0.764303
-0.763731
-0.763116
-0.762469
-0.761827
-0.761215
-0.760681
-0.76013
-0.75985
-0.75936
-0.758978
-0.758597
-0.758303
-0.757954
-0.757804
-0.757575
-0.757328
-0.757219
-0.757063
-0.756963
-0.756881
-0.756706
-0.756693
-0.756587
-0.756515
-0.756502
-0.756439
-0.756458
-0.756425
-0.756513
-0.756532
-0.756569
-0.756607
-0.756695
-0.756828
-0.756974
-0.757158
-0.757387
-0.757596
-0.757873
-0.758087
-0.758341
-0.758528
-0.758705
-0.758865
-0.759124
-0.759366
-0.759561
-0.759921
-0.760487
-0.760974
-0.761249
-0.761336
-0.761269
-0.761116
-0.760814
-0.760388
-0.759993
-0.759729
-0.75954
-0.759364
-0.759138
-0.758998
-0.758846
-0.758725
-0.758565
-0.75847
-0.75831
-0.757683
-0.75703
-0.75662
-0.756132
-0.755725
-0.75544
-0.755322
-0.755296
-0.755346
-0.755301
-0.755293
-0.755247
-0.755199
-0.755098
-0.755003
-0.754855
-0.754724
-0.754603
-0.754443
-0.754293
-0.754098
-0.754036
-0.753967
-0.753917
-0.753842
-0.753806
-0.753741
-0.753677
-0.753515
-0.753382
-0.753272
-0.753065
-0.752779
-0.752331
-0.751863
-0.750956
-0.750524
-0.750092
-0.749593
-0.74925
-0.74876
-0.748362
-0.74789
-0.747519
-0.747146
-0.746735
-0.74644
-0.746218
-0.746098
-0.746045
-0.746057
-0.746029
-0.746033
-0.745837
-0.745486
-0.745162
-0.74478
-0.744303
-0.743608
-0.742845
-0.741887
-0.740908
-0.739721
-0.738095
-0.736401
-0.734255
-0.732127
-0.729925
-0.725419
-0.723153
-0.720811
-0.718603
-0.716286
-0.713723
-0.711205
-0.708673
-0.705937
-0.703268
-0.700487
-0.697798
-0.694996
-0.692141
-0.689027
-0.685896
-0.682605
-0.679132
-0.675658
-0.67232
-0.668721
-0.665075
-0.661385
-0.657924
-0.65448
-0.650866
-0.647202
-0.643456
-0.639793
-0.636456
-0.632969
-0.629664
-0.625929
-0.622463
-0.619117
-0.612573
-0.609231
-0.605711
-0.602143
-0.59854
-0.59462
-0.590819
-0.587045
-0.583161
-0.579611
-0.57579
-0.572064
-0.568281
-0.564555
-0.561066
-0.557289
-0.553447
-0.549419
-0.545327
-0.541292
-0.537014
-0.532896
-0.528579
-0.524241
-0.519848
-0.515579
-0.511235
-0.507094
-0.502869
-0.498846
-0.494892
-0.491227
-0.487225
-0.483583
-0.475912
-0.47218
-0.468444
-0.464634
-0.46078
-0.45676
-0.452875
-0.448955
-0.444853
-0.440791
-0.43696
-0.43306
-0.429134
-0.425046
-0.421091
-0.417166
-0.413079
-0.408926
-0.404885
-0.400919
-0.396928
-0.392914
-0.388925
-0.385001
-0.380983
-0.377029
-0.373228
-0.369214
-0.365386
-0.361358
-0.357266
-0.353278
-0.349212
-0.345096
-0.340914
-0.336805
-0.332313
-0.328289
-0.32419
-0.319596
-0.315381
-0.307678
-0.303676
-0.299677
-0.295532
-0.291519
-0.287521
-0.283498
-0.279406
-0.275357
-0.271411
-0.267309
-0.26305
-0.258716
-0.254451
-0.250328
-0.246052
-0.241616
-0.237266
-0.233082
-0.228797
-0.224433
-0.220305
-0.216061
-0.211661
-0.207319
-0.203049
-0.198829
-0.194508
-0.190232
-0.185991
-0.181732
-0.177324
-0.173037
-0.168676
-0.164214
-0.159865
-0.155494
-0.150651
-0.146268
-0.137849
-0.133436
-0.129169
-0.124877
-0.120395
-0.115763
-0.111276
-0.106732
-0.10196
-0.0972464
-0.0923355
-0.0874873
-0.0826199
-0.0775931
-0.0728489
-0.0681307
-0.0633435
-0.0586761
-0.0540489
-0.049321
-0.0444775
-0.0397346
-0.0349124
-0.0300543
-0.0251851
-0.0203162
-0.0155607
-0.0105933
-0.00577809
-0.000957988
0.00374907
0.00859173
0.0135549
0.0181357
0.0230161
0.0283882
0.0333023
0.0381574
0.0474149
0.0522418
0.0572847
0.0620478
0.066901
0.0718436
0.0767901
0.0818458
0.0868544
0.0918588
0.0969966
0.102297
0.107501
0.112842
0.118222
0.123468
0.128649
0.133997
0.139533
0.144741
0.150181
0.155665
0.160987
0.166267
0.171784
0.177248
0.182706
0.188085
0.194404
0.199857
0.210287
0.21574
0.221003
0.226278
0.231713
0.237091
0.242672
0.248465
0.254245
0.260166
0.266274
0.27218
0.278082
0.283955
0.289597
0.295104
0.300634
0.306215
0.311806
0.317503
0.323408
0.329483
0.335755
0.342059
0.348337
0.354619
0.36069
0.366548
0.372159
0.377705
0.383017
0.388494
0.394025
0.399482
0.40511
0.416528
0.422169
0.427713
0.433166
0.438547
0.443753
0.44921
0.454581
0.459991
0.465576
0.47102
0.47654
0.481953
0.487239
0.492574
0.497937
0.503196
0.508374
0.513719
0.519224
0.524557
0.530082
0.535749
0.541392
0.546939
0.552373
0.55762
0.562609
0.567693
0.57266
0.577633
0.582893
0.58836
0.593749
0.599138
0.604328
0.613957
0.618321
0.622824
0.627573
0.632209
0.63724
0.641705
0.645413
0.648576
0.652077
0.655896
0.659356
0.662162
0.664628
0.666934
0.668721
0.670124
0.671373
0.672708
0.673929
0.675122
0.676661
0.677968
0.679521
0.680653
0.681536
0.68229
0.682907
0.683509
0.684074
0.684623
0.685247
0.685871
0.686367
0.687289
0.687798
0.688415
0.688839
0.689184
0.689768
0.690642
0.691563
0.692303
0.693031
0.693837
0.694907
0.696125
0.697333
0.6984
0.699395
0.700264
0.700947
0.701617
0.702336
0.703063
0.703845
0.704443
0.705076
0.705707
0.706368
0.707074
0.708007
0.70867
0.709219
0.70979
0.71021
0.710542
0.71072
0.710716
0.710748
0.710831
0.711046
0.711166
0.711256
0.711278
0.711385
0.711393
0.711395
0.711398
0.711366
0.711393
0.711322
0.71134
0.711314
0.711212
0.711197
0.711193
0.711182
0.711109
0.711179
0.711169
0.711185
0.711048
0.711034
0.710938
0.710853
0.710739
0.710565
0.710449
0.710326
0.710269
0.710145
0.710114
0.710058
0.709981
0.709867
0.709685
0.709461
0.709176
0.708893
0.708608
0.708156
0.707896
0.707118
0.706827
0.706695
0.706581
0.706573
0.706528
0.70652
0.706544
0.706554
0.706666
0.706717
0.706881
0.707022
0.707118
0.707245
0.707408
0.707443
0.707505
0.707562
0.707587
0.707616
0.707603
0.707561
0.7076
0.707574
0.707666
0.707431
0.707315
0.707154
0.707124
0.706957
0.706905
0.706925
0.70698
0.707079
0.707103
0.707269
0.70744
0.707617
0.707793
0.707953
0.708021
0.708031
0.708119
0.708038
0.70801
0.708027
0.707982
0.708041
0.708032
0.707882
0.707771
0.707653
0.707624
0.707444
0.707421
0.707328
0.707164
0.707151
0.707112
0.707213
0.707227
0.707188
0.70723
0.707244
0.707289
0.707255
0.707218
0.707203
0.707116
0.706955
0.706883
0.706783
0.706653
0.706615
0.706545
0.706501
0.706416
0.706406
0.706388
0.706433
0.706493
0.706526
0.70657
0.706597
0.706688
0.70673
0.706899
0.706886
0.706884
0.706843
0.706869
0.706812
0.706882
0.706864
0.706801
0.706833
0.706776
0.706819
0.706805
0.706873
0.707011
0.707213
0.708198
0.70885
0.70965
0.710689
0.711351
0.712292
0.713309
0.714484
0.716177
0.718519
0.720917
0.723731
0.726852
0.730349
0.734273
0.738266
0.742417
0.74637
0.750373
0.754315
0.758053
0.76163
0.765153
0.768421
0.771669
0.774571
0.777691
0.780371
0.78302
0.785478
0.787798
0.789891
0.793882
0.795917
0.797888
0.799904
0.802104
0.804141
0.806244
0.808426
0.810372
0.812619
0.814639
0.816458
0.818033
0.81931
0.820334
0.821209
0.821885
0.822473
0.823205
0.82372
0.824237
0.824743
0.825154
0.825638
0.826105
0.826647
0.827311
0.828072
0.828845
0.829653
0.830471
0.831323
0.832502
0.833737
0.835172
0.836567
0.83808
0.840739
0.84216
0.843579
0.845031
0.846595
0.848072
0.849512
0.850831
0.852144
0.853453
0.854982
0.856491
0.858127
0.859743
0.861342
0.862917
0.864774
0.866735
0.86879
0.871011
0.873022
0.875299
0.877418
0.87933
0.881269
0.883328
0.885196
0.886886
0.88841
0.889766
0.890982
0.891977
0.893071
0.894073
0.895065
0.896789
0.897449
0.898042
0.898557
0.898664
0.898763
0.898841
0.898822
0.898848
0.898863
0.898614
0.898337
0.898088
0.897791
0.897555
0.897293
0.896995
0.896824
0.896514
0.89624
0.896021
0.895783
0.895598
0.895446
0.895359
0.895289
0.895195
0.895026
0.894859
0.894621
0.894372
0.893998
0.893429
0.89276
0.892266
0.891821
0.891643
0.891445
0.891153
0.890885
0.890697
0.890538
0.890286
0.890081
0.889889
0.889764
0.889461
0.889179
0.888938
0.888517
0.887996
0.887307
0.886498
0.885725
0.884768
0.883873
0.882876
0.881743
0.880629
0.879745
0.878726
0.877751
0.876846
0.875986
0.875262
0.87457
0.873932
0.873262
0.87276
0.872185
0.87119
0.87065
0.869977
0.869267
0.868514
0.867769
0.866899
0.866061
0.865348
0.864432
0.863658
0.862815
0.862043
0.861153
0.860369
0.859428
0.858518
0.857401
0.856474
0.85543
0.854316
0.853172
0.852183
0.851117
0.849993
0.848864
0.847778
0.846617
0.845536
0.844451
0.843457
0.842488
0.841388
0.840371
0.838383
0.83717
0.836068
0.835024
0.834001
0.832814
0.831551
0.830497
0.829285
0.828063
0.827
0.825961
0.824599
0.823565
0.82249
0.821524
0.820343
0.819142
0.818032
0.816837
0.81573
0.814409
0.813181
0.811831
0.810654
0.80955
0.808478
0.807125
0.80588
0.804768
0.803513
0.802378
0.801043
0.799683
0.798199
0.795221
0.793611
0.791933
0.79055
0.788493
0.78661
0.784944
0.783108
0.781323
0.779417
0.777419
0.775392
0.773333
0.771324
0.769293
0.767197
0.765309
0.763209
0.761582
0.759676
0.757719
0.755968
0.753936
0.751976
0.750067
0.748014
0.74581
0.743773
0.741691
0.73916
0.737033
0.735183
0.73283
0.728316
0.725955
0.7239
0.721606
0.719232
0.717179
0.714918
0.712576
0.710172
0.7083
0.70604
0.703967
0.701707
0.699675
0.697155
0.694898
0.692671
0.689968
0.688004
0.685442
0.683227
0.681115
0.678652
0.67599
0.673364
0.670451
0.66807
0.665371
0.662963
0.660254
0.657404
0.654424
0.651692
0.648872
0.643725
0.641081
0.638359
0.635356
0.632691
0.629988
0.627708
0.62507
0.622525
0.620013
0.61723
0.614821
0.612492
0.609798
0.60766
0.605281
0.602884
0.6004
0.597949
0.595189
0.592864
0.590412
0.587885
0.585664
0.582949
0.580234
0.577592
0.574713
0.572061
0.569429
0.566643
0.563734
0.560962
0.558088
0.552153
0.549587
0.546786
0.543826
0.541068
0.537621
0.535069
0.532335
0.529571
0.526606
0.523775
0.52089
0.518107
0.515163
0.512394
0.509333
0.5069
0.503927
0.500995
0.498026
0.495064
0.492284
0.489184
0.486105
0.48296
0.47981
0.477029
0.474305
0.471292
0.467915
0.464778
0.461637
0.456697
0.453917
0.451156
0.448938
0.44684
0.444807
0.443029
0.441296
0.439801
0.438194
0.436574
0.435103
0.43372
0.432194
0.430924
0.429511
0.428226
0.426787
0.42523
0.423345
0.421527
0.419202
0.416622
0.41446
0.412208
0.410208
0.408298
0.40637
0.404496
0.402737
0.401099
0.399419
0.398065
0.39664
0.393601
0.39199
0.390134
0.38811
0.38613
0.383859
0.381443
0.378902
0.376532
0.373877
0.370886
0.367683
0.364547
0.361427
0.358367
0.355166
0.352015
0.348858
0.345503
0.341971
0.338349
0.334793
0.331416
0.32801
0.324608
0.321242
0.318039
0.314775
0.31212
0.309286
0.306364
0.303406
0.299939
0.296889
0.293772
0.287602
0.284242
0.280812
0.277463
0.274239
0.270851
0.267731
0.264587
0.261514
0.258447
0.25537
0.251672
0.248651
0.245116
0.241644
0.238066
0.234542
0.230915
0.227083
0.223578
0.219994
0.216345
0.212142
0.207929
0.203866
0.199736
0.195651
0.191605
0.187336
0.183125
0.179278
0.174813
0.170696
0.166488
0.158873
0.154921
0.150739
0.146627
0.142839
0.138948
0.13521
0.131371
0.12766
0.123907
0.119892
0.11573
0.11137
0.107067
0.10289
0.0987112
0.0941324
0.0906524
0.086801
0.0829022
0.0791288
0.07509
0.071085
0.0668769
0.0625704
0.0580611
0.0539631
0.0499188
0.0458577
0.0421964
0.0385031
0.0351986
0.0290301
0.026051
0.0227974
0.0225035
0.0169348
0.0141877
0.0115738
0.00916466
0.00711432
0.00512191
0.00353899
0.00205245
0.000646725
-0.000747513
-0.00197453
-0.00305276
-0.00382266
-0.00429238
-0.00460964
-0.00471138
-0.00473168
-0.0047386
-0.00460104
-0.00447005
-0.00427695
-0.00396417
-0.00375386
-0.00347546
-0.00337501
-0.00336727
-0.00344643
-0.00354163
-0.00381393
-0.00405229
-0.00426882
-0.00459096
-0.00465088
-0.00466978
-0.00466351
-0.00463605
-0.00464943
-0.00460546
-0.00467099
-0.00474539
-0.00489796
-0.00507217
-0.0052847
-0.00543872
-0.00560302
-0.00569763
-0.00570944
-0.00573425
-0.00574641
-0.00574133
-0.00569617
-0.0057035
-0.00573999
-0.00573342
-0.00563833
-0.00568356
-0.00563145
-0.00564387
-0.00565253
-0.00568788
-0.00571978
-0.00578881
-0.0057527
-0.00574596
-0.00576878
-0.00578478
-0.00573674
-0.00578373
-0.00575247
-0.00577025
-0.00575811
-0.00582354
-0.00582164
-0.0058976
-0.00590903
-0.00590644
-0.00591227
-0.00589554
-0.00591544
-0.00584082
-0.00580079
-0.00577396
-0.00573509
-0.00579461
-0.00579683
-0.00582624
-0.00579536
-0.00584629
-0.00583515
-0.0058501
-0.00587107
-0.00587017
-0.00576423
-0.00580839
-0.00576574
-0.00576135
-0.00577101
-0.00580401
-0.00578859
-0.00578617
-0.00581328
-0.00582444
-0.00582247
-0.00583632
-0.0058261
-0.00584176
-0.00582891
-0.00576814
-0.00581649
-0.00584218
-0.00579255
-0.00577667
-0.00580686
-0.0058488
-0.00573095
-0.00580183
-0.0058596
-0.00574951
-0.00581564
-0.00586193
-0.00579435
-0.00578821
-0.00582587
-0.00578987
-0.00581477
-0.0058048
-0.00577494
-0.00580535
-0.00576529
-0.00580147
-0.00579761
-0.00582791
-0.00583823
-0.00581451
-0.00578441
-0.00581794
-0.00587847
-0.00581026
-0.00579122
-0.00579097
-0.00580702
-0.0058025
-0.00583467
-0.00579625
-0.00581248
-0.00578176
-0.00580119
-0.00584878
-0.00577774
-0.00582699
-0.00578341
-0.00588111
