0.0814835
0.0838817
0.0798853
0.0813379
0.0808884
0.0815671
0.081126
0.0830588
0.0807651
0.0817384
0.0812162
0.0815994
0.0817616
0.0811135
0.0826449
0.0804547
0.0826358
0.0822219
0.0816002
0.0819346
0.080487
0.0809182
0.0798903
0.0812187
0.0807601
0.0815588
0.0810647
0.0794682
0.0801915
0.0792597
0.079354
0.0809795
0.0807758
0.0800715
0.0805416
0.0793209
0.0809646
0.0800674
0.078884
0.081784
0.0811111
0.0829868
0.0797438
0.0807932
0.0816433
0.0805524
0.0820911
0.0814769
0.0820033
0.0794235
0.0812095
0.0822749
0.0809
0.0824081
0.0830845
0.0800533
0.0801998
0.0805251
0.0816921
0.0805482
0.0794707
0.080602
0.0828941
0.080578
0.0807171
0.0801543
0.0815613
0.0812145
0.0807626
0.0801228
0.0811351
0.0823585
0.08163
0.081534
0.0804514
0.0823527
0.0788567
0.0817169
0.0792514
0.079383
0.0793317
0.0812385
0.0823974
0.0813627
0.0809397
0.0810059
0.0815978
0.0808404
0.0822492
0.081885
0.0824479
0.0806831
0.0779697
0.0801046
0.0781293
0.080511
0.078548
0.0779746
0.0789469
0.0774509
0.0762132
0.0797645
0.0763067
0.0786051
0.0826598
0.0930134
0.103709
0.116976
0.126714
0.13461
0.139783
0.139227
0.137985
0.132293
0.126248
0.119804
0.11686
0.108956
0.103218
0.0960771
0.0942077
0.0872164
0.087821
0.0875088
0.0893684
0.0893916
0.0934095
0.0945965
0.0937444
0.096514
0.0949073
0.0900833
0.0895672
0.0919021
0.102083
0.122317
0.142038
0.157178
0.161854
0.163832
0.162454
0.159986
0.15022
0.141922
0.123541
0.0988699
0.0795816
0.0636499
0.0259922
0.00567673
-0.0126577
-0.0311988
-0.0497111
-0.0630826
-0.0762664
-0.0917115
-0.10297
-0.123607
-0.13136
-0.146792
-0.15572
-0.168281
-0.179134
-0.188136
-0.190868
-0.198574
-0.207272
-0.211279
-0.218599
-0.228178
-0.240355
-0.245501
-0.252128
-0.254714
-0.270237
-0.274156
-0.285521
-0.298964
-0.305372
-0.313663
-0.32176
-0.321682
-0.325823
-0.333964
-0.327024
-0.32704
-0.322821
-0.313915
-0.31292
-0.308849
-0.306061
-0.296247
-0.291355
-0.290433
-0.290053
-0.292868
-0.296837
-0.304696
-0.310188
-0.319944
-0.329502
-0.334454
-0.345375
-0.359293
-0.349353
-0.352888
-0.257577
-0.261747
-0.257891
-0.253114
-0.250917
-0.253505
-0.258899
-0.27409
-0.291431
-0.313311
-0.345288
-0.352471
-0.33648
-0.314218
-0.282418
-0.258064
-0.232289
-0.210642
-0.192837
-0.177463
-0.170246
-0.160975
-0.150069
-0.140047
-0.129588
-0.119134
-0.110869
-0.111186
-0.112043
-0.120986
-0.12439
-0.128888
-0.131413
-0.140153
-0.145909
-0.144337
-0.132334
-0.110178
-0.0899293
-0.0697626
-0.0479715
-0.0259964
-0.00503106
0.0265414
0.0398376
0.0570693
0.0799135
0.102296
0.129325
0.159416
0.191729
0.214801
0.229878
0.232269
0.235422
0.24393
0.243144
0.249575
0.262071
0.269438
0.287874
0.299803
0.313206
0.334489
0.350916
0.363264
0.379196
0.394153
0.407471
0.421585
0.438271
0.453519
0.465597
0.479535
0.493068
0.502751
0.514524
0.53437
0.558924
0.585013
0.599517
0.623693
0.636483
0.652994
0.66994
0.681686
0.689781
0.705139
0.715742
0.729667
0.737076
0.747061
0.737608
0.73049
0.721933
0.71673
0.719292
0.72768
0.750314
0.768855
0.771009
0.792133
0.811135
0.825342
0.841315
0.857428
0.869815
0.879881
0.897395
0.909943
0.926178
0.931425
0.940224
0.943377
0.944727
0.944906
0.949221
0.947134
0.954437
0.961576
0.95883
0.970849
0.971195
0.986028
0.993118
0.994361
1.00841
1.01245
1.02425
1.03167
1.03854
1.04917
1.05242
1.0569
1.07086
1.07423
1.07676
1.07335
1.06624
1.05673
1.05031
1.03471
1.0217
1.00716
1.00008
0.990318
0.986341
0.995347
1.00015
1.01369
1.01518
1.04407
1.05034
1.05282
1.05877
1.07025
1.07552
1.09802
1.10028
1.10785
1.11075
1.10389
1.1201
1.12201
1.12059
1.12768
1.12787
1.12717
1.14414
1.14738
1.15859
1.16357
1.17032
1.17776
1.18762
1.18816
1.20177
1.2018
1.21566
1.23514
1.23793
1.25281
1.25527
1.25288
1.24862
1.24456
1.2368
1.22649
1.23136
1.23083
1.2207
1.21085
1.22018
1.2295
1.234
1.24418
1.25127
1.24536
1.24618
1.24628
1.24908
1.25568
1.26411
1.26935
1.27864
1.2801
1.29659
1.30111
1.31118
1.31505
1.33377
1.3249
1.32554
1.33247
1.33341
1.33585
1.34496
1.3437
1.33517
1.32763
1.31837
1.31664
1.30665
1.29067
1.2818
1.26255
1.24906
1.23826
1.22868
1.21683
1.20587
1.20068
1.19404
1.17109
1.1546
1.15249
1.14868
1.16172
1.1712
1.19003
1.18806
1.1912
1.18896
1.17815
1.16165
1.14924
1.15039
1.16992
1.1801
1.19373
1.20357
1.2158
1.21535
1.21212
1.22161
1.23547
1.25554
1.26565
1.27051
1.29536
1.28757
1.28549
1.30579
1.30045
1.3104
1.32039
1.31311
1.30876
1.32356
1.32861
1.33569
1.35043
1.35504
1.36289
1.36847
1.36009
1.36245
1.35818
1.35611
1.35474
1.35847
1.36038
1.36062
1.35091
1.35343
1.36133
1.35375
1.35979
1.35079
1.34723
1.35477
1.35575
1.34943
1.34648
1.34055
1.3409
1.34728
1.34594
1.34143
1.34199
1.32677
1.31746
1.31174
1.31009
1.32033
1.32555
1.32139
1.32239
1.31906
1.31136
1.29733
1.29096
1.27625
1.26343
1.25279
1.2413
1.23108
1.21444
1.20373
1.17706
1.15694
1.1413
1.12417
1.10114
1.07943
1.05238
1.00496
0.992528
0.983731
0.976153
0.970646
0.964329
0.96878
0.960424
0.966565
0.955632
0.940993
0.922155
0.893776
0.870021
0.83529
0.811141
0.792509
0.782013
0.785052
0.793888
0.801834
0.806396
0.802254
0.782508
0.749301
0.7117
0.66309
0.611139
0.565785
0.526508
0.492283
0.466536
0.436468
0.409932
0.386539
0.35274
0.334668
0.321492
0.303455
0.292068
0.282995
0.278569
0.275152
0.27135
0.269302
0.269581
0.264019
0.255082
0.249578
0.246675
0.23575
0.227447
0.22451
0.214617
0.20345
0.197629
0.187327
0.176134
0.162443
0.147064
0.136841
0.13437
0.128524
0.119549
0.106391
0.0967503
0.0869787
0.0803852
0.0710936
0.0639053
0.0533123
0.0398227
0.0281073
0.017386
0.0125293
0.00525639
-0.00244475
-0.0126684
-0.0154381
-0.0236723
-0.0329713
-0.0400662
-0.0499678
-0.0674785
-0.0807389
-0.106267
-0.130934
-0.169742
-0.210147
-0.240065
-0.261927
-0.280564
-0.286048
-0.30065
-0.3018
-0.298562
-0.315869
-0.320564
-0.327899
-0.335927
-0.328248
-0.299338
-0.260921
-0.249228
-0.236236
-0.19981
-0.148397
-0.0927632
-0.0756191
-0.0697313
-0.0695097
-0.0661488
-0.0629015
-0.0360664
0.00997085
0.0501056
0.0899607
0.126366
0.143326
0.158413
0.177825
0.183485
0.188786
0.193806
0.186229
0.174619
0.164666
0.15361
0.139914
0.128171
0.117673
0.103589
0.0910444
0.087416
0.0809315
0.0787698
0.072109
0.0481806
0.0291991
0.0139437
-0.00293267
-0.0190356
-0.031744
-0.0428225
-0.0507605
-0.0585149
-0.0639431
-0.0662977
-0.0647235
-0.0631991
-0.0633479
-0.0576788
-0.0580919
-0.0536443
-0.0563602
-0.0549361
-0.0539185
-0.0562149
-0.0591892
-0.0644457
-0.0721006
-0.0857559
-0.10655
-0.128616
-0.161496
-0.193388
-0.221799
-0.25292
-0.28352
-0.315129
-0.342019
-0.357171
-0.40129
-0.412364
-0.432163
-0.43264
-0.431839
-0.427161
-0.416845
-0.405715
-0.396879
-0.39417
-0.383978
-0.378273
-0.363029
-0.35202
-0.342382
-0.338235
-0.337898
-0.348531
-0.356011
-0.36347
-0.37539
-0.391036
-0.403808
-0.423423
-0.453591
-0.457942
-0.450195
-0.389634
-0.385934
-0.378203
-0.380987
-0.384094
-0.386001
-0.398795
-0.407015
-0.420508
-0.421875
-0.40941
-0.395651
-0.366903
-0.348596
-0.342353
-0.335084
-0.330882
-0.339474
-0.33893
-0.334813
-0.329844
-0.323955
-0.327813
-0.331845
-0.335854
-0.342288
-0.347795
-0.348246
-0.352239
-0.353601
-0.353338
-0.351925
-0.35733
-0.355799
-0.356554
-0.350107
-0.342947
-0.339441
-0.332531
-0.325104
-0.329356
-0.338543
-0.337511
-0.334902
-0.331127
-0.321726
-0.299543
-0.273865
-0.238876
-0.207513
-0.186884
-0.167781
-0.152744
-0.134382
-0.12585
-0.113877
-0.117369
-0.129955
-0.15502
-0.172052
-0.187191
-0.185988
-0.171679
-0.154448
-0.144878
-0.139724
-0.145141
-0.16705
-0.197696
-0.227369
-0.253277
-0.277875
-0.300462
-0.325428
-0.356053
-0.369144
-0.388214
-0.396473
-0.410812
-0.40499
-0.414282
-0.415637
-0.422685
-0.433716
-0.436148
-0.470709
-0.488724
-0.500894
-0.504019
-0.493269
-0.496449
-0.4845
-0.476783
-0.467069
-0.450191
-0.432723
-0.427646
-0.404376
-0.376516
-0.335166
-0.285646
-0.252967
-0.22778
-0.224791
-0.228034
-0.224253
-0.211982
-0.198029
-0.196826
-0.200151
-0.205713
-0.21292
-0.228134
-0.256061
-0.29318
-0.336684
-0.364657
-0.386943
-0.390572
-0.367634
-0.341241
-0.321713
-0.297748
-0.279194
-0.262229
-0.236218
-0.222336
-0.209323
-0.193462
-0.1786
-0.16784
-0.158985
-0.159699
-0.157948
-0.157946
-0.158872
-0.164464
-0.162734
-0.15763
-0.153536
-0.149542
-0.141322
-0.13096
-0.125546
-0.121954
-0.115237
-0.112032
-0.107727
-0.104379
-0.0990219
-0.0942398
-0.0904991
-0.0939876
-0.0964188
-0.100181
-0.102797
-0.102086
-0.102556
-0.102445
-0.102091
-0.102292
-0.0966645
-0.094341
-0.0937172
-0.0908524
-0.0878726
-0.089781
-0.0919786
-0.0923203
-0.0989903
-0.100485
-0.0987977
-0.102286
-0.0995848
-0.0997758
-0.0986068
-0.0977667
-0.0993158
-0.0959906
-0.0963491
-0.0978481
-0.0990617
-0.0963142
-0.0970811
-0.0949152
-0.0986267
-0.0971475
-0.0972272
-0.0997442
-0.11015
-0.12396
-0.1315
-0.145605
-0.150858
-0.15284
-0.146101
-0.152727
-0.158729
-0.165902
-0.166919
-0.156684
-0.143418
-0.12726
-0.116568
-0.107059
-0.0976771
-0.08621
-0.0733466
-0.0639844
-0.0554202
-0.0448776
-0.0360169
-0.0283593
-0.0221685
-0.0180644
-0.0175517
-0.0128102
-0.0143351
-0.0205063
-0.0300351
-0.0413865
-0.0483975
-0.0508332
-0.053537
-0.0550782
-0.0530794
-0.0550286
-0.0540656
-0.0531901
-0.0566444
-0.0533437
-0.0503625
-0.0437732
-0.0259085
-0.0140038
-0.00327059
0.000802514
0.0136421
0.0136173
0.0168255
0.0118287
0.00845593
0.0068817
0.00790042
0.00841473
0.00132834
-0.0126321
-0.0529869
-0.0697099
-0.0936392
-0.118923
-0.143133
-0.171968
-0.194294
-0.22286
-0.243116
-0.271116
-0.28977
-0.308891
-0.325219
-0.333029
-0.331335
-0.315558
-0.31395
-0.322336
-0.320573
-0.314935
-0.306696
-0.297904
-0.291988
-0.277845
-0.267113
-0.261886
-0.251221
-0.242613
-0.237329
-0.228575
-0.224879
-0.217799
-0.213837
-0.212021
-0.207387
-0.202772
-0.202486
-0.20203
-0.200493
-0.200293
-0.199196
-0.199833
-0.200679
-0.197559
-0.19832
-0.195131
-0.19239
-0.193031
-0.191789
-0.185655
-0.184937
-0.174301
-0.16606
-0.157591
-0.153132
-0.149441
-0.147061
-0.144324
-0.138904
-0.135737
-0.126053
-0.117366
-0.110463
-0.106023
-0.103176
-0.101178
-0.0983146
-0.0953832
-0.0918342
-0.0936956
-0.092307
-0.0898673
-0.0921079
-0.0900314
-0.0867918
-0.0845859
-0.0780561
-0.0738167
-0.0680061
-0.0614568
-0.0554367
-0.050673
-0.0423983
-0.038053
-0.0314768
-0.0306141
-0.0210175
-0.0175171
-0.0123601
-0.00775424
-0.00812679
-0.00958567
-0.00735202
-0.00509205
-0.00655748
-0.00448379
-0.00347993
-0.000570566
-0.00166673
-0.00605142
-0.0135932
-0.0175566
-0.0252109
-0.0283412
-0.0292599
-0.0302001
-0.036629
-0.037817
-0.0419262
-0.0607295
-0.0746541
-0.0836463
-0.090247
-0.0947343
-0.0946945
-0.0916667
-0.0901243
-0.0834027
-0.0770445
-0.0724696
-0.0674355
-0.0636438
-0.0633727
-0.061665
-0.0574871
-0.0557159
-0.0517564
-0.0521082
-0.0541944
-0.0577052
-0.0579994
-0.0551889
-0.0553756
-0.0545991
-0.0543612
-0.0576457
-0.0559604
-0.0610997
-0.0638951
-0.0642952
-0.0677878
-0.0718127
-0.0813634
-0.0896268
-0.104711
-0.113857
-0.116438
-0.117988
-0.115034
-0.11544
-0.113954
-0.111667
-0.110884
-0.107926
-0.110471
-0.1108
-0.110672
-0.107069
-0.10153
-0.0917629
-0.0834607
-0.0718094
-0.0719103
-0.0741626
-0.0736114
-0.0780346
-0.0883567
-0.0992112
-0.109726
-0.128424
-0.147074
-0.161464
-0.186437
-0.208318
-0.232254
-0.260481
-0.288724
-0.33986
-0.357759
-0.372435
-0.385224
-0.400174
-0.420302
-0.434745
-0.452613
-0.465814
-0.482811
-0.494517
-0.509906
-0.530596
-0.546704
-0.568954
-0.58022
-0.592635
-0.611488
-0.627219
-0.64398
-0.659358
-0.673611
-0.691055
-0.709393
-0.723971
-0.743311
-0.758227
-0.76892
-0.784215
-0.7871
-0.798497
-0.791015
-0.79428
-0.805482
-0.810535
-0.80846
-0.805194
-0.795724
-0.797806
-0.802789
-0.819935
-0.830348
-0.835744
-0.854308
-0.849465
-0.874255
-0.885366
-0.896387
-0.90812
-0.907441
-0.920137
-0.926788
-0.937987
-0.949639
-0.952971
-0.963435
-0.960867
-0.975161
-0.98399
-0.997405
-1.00645
-1.00971
-1.01742
-1.03464
-1.02811
-1.02427
-1.02114
-1.02074
-1.0124
-1.00838
-1.00453
-0.998154
-1.00124
-0.993938
-0.996637
-1.00505
-1.01923
-1.031
-1.0421
-1.04247
-1.04384
-1.03465
-1.02904
-1.00851
-1.00371
-1.00257
-0.99346
-1.00303
-1.00814
-1.00945
-1.01931
-1.01588
-1.01676
-1.03678
-1.04897
-1.0355
-1.0409
-1.04015
-1.04905
-1.04907
-1.03506
-1.02746
-1.0334
-1.03384
-1.02286
-1.04153
-1.03258
-1.03583
-1.04243
-1.05352
-1.0564
-1.05353
-1.03807
-1.03853
-1.04486
-1.03677
-1.02832
-1.02642
-1.02836
-1.02591
-1.02432
-1.02859
-1.02985
-1.05129
-1.05884
-1.057
-1.05746
-1.07321
-1.06774
-1.07367
-1.08337
-1.08465
-1.0947
-1.10101
-1.1033
-1.10011
-1.10508
-1.11345
-1.10658
-1.115
-1.11421
-1.11242
-1.0953
-1.08897
-1.09182
-1.08625
-1.10092
-1.11442
-1.12843
-1.15914
-1.17211
-1.17399
-1.17929
-1.18622
-1.19861
-1.18872
-1.18792
-1.17675
-1.1696
-1.17677
-1.18901
-1.19078
-1.20922
-1.2317
-1.24577
-1.25381
-1.25813
-1.27646
-1.27848
-1.27283
-1.26955
-1.27182
-1.27991
-1.26829
-1.26201
-1.25567
-1.26295
-1.26033
-1.2736
-1.27598
-1.27528
-1.28673
-1.27424
-1.2765
-1.2804
-1.29357
-1.29839
-1.30752
-1.31749
-1.34391
-1.3329
-1.33907
-1.342
-1.33183
-1.31939
-1.31042
-1.30809
-1.30486
-1.33666
-1.35306
-1.38491
-1.40509
-1.41201
-1.43391
-1.45166
-1.44977
-1.45138
-1.46339
-1.4518
-1.45341
-1.4619
-1.471
-1.48193
-1.51508
-1.52154
-1.54839
-1.55672
-1.56137
-1.57137
-1.55116
-1.52402
-1.53142
-1.53366
-1.54239
-1.56649
-1.58603
-1.61858
-1.63257
-1.64023
-1.65353
-1.66689
-1.65417
-1.65157
-1.65282
-1.66174
-1.66941
-1.68417
-1.67687
-1.68556
-1.68523
-1.68047
-1.6759
-1.69472
-1.70187
-1.70641
-1.69661
-1.67202
-1.64769
-1.63867
-1.60416
-1.60464
-1.60628
-1.57312
-1.5628
-1.55719
-1.56427
-1.57025
-1.56161
-1.56456
-1.56486
-1.55151
-1.54215
-1.54407
-1.55726
-1.53976
-1.53536
-1.52624
-1.5155
-1.49748
-1.48339
-1.47487
-1.46782
-1.48135
-1.50285
-1.52014
-1.53686
-1.53447
-1.5336
-1.51858
-1.50139
-1.48473
-1.45163
-1.43433
-1.4355
-1.42391
-1.43096
-1.45154
-1.44746
-1.41705
-1.37695
-1.34495
-1.34007
-1.35033
-1.35561
-1.32526
-1.27061
-1.19624
-1.14741
-1.12093
-1.09372
-1.0368
-0.980579
-0.926314
-0.860602
-0.796474
-0.741477
-0.691136
-0.660548
-0.619228
-0.600545
-0.572917
-0.559005
-0.531566
-0.500288
-0.46983
-0.442606
-0.412195
-0.387436
-0.368248
-0.34862
-0.331546
-0.314749
-0.285902
-0.273679
-0.263093
-0.255324
-0.247032
-0.241465
-0.240762
-0.245088
-0.245109
-0.251999
-0.250954
-0.256441
-0.263814
-0.273767
-0.278629
-0.278354
-0.274691
-0.26478
-0.256422
-0.250668
-0.244578
-0.239083
-0.233047
-0.230562
-0.226619
-0.221708
-0.216726
-0.223666
-0.224356
-0.22133
-0.21568
-0.20856
-0.195775
-0.182972
-0.172276
-0.16407
-0.15565
-0.148585
-0.137789
-0.128274
-0.121771
-0.113501
-0.109862
-0.102643
-0.0974612
-0.093465
-0.0923933
-0.0888226
-0.0864752
-0.0867421
-0.0836331
-0.0840092
-0.0806164
-0.0819896
-0.0768127
-0.0761671
-0.0756373
-0.0762929
-0.0717415
-0.0683915
-0.0683154
-0.066258
-0.0621791
-0.0575169
-0.0551393
-0.0506532
-0.0496293
-0.043595
-0.0438013
-0.0435718
-0.0413007
-0.0369458
-0.0327387
-0.028234
-0.0206828
-0.0105171
-0.00633659
0.00772074
0.0113786
0.0179186
0.0205582
0.025068
0.0268902
0.0276966
0.0289517
0.028099
0.0286185
0.0307065
0.0284388
0.0307939
0.0289517
0.0330405
0.0316648
0.0304806
0.0251422
0.0241775
0.0214914
0.0216761
0.0200619
0.0209786
0.0203158
0.0231799
0.0221213
0.0210561
0.0189292
0.0264647
0.027822
0.0335172
0.0335156
0.0341028
0.0358267
0.0348732
0.0340962
0.0335387
0.0333209
0.0285954
0.0260046
0.019221
0.0154159
0.012493
0.00948786
0.00979117
0.0070927
0.00985216
0.0119869
0.0103467
0.011949
0.011011
0.0092818
0.0149856
0.0163721
0.0200586
0.0212457
0.0271722
0.0265323
0.0271178
0.0332401
0.0333671
0.0346389
0.0304921
0.0301573
0.0322619
0.0306719
0.0305251
0.0307131
0.0299693
0.0309143
0.0307379
0.0331494
0.0388047
0.0378296
0.0361616
0.0390192
0.0371548
0.0387849
0.0382718
0.0388228
0.0393426
0.0409745
0.0406346
0.0406445
0.0405438
0.0430373
0.0421792
0.0431991
0.0420224
0.0400323
0.0407848
0.0400043
0.0420109
0.0405273
0.0428409
0.0383147
0.0399036
0.0427964
0.0417798
0.0428459
0.0402782
0.0423789
0.041194
0.0367555
0.0315032
0.0054509
-0.00803282
-0.0324847
-0.0582869
-0.0731514
-0.0900397
-0.102827
-0.113967
-0.134089
-0.170297
-0.207049
-0.251332
-0.29099
-0.338805
-0.395623
-0.450074
-0.500304
-0.547039
-0.576308
-0.607608
-0.620506
-0.645755
-0.65666
-0.661307
-0.664652
-0.655574
-0.658456
-0.650935
-0.642561
-0.629792
-0.60572
-0.584415
-0.545662
-0.53868
-0.522132
-0.510327
-0.506599
-0.493656
-0.4851
-0.478374
-0.471527
-0.475069
-0.471448
-0.456595
-0.439832
-0.413733
-0.382095
-0.352566
-0.326836
-0.299398
-0.283021
-0.269838
-0.251583
-0.238629
-0.225052
-0.212494
-0.205536
-0.197108
-0.195664
-0.19717
-0.202775
-0.211125
-0.215798
-0.216398
-0.223632
-0.233278
-0.249609
-0.264418
-0.276484
-0.289636
-0.30122
-0.305177
-0.307127
-0.314263
-0.314579
-0.309764
-0.308701
-0.297561
-0.290879
-0.297598
-0.297745
-0.306758
-0.311601
-0.313854
-0.316765
-0.325836
-0.337182
-0.348465
-0.359837
-0.366317
-0.375602
-0.391226
-0.393344
-0.394944
-0.40011
-0.39417
-0.386445
-0.37918
-0.363845
-0.345021
-0.323165
-0.31191
-0.301386
-0.290727
-0.267438
-0.258781
-0.242561
-0.224472
-0.204655
-0.189665
-0.170872
-0.151658
-0.13612
-0.125041
-0.109781
-0.0961732
-0.0902371
-0.0788476
-0.0707885
-0.0638836
-0.0602485
-0.0517713
-0.043935
-0.0361901
-0.0300796
-0.0217678
-0.0174627
-0.0126552
-0.0116991
-0.0115095
-0.00909443
-0.00200134
9.65512e-06
0.00445528
0.0125408
0.0209259
0.0203026
0.0269759
0.0357657
0.0502938
0.0517171
0.0562075
0.0650573
0.0685537
0.0736952
0.073199
0.0790098
0.0810324
0.0842278
0.085647
0.0897288
0.0987803
0.099404
0.108664
0.120399
0.133671
0.150421
0.167628
0.182903
0.197997
0.213851
0.220974
0.237753
0.246852
0.254963
0.262566
0.269068
0.269079
0.269309
0.270252
0.265188
0.263232
0.256481
0.25518
0.259597
0.255896
0.255202
0.25639
0.263603
0.262746
0.271436
0.275388
0.276457
0.285892
0.284921
0.292242
0.298175
0.305367
0.305441
0.308978
0.310438
0.322153
0.326325
0.331472
0.330658
0.33652
0.340081
0.341657
0.344927
0.344719
0.347483
0.351896
0.353938
0.351149
0.355699
0.354049
0.359313
0.357851
0.357885
0.367047
0.36706
0.371019
0.367926
0.368533
0.371472
0.373803
0.372339
0.371969
0.369542
0.366751
0.374876
0.372787
0.372507
0.370337
0.371532
0.374947
0.376598
0.376741
0.374823
0.374202
0.373735
0.37936
0.377681
0.37704
0.374576
0.380225
0.382925
0.385958
0.386818
0.388015
0.392403
0.400972
0.405184
0.417182
0.424401
0.433608
0.440715
0.45082
0.459536
0.469859
0.482451
0.493141
0.503609
0.515072
0.526955
0.533442
0.540997
0.555719
0.559428
0.558242
0.570363
0.57597
0.573045
0.57417
0.579889
0.572859
0.570613
0.57265
0.573116
0.577944
0.587163
0.59326
0.603536
0.605061
0.602895
0.607094
0.611077
0.623441
0.624018
0.629532
0.63573
0.633938
0.633261
0.638316
0.644348
0.644256
0.649377
0.658583
0.668229
0.668163
0.678663
0.693948
0.69016
0.707286
0.70461
0.712222
0.717725
0.724558
0.732631
0.74534
0.75201
0.763622
0.768844
0.779149
0.780264
0.790391
0.788583
0.804258
0.806691
0.810027
0.827418
0.825117
0.826454
0.832845
0.83388
0.840396
0.837537
0.844846
0.852317
0.857885
0.855175
0.852733
0.850897
0.856957
0.858061
0.865721
0.872798
0.874445
0.875125
0.875313
0.875986
0.879159
0.877718
0.877401
0.884847
0.887545
0.891858
0.898985
0.89803
0.904668
0.899789
0.908465
0.906356
0.906916
0.915245
0.919816
0.918828
0.919279
0.917244
0.922854
0.927668
0.930404
0.930635
0.933276
0.933959
0.935881
0.929503
0.943013
0.941031
0.943108
0.936045
0.943441
0.940823
0.95048
0.957373
0.953739
0.953294
0.953322
0.95949
0.962838
0.964633
0.957795
0.961653
0.962643
0.976415
0.979046
0.962511
0.958858
0.941687
0.935345
0.9078
0.889874
0.86952
0.841433
0.825409
0.797832
0.77917
0.760117
0.738457
0.725697
0.714583
0.70371
0.686451
0.680064
0.678672
0.680933
0.681381
0.700647
0.717719
0.733493
0.749737
0.749185
0.739931
0.743748
0.732701
0.725836
0.713782
0.700916
0.684326
0.66899
0.670979
0.668791
0.677053
0.683458
0.68362
0.698198
0.713584
0.727565
0.751357
0.779445
0.808722
0.844148
0.868583
0.885011
0.903139
0.921528
0.952903
0.966482
0.987754
1.0134
1.0354
1.04842
1.06266
1.07445
1.07962
1.08069
1.07743
1.06133
1.05486
1.04292
1.02764
1.00869
1.00179
1.00065
1.00446
1.00342
1.0096
1.0178
1.02701
1.02928
1.04172
1.03181
1.0338
1.03104
1.04298
1.04786
1.06208
1.06503
1.08498
1.09109
1.11315
1.1114
1.12428
1.13678
1.13104
1.14993
1.15009
1.17671
1.19278
1.20305
1.22274
1.23041
1.23694
1.2581
1.27634
1.29073
1.30589
1.31768
1.33614
1.35671
1.35257
1.35702
1.36396
1.36104
1.35006
1.3354
1.32505
1.31491
1.30934
1.31286
1.31161
1.34006
1.34468
1.34613
1.3526
1.35815
1.35463
1.35738
1.34643
1.3351
1.33547
1.3355
1.34565
1.35873
1.36011
1.35416
1.34555
1.32493
1.29009
1.25294
1.23306
1.1966
1.16551
1.16862
1.16404
1.14511
1.12611
1.10645
1.07968
1.05065
1.02344
0.97996
0.935947
0.890458
0.863139
0.828265
0.794698
0.757247
0.712316
0.66963
0.619565
0.576508
0.537696
0.495903
0.457524
0.429611
0.398904
0.377966
0.355318
0.335697
0.321827
0.314793
0.305068
0.302647
0.301549
0.300415
0.293623
0.29176
0.286599
0.279363
0.269273
0.268056
0.258089
0.253981
0.247259
0.248017
0.24796
0.249411
0.25044
0.252761
0.252161
0.25078
0.249361
0.249356
0.250688
0.250151
0.248136
0.246944
0.248927
0.245219
0.245096
0.246057
0.244656
0.245838
0.248367
0.247729
0.249305
0.247681
0.246272
0.246205
0.24535
0.241893
0.23827
0.236561
0.239359
0.238522
0.239113
0.238625
0.241168
0.240164
0.241985
0.240671
0.241356
0.239178
0.239982
0.23933
0.237824
0.236024
0.237241
0.239494
0.239588
0.237359
0.239709
0.239202
0.241378
0.240648
0.240568
0.23594
0.240326
0.237882
0.23726
0.236722
0.237129
0.237168
0.238273
0.2388
0.239809
0.238123
0.240682
0.238048
0.236851
0.240259
0.237985
0.237693
0.237896
0.238529
0.236295
0.238891
0.239142
0.234386
0.238984
0.238024
0.235513
0.236231
0.237625
0.237193
0.239206
0.235305
0.237818
0.23732
0.236447
0.236393
0.236686
0.239074
0.236867
0.238288
0.239865
0.23897
0.239495
0.236792
0.238867
0.240242
0.236278
0.236906
0.23715
0.238142
0.238134
0.239967
0.235993
0.237893
0.238668
0.238094
0.239881
0.236813
0.237208
0.236406
0.24001
