-0.00261574
-0.000381358
0.0137541
0.00461303
0.00177703
0.000432539
-0.00807785
-0.00886595
-0.017157
-0.00551395
-0.00908581
-0.0124149
-0.00178149
0.00684733
-0.00128654
0.0033082
0.00544654
0.0021875
0.0019633
-0.0117327
-0.000896076
-0.00673829
0.00339857
-0.00304844
0.0114268
-0.00650122
0.00513761
0.0047773
0.0107793
0.00298954
0.0129807
-0.00359246
-0.00730983
-0.0112087
0.00421477
0.0133329
0.00113337
0.0164565
0.0200039
-0.00132222
-8.20067e-05
-0.0170271
0.00251594
0.014409
0.00395983
-0.00273317
-0.00929343
0.00987254
-0.0126496
-0.00418981
0.010543
-0.00628212
0.000548296
-0.016117
-0.00715129
0.0187233
-0.00497342
-0.00307742
0.00250447
0.005537
0.00234508
-0.00276247
-0.0157438
-0.000281937
0.0160724
1.50632e-05
0.00260662
-0.0012787
0.00412817
0.00049373
-0.000344578
0.000371031
0.016866
-0.00145843
0.0122275
-0.0239122
0.00797739
-0.00512556
0.005722
0.000633573
0.019139
0.00313013
-0.0207434
0.00532896
0.0137996
0.00328215
-0.00517809
0.00966331
-0.00394114
0.0151691
-0.00344916
-9.57437e-05
-0.00218068
-0.000247501
0.0026532
0.00447015
0.0226852
0.0143996
0.00766411
-0.0041894
-0.00284513
-0.00446727
0.00376689
-0.00749825
-0.0220307
-0.0435059
-0.0572462
-0.0459704
-0.0443954
-0.0323828
-0.0143301
0.00493366
0.016428
0.0227119
0.00226747
0.010734
0.00995687
0.00908958
0.0296525
0.0246068
0.0186273
0.0344045
0.00121931
-0.0358794
-0.021131
-0.000225955
-0.0151323
-0.0151181
-0.00398233
0.00806651
0.0051903
-0.000875379
0.00218762
-0.0218673
-0.0466427
-0.0996646
-0.0868264
-0.0661192
-0.0427929
-0.0518142
-0.0288322
-0.0251186
-0.000808201
0.0332034
0.0639777
0.124486
0.198354
0.116796
0.10497
0.095541
0.113013
0.128942
0.162519
0.172406
0.26975
0.15087
0.142415
0.181171
0.166935
0.194031
0.199883
0.169739
0.154874
0.172337
0.143901
0.17511
0.195095
0.189601
0.205912
0.184087
0.18599
0.202243
0.156228
0.176393
0.204702
0.19103
0.194328
0.186875
0.189054
0.181191
0.221254
0.188423
0.188826
0.158495
0.167605
0.161601
0.168555
0.144322
0.179826
0.180679
0.153924
0.14426
0.150219
0.171273
0.163262
0.181041
0.213769
0.212672
0.238964
0.247577
0.223232
0.216318
0.2547
0.23889
0.210472
0.183864
0.0638373
-0.0553031
0.185199
0.138719
0.129022
0.165647
0.158942
0.20374
0.215052
0.220588
0.214218
0.172076
0.14318
0.0805156
0.0623348
0.0785604
0.0462416
0.0474315
0.031572
0.038231
0.0361942
0.0465379
0.0235981
0.0227815
-0.00715847
0.0138299
0.0250165
0.0351685
0.0721932
0.0685527
0.0829815
0.0726182
0.104972
0.104703
0.0842231
0.0716576
0.025016
-0.0212298
-0.0302742
-0.044625
-0.0571469
-0.0530966
-0.0794295
-0.114385
-0.0983848
-0.100994
-0.118383
-0.133135
-0.164559
-0.191777
-0.187954
-0.129616
-0.158946
-0.133741
-0.120096
-0.131742
-0.105594
-0.120985
-0.164957
-0.11252
-0.196976
-0.199799
-0.185763
-0.204936
-0.230274
-0.195946
-0.19897
-0.21683
-0.207646
-0.215354
-0.258933
-0.232414
-0.242548
-0.24482
-0.263849
-0.241467
-0.210549
-0.22979
-0.256954
-0.301569
-0.309337
-0.337634
-0.297497
-0.28783
-0.303446
-0.29828
-0.304599
-0.325212
-0.314185
-0.316174
-0.292213
-0.311277
-0.254254
-0.265001
-0.266229
-0.275929
-0.303964
-0.306032
-0.335801
-0.368311
-0.305054
-0.319318
-0.353669
-0.319113
-0.34319
-0.364134
-0.345946
-0.323533
-0.354958
-0.335408
-0.362712
-0.344031
-0.35362
-0.328462
-0.339187
-0.332274
-0.370379
-0.362357
-0.350604
-0.356855
-0.334981
-0.395984
-0.369431
-0.37027
-0.381143
-0.360759
-0.394004
-0.424733
-0.351754
-0.395809
-0.394336
-0.385693
-0.408405
-0.35509
-0.405285
-0.413802
-0.361701
-0.400722
-0.366646
-0.335007
-0.361274
-0.353551
-0.328521
-0.359121
-0.350103
-0.370468
-0.341416
-0.360727
-0.35895
-0.3657
-0.370543
-0.383602
-0.332411
-0.328961
-0.348236
-0.361791
-0.364211
-0.367252
-0.373701
-0.373096
-0.386927
-0.390533
-0.369285
-0.399875
-0.374783
-0.413644
-0.385845
-0.355434
-0.428495
-0.424421
-0.39247
-0.326972
-0.419675
-0.372027
-0.398669
-0.379682
-0.388197
-0.395504
-0.422271
-0.428723
-0.420298
-0.411352
-0.428466
-0.434922
-0.420843
-0.410865
-0.399946
-0.411244
-0.389985
-0.393749
-0.40096
-0.39283
-0.426211
-0.415244
-0.399821
-0.403729
-0.439694
-0.395012
-0.414416
-0.422494
-0.418542
-0.411039
-0.415067
-0.42492
-0.442339
-0.413524
-0.426589
-0.455175
-0.456044
-0.443587
-0.394693
-0.433447
-0.426246
-0.397367
-0.411271
-0.395013
-0.391664
-0.425353
-0.398923
-0.368254
-0.400286
-0.397127
-0.371284
-0.380308
-0.336036
-0.364785
-0.360042
-0.35018
-0.353284
-0.369993
-0.343515
-0.33705
-0.318731
-0.335026
-0.308745
-0.324106
-0.33953
-0.363106
-0.364654
-0.374222
-0.390945
-0.345767
-0.349072
-0.340332
-0.334612
-0.387331
-0.364768
-0.405444
-0.42911
-0.417277
-0.430936
-0.434104
-0.415883
-0.393855
-0.434337
-0.394892
-0.426317
-0.436813
-0.395827
-0.413603
-0.399149
-0.378306
-0.420448
-0.402437
-0.360523
-0.41599
-0.427653
-0.389239
-0.426823
-0.454119
-0.440028
-0.41947
-0.432017
-0.42262
-0.40783
-0.416286
-0.396248
-0.337524
-0.358591
-0.385197
-0.387349
-0.417131
-0.383728
-0.400566
-0.434224
-0.432034
-0.408408
-0.417119
-0.430113
-0.444392
-0.419494
-0.435327
-0.42701
-0.420332
-0.399273
-0.384285
-0.41193
-0.438109
-0.372251
-0.406319
-0.398789
-0.379347
-0.356554
-0.393459
-0.406937
-0.439964
-0.418156
-0.388785
-0.399074
-0.399951
-0.359568
-0.380007
-0.378538
-0.336995
-0.360408
-0.354799
-0.345111
-0.317908
-0.318764
-0.270319
-0.311609
-0.262464
-0.261111
-0.268639
-0.259375
-0.26304
-0.227117
-0.218352
-0.236879
-0.247712
-0.243544
-0.257162
-0.269283
-0.250304
-0.247772
-0.237252
-0.228545
-0.197502
-0.176449
-0.17169
-0.153979
-0.136115
-0.131951
-0.179629
-0.214086
-0.247609
-0.247855
-0.212288
-0.17631
-0.1184
-0.0736243
-0.032845
-0.0174509
0.00735663
0.00150192
-0.018265
0.0126353
-0.014852
-0.00392858
0.0065458
0.0136202
0.0100513
0.00570426
0.00879861
0.00936723
-0.00524862
-0.00444775
-0.0153306
-0.0176073
-0.00806277
-0.0025196
-0.0167163
-0.00256805
0.00806438
0.0139911
0.0143772
0.0254983
0.0310711
0.019171
0.0143398
0.0578838
0.0517683
0.0274436
0.0342792
0.0619563
0.0755682
0.0844162
0.0741379
0.0756604
0.0344179
0.046102
0.0422286
0.0550224
0.0392932
0.0380328
0.0399702
0.0518049
0.0471944
0.0667313
0.0695451
0.13845
0.0198919
0.0578445
0.0856267
0.0807561
0.0912132
0.107599
0.106863
0.102536
0.115967
0.118871
0.182737
0.183468
0.283958
0.284234
0.243524
0.249549
0.218178
0.183692
0.238348
0.174746
0.177664
0.215722
0.195641
0.198622
0.211796
0.121046
0.0994454
0.116021
0.103465
0.0601964
-0.0401692
-0.118139
-0.0559173
-0.0419591
0.0145218
0.0222125
-0.00707623
-0.0142921
-0.170124
-0.138012
-0.286953
-0.208898
-0.192779
-0.175675
-0.0872002
-0.121
-0.072425
-0.0503089
-0.0441148
-0.00951963
0.0195392
0.00209969
0.0124181
0.0222449
0.0499011
0.0388522
0.0389692
0.0229514
0.0295508
0.0391508
0.0414983
0.13761
0.0846889
0.103956
0.0972601
0.0819374
0.0817199
0.0840248
0.0723372
0.0501944
0.0764213
0.0753698
0.0529207
0.072067
0.0408151
0.021728
0.0277477
0.0219154
-0.00650379
0.0235078
0.0364311
0.0332273
0.0342854
0.0669888
0.0786339
0.090693
0.104207
0.14436
0.156556
0.167543
0.189532
0.204677
0.24211
0.254458
0.278182
0.24466
0.258484
0.237767
0.282048
0.246726
0.248921
0.231773
0.208288
0.194956
0.189398
0.19196
0.198352
0.185032
0.168487
0.169756
0.148822
0.162321
0.162918
0.201331
0.194141
0.194544
0.202258
0.215533
0.24509
0.272963
0.282122
0.30694
0.164326
0.124605
0.0865804
0.181365
0.183715
0.202112
0.211759
0.201824
0.235709
0.244704
0.210378
0.218135
0.178933
0.151596
0.118661
0.142566
0.159055
0.124785
0.207454
0.168043
0.139867
0.150664
0.132355
0.156373
0.152478
0.183875
0.207745
0.162403
0.158752
0.183531
0.155753
0.166054
0.156671
0.160327
0.184167
0.144288
0.165801
0.152607
0.147855
0.127081
0.142906
0.149439
0.159361
0.138081
0.147886
0.121043
0.118785
0.14446
0.0732122
0.031477
-0.00916835
-0.0315297
-0.0114756
-0.00783592
0.0023713
-0.0234295
0.00564465
0.0213736
0.0398802
0.103627
0.135173
0.119449
0.0987799
0.0421897
0.0109101
0.0146411
0.00965658
0.0393065
0.0509712
0.125545
0.172555
0.189877
0.202362
0.231269
0.199323
0.247567
0.224708
0.271717
0.197279
0.209688
0.251404
0.167567
0.182019
0.170547
0.229568
0.215189
0.270248
0.256341
0.300466
0.215725
0.228497
0.196571
0.258654
0.225247
0.198375
0.203646
0.195008
0.184479
0.143754
0.145
0.097388
0.0257654
-0.00538911
0.00936551
0.0533334
0.0934019
0.0971006
0.0401069
0.0175384
0.0444541
0.0558815
0.0700331
0.0807301
0.117261
0.157451
0.200204
0.263441
0.266661
0.278231
0.232857
0.171337
0.100052
0.0659963
0.0596158
0.0670934
0.0401188
0.0381044
0.00952656
-0.0191968
0.00705152
0.0351488
0.00441161
0.0175516
0.0211238
0.0405813
0.0467411
0.0243704
0.0301322
0.0551897
0.0464927
0.0361396
0.0318193
0.0224737
0.000637797
-0.0046443
-0.00534714
0.000127525
0.000198964
0.000983136
-0.00512992
0.0107561
0.0245181
-0.0233272
0.0128735
0.0155674
0.0430634
0.0315105
0.0474773
0.0332791
0.024732
0.0139643
0.000278725
0.00253056
0.000124612
-0.00335695
-0.00219523
0.00505671
0.0229484
0.00101575
0.00904797
0.0228901
0.0308211
0.0136479
0.00219159
0.0232812
0.0276482
0.00488883
0.00708597
-0.0091965
-0.00275325
-0.00264334
-0.000927671
-0.00570435
0.0119233
-0.00815973
-0.000756109
-0.00181597
0.0158398
-0.00590731
-0.00422803
0.0186086
0.0770266
0.0599655
0.045063
0.0715929
0.0605407
0.0713564
0.0600629
0.0935972
0.0988711
0.0641268
0.0503587
0.00859377
-0.00763857
-0.00126058
0.0349714
0.00199675
-0.0179794
-0.0331874
-0.0421169
-0.0585874
-0.0476964
-0.04718
-0.0104764
-0.0319863
-0.0203707
-0.00277532
-0.00282647
-0.000291353
-0.00188107
0.0327701
0.0292801
0.0324379
0.0296953
0.00287361
-0.00277602
0.0127244
-0.00525559
-0.00293821
0.0064949
0.00298423
0.00837091
-0.00778266
-0.0278936
-0.0341974
-0.0759216
-0.0645401
-0.129399
-0.172342
-0.0255845
0.00152201
-0.0145024
0.0180445
0.0168652
0.0346008
0.0431366
0.0590643
0.108772
0.0711095
0.0844878
0.100272
0.114052
0.110639
0.128128
0.153002
0.201931
0.214282
0.197026
0.198171
0.210273
0.188677
0.213046
0.186926
0.152888
0.0971288
0.168913
0.138556
0.189002
0.161208
0.142232
0.140326
0.126266
0.101157
0.0776843
0.0786766
0.102952
0.0843602
0.0726616
0.0708105
0.0757493
0.0677664
0.0573393
0.0581369
0.0597731
0.0919944
0.0974158
0.0726019
0.0562724
0.0652983
0.0969015
0.086545
0.0533226
0.0714724
0.0639841
0.045758
0.0547973
0.04951
0.0373267
0.0156725
0.0308572
0.0324839
0.035825
0.00787061
0.0364003
0.0250573
0.0371283
0.0525758
0.0113257
0.0256078
0.0136044
0.00264113
0.0215476
-0.0151401
0.000190605
0.00102977
-0.00016266
0.0162519
-0.000689121
0.00316692
0.0102107
-0.0129348
-0.016267
0.00296285
-0.0194449
-0.0135445
-0.00430835
-0.0175556
-0.0266985
-0.0127487
-0.0259122
-0.0164833
-0.0149525
-0.0324754
-0.0220731
-0.00291059
-0.0415291
-0.0512086
-0.0274124
-0.0452553
-0.0838907
-0.0278749
-0.0036108
-0.0135289
-0.00521061
0.0304531
0.03593
0.058469
0.0335336
0.0227273
0.0158212
0.0224376
0.0301568
0.0279314
0.0103043
0.0295232
0.0144619
0.0121136
0.00362693
0.0542727
0.0710207
0.0469052
0.0512922
0.0312173
0.015393
0.0183266
0.0110746
0.010793
-0.00107467
-0.000615312
0.0215465
-0.00218666
-0.00876196
0.0150596
0.0382567
0.033066
0.0198261
0.0274382
0.00733982
0.031254
0.0193116
-0.00549938
0.00376154
-0.000431418
0.00437127
0.0120088
-0.00823411
0.0189467
0.0308492
0.0144148
0.00386737
0.025002
0.0552487
0.0467502
0.0195593
0.0343035
0.0373002
0.0488613
0.011107
0.0368993
0.0386431
0.0500136
0.0300677
0.0425197
0.042826
0.020512
0.00275273
0.00443096
0.00911451
-0.00998124
0.0251431
-0.00517726
0.0320236
0.0362615
0.0349383
0.0469424
0.0507932
0.0756354
0.0744031
0.0996361
0.109863
0.136931
0.17924
0.191386
0.20821
0.219066
0.223391
0.211889
0.222732
0.223049
0.22436
0.245974
0.242079
0.252913
0.251206
0.302678
0.297027
0.270465
0.284403
0.282006
0.279092
0.310328
0.313239
0.337506
0.33545
0.354131
0.328943
0.377871
0.371424
0.358097
0.370891
0.341627
0.348417
0.382362
0.371732
0.381821
0.324501
0.352995
0.339613
0.325873
0.363419
0.31666
0.335251
0.328841
0.351644
0.361515
0.341726
0.402254
0.38332
0.359055
0.368741
0.363876
0.369857
0.369929
0.368697
0.377283
0.348826
0.371264
0.376448
0.376418
0.408095
0.429244
0.414554
0.42118
0.446689
0.408297
0.422929
0.428971
0.444463
0.411426
0.423709
0.399739
0.411003
0.345703
0.364222
0.379413
0.410661
0.384757
0.353363
0.412909
0.394598
0.41428
0.406241
0.359013
0.377959
0.435326
0.372757
0.410778
0.409521
0.420758
0.407662
0.393227
0.415015
0.414772
0.394003
0.381004
0.393688
0.385003
0.392666
0.391308
0.389655
0.392585
0.368823
0.392162
0.376549
0.378285
0.412961
0.415192
0.392243
0.402852
0.439504
0.404539
0.436079
0.406492
0.400054
0.405033
0.433877
0.373359
0.418067
0.392667
0.38985
0.415583
0.422409
0.383655
0.411467
0.412472
0.405286
0.419171
0.43263
0.412598
0.421705
0.439023
0.440653
0.435482
0.45129
0.438836
0.40714
0.438988
0.41629
0.406275
0.43249
0.448013
0.420659
0.427638
0.442665
0.432679
0.403706
0.409496
0.460845
0.431699
0.426496
0.471591
0.429718
0.422696
0.423831
0.44356
0.439884
0.403621
0.451519
0.434309
0.440771
0.471058
0.453559
0.456238
0.478394
0.476543
0.499224
0.491625
0.467788
0.496111
0.472146
0.493031
0.47549
0.464457
0.473858
0.479321
0.487029
0.458254
0.481506
0.499191
0.503388
0.480494
0.470261
0.512048
0.477852
0.474063
0.469568
0.479048
0.499982
0.467982
0.473668
0.464905
0.46869
0.514652
0.475068
0.452222
0.517486
0.477338
0.495397
0.499279
0.482861
0.485772
0.510766
0.510011
0.53389
0.52764
0.508765
0.549427
0.540283
0.527602
0.50621
0.529259
0.538632
0.517371
0.558903
0.572799
0.548943
0.550805
0.565647
0.549379
0.526626
0.519206
0.565332
0.542367
0.542981
0.549047
0.530058
0.50061
0.546697
0.564149
0.571895
0.598948
0.581816
0.58997
0.625801
0.592261
0.576914
0.591558
0.559813
0.521691
0.547155
0.555707
0.542305
0.591666
0.58523
0.609543
0.627818
0.638445
0.623587
0.630749
0.593209
0.593201
0.573381
0.550901
0.5062
0.548292
0.524323
0.522959
0.576254
0.566865
0.587229
0.555339
0.534651
0.546199
0.536
0.525235
0.527924
0.522699
0.544783
0.550842
0.564636
0.561918
0.541741
0.55433
0.549478
0.532637
0.499803
0.541794
0.564916
0.54075
0.567103
0.585739
0.560933
0.566283
0.560531
0.500899
0.497331
0.512074
0.526045
0.524436
0.555625
0.536075
0.515434
0.524782
0.495748
0.478424
0.422437
0.421001
0.495007
0.481667
0.50425
0.426696
0.333209
0.341208
0.355829
0.383096
0.290843
0.24949
0.232828
0.21913
0.159604
0.143327
0.140352
0.126766
0.111448
0.11242
0.154766
0.143404
0.151249
0.0815214
0.0856786
0.0770477
0.0540451
0.0660325
0.0549138
0.0495264
0.0774588
0.0785932
0.0360554
0.044559
0.0500345
0.0682309
0.0365118
0.0352091
0.0724746
0.0780417
0.0744778
0.048523
0.0682166
0.0959813
0.111751
0.130741
0.115521
0.113468
0.105024
0.0985675
0.0431402
0.0344792
0.0795143
0.0633775
0.0662504
0.0678924
0.064344
0.0760091
0.0460565
0.0621896
0.0950888
0.0708404
0.044306
0.0519927
0.0513627
0.0338112
0.00765468
-0.0158266
-0.0091972
0.00503126
0.0241162
0.00353333
0.0131775
-0.00663884
0.0172762
0.00257419
-0.0109823
-0.00768407
-0.00912853
0.00733027
-0.0131405
0.0124301
0.00882198
-0.00258868
-0.00605334
-0.00271459
0.00614409
-0.0229788
-0.00843575
0.0110398
-0.00433453
-0.0166167
-0.00358736
-0.0201361
-0.0243768
-0.0162339
-0.0161088
-0.00933498
-0.00269646
0.00523972
-0.0168189
-0.0143782
-0.0188002
0.00304882
-0.0062416
-0.0462201
-0.0280992
-0.0315939
-0.0287344
-0.0105308
-0.037653
-0.0301199
-0.0197565
-0.0102774
-0.0128794
-0.00695412
-0.00394452
-0.00486514
-0.010844
0.00483675
-0.00625822
0.00510065
0.00595259
0.0325377
0.020721
0.00675881
-0.00114942
0.0147705
-0.000392466
0.0189088
0.00169753
0.0123401
0.000547148
0.00234396
-0.0212752
-0.0242533
-0.000770967
0.0202115
0.00608321
-0.0339249
-0.0188253
-0.00262063
-0.0131267
-0.00482468
0.00335811
0.0157704
0.0168177
-0.00525049
-0.00115692
0.0162358
0.0157717
0.031499
0.0160924
-0.0118502
-0.000860046
0.000873774
0.00185909
-0.00493105
-0.00149192
-0.0143338
0.00486991
0.00588533
-0.0146822
-0.0193315
-0.0118948
-0.000573734
-0.0158372
0.00639021
0.0119191
-0.0250048
-0.0069842
-0.0103302
0.000570071
0.00589521
0.000236359
-0.00251948
-0.0126354
-0.00294515
-0.011131
-0.0062866
-0.00372509
-0.0049769
-0.0139835
-0.0187783
0.00810732
-0.00166388
0.0128258
-0.0015798
-0.00634774
-0.0050738
0.00825386
-0.0021233
-0.00293558
0.0193188
-0.0036884
0.00239909
0.0017404
-0.0198983
-0.00435926
0.0276708
0.0172669
-0.0013052
-0.000888671
-0.00461163
-0.0206871
0.00770279
0.00346225
-0.00505399
0.0104704
-0.0183366
-0.00519585
-0.00044065
0.00206621
0.0189607
0.0225474
0.0767269
0.0892213
0.0939853
0.109886
0.0731321
0.0894417
0.0955075
0.12882
0.199444
0.24061
0.269643
0.309266
0.341709
0.357673
0.418101
0.382645
0.429072
0.407464
0.373791
0.407803
0.394075
0.319542
0.347926
0.316581
0.309392
0.276926
0.302546
0.257545
0.250724
0.191455
0.241426
0.225182
0.20952
0.200265
0.18199
0.207053
0.224898
0.18831
0.205808
0.225834
0.1952
0.215962
0.19867
0.167584
0.150288
0.120517
0.0966683
0.0828029
0.0742851
0.0511947
0.0695631
0.0610653
0.0407295
0.03743
0.0199042
0.0514465
0.0515542
0.0503534
0.0616878
0.0867194
0.0744321
0.0751517
0.0761684
0.0870309
0.137125
0.142182
0.133483
0.139275
0.154203
0.118888
0.16183
0.151316
0.140662
0.149677
0.150623
0.131271
0.117845
0.133979
0.119718
0.169939
0.151915
0.165905
0.148585
0.154012
0.156551
0.19326
0.205435
0.194729
0.22903
0.207201
0.215788
0.203341
0.186358
0.200594
0.208288
0.180271
0.168196
0.142124
0.138197
0.104845
0.0866732
0.109933
0.107904
0.108925
0.0634247
0.0659557
0.054198
0.0437983
-0.00431823
0.0032786
0.0212853
-0.00458255
0.000936881
0.0199814
-0.0222468
-0.0305934
-0.00697395
-0.021795
-0.0180681
-0.00587703
-0.0401774
-0.0259825
-0.0256122
-0.0228041
-0.0144143
-0.0353032
-0.00607098
-0.0194613
0.000888024
-0.0203996
-0.00621779
-0.0132079
-0.00409459
-0.0393189
-0.0221483
-0.0376821
-0.059619
-0.0589125
-0.0344524
-0.0204672
-0.0159281
-0.000856354
-0.0116577
-0.0376998
-0.0275043
-0.0248639
-0.0227089
-0.0226418
-0.0279547
-0.00818965
-0.031617
-0.0405499
-0.0289526
-0.0286603
-0.0719489
-0.0731282
-0.0774087
-0.0830435
-0.102727
-0.0652251
-0.106396
-0.128435
-0.0825995
-0.0733781
-0.0963062
-0.0830187
-0.0888596
-0.0789031
-0.0681874
-0.0566852
-0.0757453
-0.0717738
-0.0407696
-0.0462924
-0.0676277
-0.0576834
-0.0584926
-0.0580585
-0.0648248
-0.0629793
-0.077587
-0.0786259
-0.0525092
-0.0966365
-0.0708787
-0.086995
-0.0754469
-0.0797494
-0.0938393
-0.103869
-0.097785
-0.115998
-0.10321
-0.121051
-0.103219
-0.105806
-0.112529
-0.108786
-0.111936
-0.112358
-0.0974435
-0.0983097
-0.132806
-0.0842547
-0.078749
-0.0977332
-0.107708
-0.0839634
-0.0958652
-0.12251
-0.0982168
-0.107993
-0.100973
-0.123652
-0.133685
-0.128314
-0.0959541
-0.109759
-0.0930325
-0.107021
-0.128781
-0.086669
-0.104875
-0.0873848
-0.10006
-0.110405
-0.125148
-0.128138
-0.129846
-0.121411
-0.106092
-0.13548
-0.119965
-0.112151
-0.118931
-0.140541
-0.108443
-0.104779
-0.12018
-0.123569
-0.133863
-0.152922
-0.163384
-0.177912
-0.153311
-0.17024
-0.171246
-0.199635
-0.208477
-0.158393
-0.208979
-0.165779
-0.189328
-0.204914
-0.201768
-0.227688
-0.196672
-0.20732
-0.213032
-0.188899
-0.191246
-0.193048
-0.204582
-0.194131
-0.212234
-0.212164
-0.19464
-0.214016
-0.191914
-0.216011
-0.204355
-0.221001
-0.227687
-0.202094
-0.197426
-0.256551
-0.241981
-0.258189
-0.210645
-0.225439
-0.229387
-0.198022
-0.255675
-0.220857
-0.233873
-0.18252
-0.214122
-0.201858
-0.243095
-0.183583
-0.239681
-0.240478
-0.261813
-0.2465
-0.213164
-0.224698
-0.208418
-0.245455
-0.239896
-0.246494
-0.271563
-0.239338
-0.28794
-0.264183
-0.256112
-0.285824
-0.25005
-0.302139
-0.25396
-0.275399
-0.252898
-0.270918
-0.283073
-0.284264
-0.274668
-0.282781
-0.220037
-0.269168
-0.248234
-0.287461
-0.256203
-0.236451
-0.271411
-0.227094
-0.237791
-0.23879
-0.218299
-0.25138
-0.235714
-0.246779
-0.25487
-0.245108
-0.245649
-0.233294
-0.263107
-0.275179
-0.26798
-0.283791
-0.266482
-0.230173
-0.2826
-0.306518
-0.266086
-0.292179
-0.295822
-0.273055
-0.282547
-0.279973
-0.298792
-0.288722
-0.292494
-0.260552
-0.272792
-0.298184
-0.295033
-0.277151
-0.281079
-0.297713
-0.278231
-0.274136
-0.246631
-0.283633
-0.256436
-0.293416
-0.305797
-0.284009
-0.302441
-0.323633
-0.291269
-0.323758
-0.24886
-0.289848
-0.294773
-0.342765
-0.312423
-0.336993
-0.274337
-0.274304
-0.259935
-0.232669
-0.173924
-0.190405
-0.180231
-0.163849
-0.167536
-0.152679
-0.173242
-0.145531
-0.142621
-0.143725
-0.125957
-0.134898
-0.13063
-0.152785
-0.144584
-0.209157
-0.202161
-0.233465
-0.21966
-0.248869
-0.223914
-0.173338
-0.174089
-0.193247
-0.194974
-0.176797
-0.15162
-0.120766
-0.134462
-0.142145
-0.163215
-0.153593
-0.198202
-0.210659
-0.184852
-0.243737
-0.2611
-0.244858
-0.266385
-0.258247
-0.310252
-0.339857
-0.316435
-0.303996
-0.319251
-0.276345
-0.320524
-0.314945
-0.353607
-0.35416
-0.358036
-0.364299
-0.329377
-0.343781
-0.359468
-0.335228
-0.313604
-0.273271
-0.281197
-0.283243
-0.306632
-0.298712
-0.318754
-0.32247
-0.338237
-0.339453
-0.348167
-0.334645
-0.340234
-0.291022
-0.343398
-0.302219
-0.312337
-0.282845
-0.296741
-0.310829
-0.33198
-0.356859
-0.366733
-0.354273
-0.343149
-0.339323
-0.420168
-0.372746
-0.355329
-0.366508
-0.355351
-0.423969
-0.427639
-0.397107
-0.390139
-0.435361
-0.403356
-0.390453
-0.428879
-0.378249
-0.405246
-0.425851
-0.423328
-0.427247
-0.401218
-0.41246
-0.428386
-0.390362
-0.369238
-0.370132
-0.370425
-0.379121
-0.384768
-0.403759
-0.408882
-0.446681
-0.424605
-0.427054
-0.404978
-0.397145
-0.37598
-0.371248
-0.395357
-0.387161
-0.397951
-0.405372
-0.452757
-0.413479
-0.455386
-0.417952
-0.385724
-0.380771
-0.368473
-0.290207
-0.31615
-0.332265
-0.272929
-0.312066
-0.304264
-0.288013
-0.265561
-0.237602
-0.222178
-0.182212
-0.1855
-0.148891
-0.14442
-0.126682
-0.141901
-0.12249
-0.116494
-0.0695268
-0.0447849
-0.0200632
0.0044945
0.00570093
0.00245024
0.0141427
0.0202828
0.0360108
0.0257787
0.0321715
0.0311977
0.00702453
0.00438132
-0.0120167
-0.00307029
-0.0430649
-0.0338636
-0.0170621
-0.0194628
-0.00743651
-0.0032735
0.00226518
-0.00434745
0.00520853
-0.00327464
-0.00107962
-0.00737099
-0.0170042
-0.0302549
-0.0255326
-0.0262989
-0.0336411
-0.0206484
0.00169872
0.0145769
-0.00982343
0.0103903
0.00996483
0.011352
0.00720629
-0.00259522
0.023424
-0.00619192
0.00589228
-0.00307831
0.0228134
-0.00740708
-0.00185733
-0.0154684
0.00722736
-4.85885e-05
-0.00305241
-0.0112234
0.00795473
-0.0117357
-0.0135036
0.000712255
-0.000496746
-0.00996782
0.0158781
0.00990901
-0.00309746
-0.00863951
0.00876184
0.00368096
-0.0076382
0.0043635
0.00859912
0.00687739
0.00808226
0.00115651
0.0030377
-0.00642645
0.00786991
0.00602267
0.0250693
-0.00910399
-0.00507367
0.00801474
0.0137028
0.0143999
0.00765727
0.00612334
0.00791215
0.0112572
-0.00646028
-0.000859536
-0.00694562
-0.00916793
-0.00105161
-0.0152041
-0.00410445
-0.0097783
-0.0206856
0.00740182
-0.0108537
-0.0149162
-0.0031844
0.00714077
0.0057566
-0.00866428
0.0259833
0.0130036
-0.0214021
0.0269611
-0.00129544
-0.0252359
-0.00189778
0.00701157
-0.00630803
0.00602399
-0.00295302
-0.0117431
0.01031
0.00304951
0.0156471
0.0134383
-0.00716846
0.0070093
-0.00763955
-0.00824936
0.0076871
-0.00304991
-0.0275749
0.00167218
0.0106031
-0.00102703
-0.00348268
0.0034633
-0.0129199
-0.00120787
-0.0037834
0.0144961
0.0077154
-0.0268326
-0.00207446
-0.00274966
-0.0159695
-0.0266646
