-1.41233
-1.4123
-1.41234
-1.41228
-1.41233
-1.41225
-1.41232
-1.41228
-1.4123
-1.41234
-1.41224
-1.41231
-1.41231
-1.41231
-1.41232
-1.41229
-1.4123
-1.41231
-1.4123
-1.41227
-1.41229
-1.41225
-1.41232
-1.41228
-1.4123
-1.41229
-1.41231
-1.41229
-1.41233
-1.4123
-1.41234
-1.41228
-1.41228
-1.41234
-1.41228
-1.4123
-1.4123
-1.41233
-1.41231
-1.41233
-1.41229
-1.41227
-1.41227
-1.4123
-1.41224
-1.41232
-1.41232
-1.41229
-1.41229
-1.41228
-1.41232
-1.41233
-1.41228
-1.41231
-1.41228
-1.4123
-1.41234
-1.41233
-1.41225
-1.41228
-1.41231
-1.41227
-1.4123
-1.41228
-1.41233
-1.41228
-1.41226
-1.41231
-1.41227
-1.41229
-1.41227
-1.41229
-1.41233
-1.41229
-1.41231
-1.41231
-1.41224
-1.41233
-1.41233
-1.41229
-1.41234
-1.41231
-1.41231
-1.41225
-1.41232
-1.41232
-1.41229
-1.41228
-1.41228
-1.41232
-1.41226
-1.41227
-1.41232
-1.4123
-1.41232
-1.41229
-1.41235
-1.41232
-1.41228
-1.4123
-1.41228
-1.41229
-1.41233
-1.41227
-1.41222
-1.41204
-1.41184
-1.41175
-1.41156
-1.41129
-1.41106
-1.41125
-1.41125
-1.4113
-1.41138
-1.41147
-1.41169
-1.41176
-1.41187
-1.41198
-1.41201
-1.4121
-1.41206
-1.41214
-1.41218
-1.41209
-1.41213
-1.41213
-1.41208
-1.41208
-1.41211
-1.41209
-1.41194
-1.41173
-1.41171
-1.41177
-1.41183
-1.41196
-1.41215
-1.41246
-1.41311
-1.41387
-1.41465
-1.41541
-1.41607
-1.41688
-1.41783
-1.41911
-1.42323
-1.42542
-1.42817
-1.43073
-1.43352
-1.43613
-1.43887
-1.44187
-1.44498
-1.44839
-1.45173
-1.45559
-1.459
-1.46297
-1.46727
-1.47137
-1.47558
-1.4801
-1.48442
-1.48877
-1.49313
-1.49739
-1.50193
-1.50661
-1.51149
-1.51637
-1.52106
-1.52568
-1.53047
-1.53542
-1.54061
-1.54587
-1.55122
-1.55653
-1.56183
-1.57245
-1.57763
-1.58272
-1.58763
-1.5923
-1.59702
-1.602
-1.60712
-1.61231
-1.61748
-1.6228
-1.6282
-1.63342
-1.63871
-1.64403
-1.64927
-1.65464
-1.66007
-1.66562
-1.67141
-1.67712
-1.6829
-1.68865
-1.69384
-1.69896
-1.70389
-1.70858
-1.71343
-1.71839
-1.7236
-1.72891
-1.73435
-1.74005
-1.75134
-1.75694
-1.76234
-1.7678
-1.77297
-1.77781
-1.78232
-1.78698
-1.79182
-1.79707
-1.80231
-1.80767
-1.81288
-1.81814
-1.82377
-1.82963
-1.83583
-1.84196
-1.84784
-1.85349
-1.85923
-1.86455
-1.86818
-1.87152
-1.87492
-1.87792
-1.88093
-1.88336
-1.8851
-1.88662
-1.8878
-1.88869
-1.88953
-1.89129
-1.89205
-1.89251
-1.89292
-1.89321
-1.89334
-1.89348
-1.89357
-1.8936
-1.89368
-1.89382
-1.894
-1.89427
-1.89456
-1.89487
-1.89511
-1.89531
-1.89548
-1.89561
-1.89585
-1.89598
-1.89616
-1.89637
-1.89654
-1.8967
-1.89694
-1.89704
-1.89715
-1.89726
-1.89719
-1.89721
-1.8973
-1.89725
-1.89728
-1.89732
-1.89724
-1.89725
-1.89723
-1.89723
-1.89724
-1.89727
-1.89722
-1.89727
-1.8973
-1.89733
-1.89723
-1.89732
-1.89732
-1.89732
-1.89745
-1.89744
-1.89752
-1.89753
-1.89756
-1.89755
-1.89751
-1.8975
-1.89746
-1.89756
-1.89755
-1.89747
-1.8975
-1.89741
-1.89746
-1.89746
-1.89739
-1.89745
-1.89747
-1.8975
-1.89741
-1.89744
-1.89746
-1.89747
-1.89748
-1.89746
-1.89746
-1.89747
-1.89745
-1.89745
-1.89754
-1.89742
-1.89744
-1.89743
-1.89746
-1.89745
-1.89746
-1.89746
-1.89746
-1.89744
-1.89738
-1.89742
-1.89743
-1.89743
-1.8974
-1.89744
-1.89744
-1.89748
-1.89747
-1.89754
-1.89759
-1.89764
-1.89764
-1.89761
-1.89773
-1.89774
-1.89771
-1.89774
-1.89774
-1.89779
-1.89786
-1.89792
-1.89787
-1.89789
-1.89788
-1.89786
-1.89785
-1.89791
-1.89788
-1.89784
-1.89785
-1.89787
-1.8979
-1.89788
-1.8979
-1.89785
-1.89788
-1.89786
-1.89784
-1.89785
-1.89782
-1.89786
-1.89784
-1.89784
-1.89776
-1.89778
-1.89776
-1.89775
-1.89773
-1.89773
-1.89766
-1.89765
-1.89763
-1.89762
-1.8976
-1.8977
-1.89768
-1.89766
-1.89769
-1.89773
-1.89768
-1.89775
-1.89773
-1.89766
-1.8976
-1.89759
-1.89761
-1.8976
-1.89759
-1.89754
-1.89759
-1.89753
-1.89748
-1.89736
-1.89728
-1.89719
-1.89718
-1.89716
-1.89708
-1.89716
-1.89709
-1.89711
-1.89706
-1.89709
-1.89702
-1.89691
-1.89684
-1.89681
-1.89656
-1.89654
-1.89644
-1.89625
-1.89619
-1.89613
-1.89613
-1.89613
-1.89614
-1.89612
-1.89617
-1.89611
-1.89609
-1.89609
-1.89608
-1.89596
-1.89587
-1.89565
-1.89537
-1.89509
-1.8948
-1.89434
-1.89337
-1.89261
-1.89204
-1.89131
-1.89018
-1.88917
-1.88817
-1.88746
-1.88671
-1.88587
-1.8849
-1.88382
-1.88281
-1.88102
-1.88023
-1.87947
-1.87868
-1.87795
-1.87716
-1.87631
-1.87536
-1.87449
-1.87344
-1.87236
-1.8712
-1.86996
-1.86875
-1.86758
-1.86628
-1.86476
-1.86327
-1.8613
-1.85913
-1.85704
-1.85473
-1.85249
-1.85007
-1.84736
-1.84469
-1.84199
-1.83957
-1.8372
-1.8346
-1.83196
-1.82922
-1.82684
-1.82407
-1.82117
-1.81787
-1.81485
-1.80827
-1.80451
-1.80076
-1.79682
-1.79255
-1.7884
-1.78405
-1.77943
-1.77479
-1.77014
-1.76556
-1.76082
-1.75663
-1.75254
-1.74834
-1.74389
-1.73934
-1.73471
-1.72969
-1.72449
-1.71929
-1.71401
-1.70875
-1.70349
-1.69839
-1.69332
-1.68821
-1.68355
-1.67889
-1.67436
-1.66943
-1.66503
-1.6593
-1.65408
-1.64391
-1.6387
-1.63368
-1.62867
-1.62405
-1.61936
-1.61479
-1.61014
-1.60547
-1.60031
-1.59482
-1.58923
-1.58337
-1.5774
-1.57162
-1.56603
-1.56089
-1.55583
-1.55076
-1.54638
-1.54112
-1.53592
-1.53083
-1.5256
-1.51954
-1.51363
-1.50758
-1.50192
-1.49663
-1.49208
-1.48663
-1.48167
-1.47664
-1.47119
-1.46577
-1.45449
-1.44891
-1.44355
-1.43868
-1.43385
-1.42928
-1.42472
-1.41983
-1.41472
-1.40947
-1.40413
-1.39845
-1.39274
-1.38706
-1.38175
-1.37646
-1.37183
-1.36699
-1.36198
-1.35696
-1.35174
-1.3463
-1.3407
-1.33571
-1.32957
-1.3248
-1.31959
-1.3147
-1.31006
-1.30486
-1.30006
-1.29506
-1.28988
-1.28045
-1.27599
-1.27158
-1.2673
-1.26342
-1.25966
-1.25531
-1.25198
-1.24789
-1.24482
-1.24144
-1.23847
-1.23515
-1.23264
-1.22949
-1.22674
-1.22421
-1.22218
-1.21973
-1.21823
-1.21715
-1.21671
-1.21677
-1.21707
-1.21759
-1.21803
-1.21839
-1.21861
-1.21864
-1.21863
-1.21868
-1.21871
-1.21947
-1.2206
-1.22243
-1.22241
-1.22207
-1.22171
-1.22098
-1.2194
-1.21791
-1.21543
-1.21247
-1.21038
-1.20901
-1.20757
-1.20615
-1.20435
-1.20212
-1.19958
-1.19695
-1.19393
-1.1914
-1.18855
-1.18594
-1.18303
-1.17987
-1.17695
-1.17394
-1.17085
-1.16776
-1.1648
-1.16213
-1.15985
-1.15792
-1.15623
-1.15482
-1.1526
-1.15025
-1.14646
-1.14451
-1.14243
-1.14023
-1.13798
-1.13588
-1.13343
-1.13066
-1.12753
-1.12422
-1.12057
-1.11687
-1.1132
-1.10913
-1.10493
-1.10058
-1.09625
-1.09193
-1.08779
-1.08373
-1.08021
-1.07697
-1.07375
-1.07069
-1.06765
-1.06417
-1.06098
-1.05764
-1.05418
-1.05062
-1.04686
-1.04273
-1.03898
-1.03468
-1.02999
-1.02174
-1.01771
-1.01383
-1.01008
-1.00644
-1.00284
-0.999588
-0.996159
-0.992449
-0.98856
-0.984476
-0.980389
-0.976471
-0.972621
-0.968828
-0.96523
-0.961427
-0.957928
-0.95436
-0.951246
-0.94842
-0.94544
-0.942596
-0.939572
-0.936324
-0.932997
-0.929333
-0.924971
-0.920516
-0.916142
-0.911619
-0.907471
-0.903507
-0.900209
-0.897445
-0.894435
-0.893676
-0.893712
-0.89412
-0.89499
-0.895951
-0.896695
-0.896967
-0.896895
-0.896896
-0.8974
-0.898119
-0.899091
-0.899837
-0.900412
-0.901021
-0.901664
-0.902136
-0.902902
-0.903619
-0.90414
-0.90479
-0.905512
-0.906197
-0.906869
-0.907571
-0.90812
-0.908111
-0.908428
-0.908884
-0.909129
-0.909659
-0.909733
-0.909698
-0.909678
-0.909579
-0.909419
-0.90939
-0.909402
-0.909638
-0.910299
-0.911812
-0.912555
-0.913217
-0.913722
-0.914248
-0.914399
-0.913576
-0.911776
-0.909743
-0.908063
-0.906634
-0.905891
-0.905352
-0.905228
-0.905209
-0.905228
-0.905334
-0.905593
-0.906104
-0.906817
-0.908052
-0.910188
-0.913265
-0.915808
-0.917211
-0.916629
-0.915478
-0.914733
-0.914743
-0.914982
-0.913577
-0.911226
-0.910115
-0.910701
-0.911198
-0.911068
-0.911076
-0.911566
-0.912701
-0.913372
-0.913568
-0.913328
-0.912969
-0.912744
-0.912216
-0.911429
-0.910755
-0.910769
-0.910827
-0.910715
-0.911074
-0.91193
-0.912651
-0.91267
-0.912268
-0.911294
-0.910909
-0.910715
-0.90977
-0.908979
-0.908562
-0.908224
-0.908348
-0.908876
-0.909234
-0.909103
-0.90903
-0.909413
-0.909548
-0.909522
-0.909432
-0.90951
-0.909449
-0.90937
-0.909337
-0.909407
-0.909641
-0.910022
-0.910336
-0.910523
-0.910414
-0.910473
-0.910341
-0.910004
-0.909675
-0.909406
-0.909121
-0.908728
-0.908449
-0.908274
-0.908102
-0.908074
-0.908034
-0.908176
-0.908425
-0.908827
-0.909058
-0.909223
-0.909316
-0.909375
-0.909383
-0.90932
-0.909127
-0.908875
-0.908507
-0.908304
-0.907982
-0.907742
-0.907522
-0.90732
-0.907146
-0.907216
-0.907327
-0.907516
-0.907538
-0.907538
-0.90759
-0.907517
-0.907422
-0.90719
-0.907068
-0.906976
-0.907003
-0.90698
-0.907066
-0.907043
-0.907101
-0.907234
-0.907252
-0.907495
-0.907574
-0.907676
-0.907687
-0.907672
-0.907612
-0.907581
-0.907624
-0.907534
-0.907514
-0.907808
-0.907903
-0.907748
-0.907746
-0.907823
-0.907846
-0.907854
-0.907738
-0.907513
-0.906436
-0.90548
-0.904507
-0.904099
-0.904401
-0.904746
-0.904551
-0.904447
-0.904434
-0.904393
-0.90444
-0.904349
-0.904373
-0.904393
-0.904287
-0.903911
-0.903183
-0.900263
-0.898719
-0.897238
-0.895264
-0.892517
-0.88865
-0.884809
-0.880916
-0.876674
-0.872738
-0.868602
-0.864174
-0.859457
-0.854594
-0.849712
-0.844899
-0.840202
-0.835696
-0.83129
-0.827033
-0.822897
-0.819333
-0.815901
-0.811867
-0.807559
-0.802646
-0.79775
-0.793109
-0.789017
-0.784721
-0.780449
-0.775423
-0.771437
-0.764429
-0.761432
-0.758277
-0.754849
-0.75154
-0.748204
-0.745019
-0.741412
-0.737664
-0.733898
-0.729973
-0.726061
-0.72193
-0.718041
-0.715483
-0.713681
-0.711518
-0.709615
-0.70767
-0.705502
-0.703858
-0.7022
-0.70029
-0.698385
-0.696554
-0.694666
-0.692512
-0.690243
-0.687838
-0.685617
-0.683548
-0.681343
-0.679368
-0.677491
-0.675655
-0.674253
-0.672422
-0.671187
-0.669922
-0.668508
-0.666472
-0.665837
-0.665321
-0.664685
-0.663952
-0.663198
-0.662273
-0.661483
-0.660826
-0.660504
-0.660399
-0.660388
-0.660315
-0.660307
-0.660362
-0.660345
-0.660297
-0.660379
-0.660322
-0.660323
-0.660372
-0.660353
-0.660336
-0.660436
-0.660412
-0.66044
-0.660546
-0.660673
-0.66076
-0.660931
-0.661058
-0.661158
-0.661235
-0.6613
-0.661403
-0.661451
-0.661464
-0.661497
-0.661478
-0.661579
-0.661688
-0.66178
-0.661977
-0.662008
-0.662139
-0.662311
-0.662466
-0.662687
-0.662934
-0.663238
-0.663362
-0.66349
-0.663519
-0.663402
-0.663174
-0.662837
-0.662725
-0.662485
-0.662352
-0.662168
-0.661969
-0.66189
-0.661734
-0.661613
-0.66139
-0.661071
-0.660828
-0.660508
-0.660449
-0.660495
-0.660558
-0.660824
-0.661253
-0.661401
-0.661463
-0.661553
-0.661523
-0.661422
-0.661316
-0.661119
-0.661023
-0.660913
-0.660849
-0.660896
-0.66083
-0.66087
-0.660872
-0.660902
-0.660844
-0.660885
-0.660916
-0.660908
-0.660855
-0.660833
-0.660836
-0.660725
-0.660577
-0.660501
-0.660521
-0.660409
-0.660497
-0.660472
-0.660489
-0.660485
-0.660448
-0.66026
-0.659828
-0.659221
-0.658493
-0.657485
-0.656439
-0.655459
-0.65467
-0.653984
-0.653267
-0.652346
-0.6515
-0.650481
-0.649079
-0.647308
-0.645131
-0.642547
-0.639849
-0.637202
-0.634676
-0.631901
-0.629127
-0.626218
-0.623246
-0.620432
-0.617617
-0.614949
-0.61216
-0.609389
-0.606293
-0.603463
-0.600726
-0.595816
-0.593433
-0.591722
-0.59016
-0.588223
-0.585986
-0.583902
-0.582142
-0.580355
-0.578274
-0.576035
-0.574262
-0.572449
-0.57039
-0.56835
-0.56658
-0.564878
-0.563159
-0.561425
-0.559643
-0.557951
-0.556441
-0.554802
-0.553118
-0.551283
-0.54959
-0.54785
-0.545931
-0.544111
-0.542369
-0.540786
-0.539206
-0.53754
-0.535692
-0.533626
-0.530488
-0.529212
-0.527689
-0.525763
-0.523825
-0.5221
-0.520881
-0.519136
-0.517122
-0.515147
-0.513364
-0.511535
-0.509651
-0.507859
-0.505807
-0.503762
-0.501572
-0.499418
-0.49734
-0.495077
-0.49284
-0.490629
-0.488379
-0.486092
-0.483797
-0.481823
-0.480037
-0.478156
-0.476225
-0.474651
-0.473442
-0.472224
-0.470753
-0.468915
-0.4642
-0.462126
-0.460179
-0.457742
-0.455453
-0.452899
-0.450419
-0.447765
-0.444926
-0.442244
-0.439705
-0.437243
-0.434603
-0.432103
-0.429718
-0.427149
-0.424717
-0.422297
-0.420012
-0.417667
-0.415407
-0.413487
-0.411616
-0.40948
-0.407291
-0.405372
-0.403777
-0.402157
-0.400191
-0.397904
-0.396096
-0.394442
-0.392293
-0.390078
-0.387886
-0.385653
-0.383142
-0.38076
-0.378315
-0.375656
-0.373014
-0.367985
-0.365393
-0.362657
-0.35971
-0.356864
-0.354259
-0.351856
-0.34923
-0.347066
-0.34545
-0.343696
-0.341562
-0.339235
-0.337349
-0.335504
-0.333345
-0.331175
-0.329072
-0.326895
-0.324363
-0.321763
-0.319146
-0.31638
-0.313738
-0.310962
-0.308127
-0.305222
-0.302356
-0.299221
-0.296266
-0.293303
-0.290164
-0.287064
-0.284339
-0.281649
-0.278536
-0.27578
-0.273064
-0.270253
-0.264457
-0.261069
-0.257565
-0.253868
-0.250239
-0.24673
-0.242947
-0.239273
-0.235418
-0.231503
-0.227596
-0.223786
-0.2204
-0.217067
-0.214169
-0.211448
-0.208201
-0.205084
-0.201834
-0.198379
-0.19466
-0.19086
-0.186894
-0.182375
-0.178205
-0.173815
-0.169279
-0.164696
-0.16041
-0.156157
-0.15227
-0.148702
-0.144796
-0.141224
-0.137449
-0.133582
-0.129525
-0.125142
-0.116008
-0.111354
-0.106526
-0.101787
-0.0969764
-0.0924423
-0.0881207
-0.0840182
-0.0801668
-0.0760722
-0.0719974
-0.0677998
-0.0635775
-0.0590894
-0.054327
-0.0495878
-0.0447882
-0.0399668
-0.0350676
-0.0303825
-0.0258527
-0.0215476
-0.017098
-0.0125468
-0.00788939
-0.00312752
0.00204259
0.00720716
0.0124338
0.0174671
0.0278296
0.0330401
0.0378846
0.04248
0.0469224
0.0514827
0.0562848
0.0613657
0.0666751
0.0722208
0.0778831
0.0834467
0.0890411
0.0945591
0.099543
0.10393
0.108348
0.112703
0.117456
0.122232
0.127225
0.132654
0.138005
0.143457
0.149089
0.154704
0.159855
0.164896
0.169436
0.174152
0.178816
0.183856
0.189013
0.194459
0.200093
0.211616
0.217117
0.22241
0.227191
0.231779
0.236425
0.241433
0.246417
0.251727
0.257539
0.263131
0.268714
0.274565
0.279888
0.285187
0.290499
0.29548
0.300325
0.305331
0.310658
0.316125
0.321739
0.327622
0.333463
0.339286
0.344709
0.350093
0.354953
0.359717
0.364652
0.369747
0.375218
0.380895
0.386537
0.392361
0.398141
0.408797
0.413575
0.418288
0.423394
0.428468
0.433746
0.438616
0.442612
0.446187
0.4498
0.453275
0.456445
0.459155
0.461363
0.46356
0.465304
0.466988
0.468841
0.470455
0.47213
0.473626
0.475168
0.476657
0.478291
0.479886
0.48149
0.483229
0.484764
0.486177
0.4876
0.488993
0.490347
0.491459
0.492534
0.494932
0.49632
0.497743
0.499023
0.500408
0.501765
0.503089
0.504161
0.505003
0.505462
0.50555
0.505683
0.505533
0.505454
0.50545
0.505312
0.505314
0.505273
0.505233
0.505284
0.505248
0.505256
0.505237
0.505255
0.505184
0.505096
0.505045
0.504971
0.504873
0.50482
0.504802
0.504764
0.504721
0.504748
0.504742
0.50475
0.504742
0.504815
0.50475
0.504826
0.50486
0.504812
0.504787
0.504767
0.504698
0.504626
0.504645
0.504646
0.504716
0.504679
0.504696
0.504677
0.504707
0.504669
0.504755
0.504769
0.504741
0.504723
0.504759
0.504753
0.504714
0.504727
0.504688
0.504708
0.504604
0.504647
0.504614
0.504609
0.504587
0.504622
0.504614
0.50462
0.504661
0.504534
0.504352
0.504077
0.50391
0.503611
0.503325
0.502792
0.50263
0.502501
0.502463
0.502389
0.502428
0.502456
0.502486
0.502523
0.502551
0.502638
0.502774
0.502919
0.50305
0.503246
0.503397
0.503604
0.503929
0.504093
0.504287
0.504403
0.504492
0.504562
0.504555
0.504502
0.504439
0.504254
0.504243
0.504099
0.503982
0.503899
0.503848
0.50379
0.503847
0.503934
0.504004
0.504143
0.504222
0.504308
0.50448
0.504704
0.504842
0.505067
0.505247
0.505338
0.505507
0.505505
0.505553
0.505522
0.505484
0.505477
0.505327
0.505368
0.505303
0.505284
0.505228
0.505233
0.505264
0.505248
0.505349
0.505343
0.505352
0.505377
0.505416
0.505496
0.505594
0.505709
0.505853
0.505792
0.505843
0.505797
0.505798
0.505821
0.505801
0.505771
0.505723
0.505736
0.505718
0.505726
0.50573
0.505715
0.505756
0.505763
0.505734
0.505775
0.505739
0.505783
0.505845
0.505754
0.505804
0.505771
0.505735
0.50569
0.505742
0.505671
0.50565
0.505657
0.50571
0.505683
0.50565
0.505638
0.505648
0.505428
0.504594
0.503463
0.501768
0.500329
0.498727
0.497351
0.495698
0.493984
0.491597
0.488881
0.486341
0.484128
0.482277
0.48118
0.480584
0.479938
0.479149
0.47829
0.477565
0.476988
0.476377
0.475515
0.474723
0.473933
0.473196
0.471718
0.470119
0.468731
0.467377
0.465582
0.464353
0.462907
0.460328
0.458972
0.457533
0.456246
0.454852
0.453494
0.451964
0.450673
0.449326
0.447813
0.446075
0.444354
0.442398
0.440063
0.437733
0.435442
0.433156
0.430505
0.427896
0.425742
0.423479
0.420749
0.417888
0.414979
0.412157
0.409094
0.40601
0.402853
0.400032
0.397078
0.393561
0.389552
0.385768
0.381997
0.377872
0.373649
0.369206
0.360878
0.356439
0.352262
0.348222
0.343995
0.339808
0.335707
0.331538
0.327552
0.323736
0.319584
0.315447
0.311364
0.30701
0.302174
0.297567
0.293296
0.289022
0.284496
0.279991
0.2756
0.271183
0.266596
0.262088
0.257966
0.253875
0.249733
0.245067
0.240244
0.235392
0.230328
0.22543
0.219832
0.214858
0.209868
0.200668
0.195971
0.191472
0.186989
0.182086
0.177439
0.172889
0.168265
0.163828
0.159061
0.15414
0.14944
0.144964
0.140631
0.13609
0.131672
0.127538
0.123204
0.118429
0.11354
0.108807
0.103919
0.0988607
0.0938025
0.0891427
0.0844933
0.0798739
0.0751686
0.0706362
0.0661824
0.0614047
0.0565394
0.0516824
0.0461962
0.0410933
0.0317916
0.0265309
0.0217089
0.0169098
0.0121403
0.00757939
0.0030309
-0.00143009
-0.00602418
-0.0107826
-0.0154309
-0.0200863
-0.0248931
-0.0295901
-0.0344083
-0.0391022
-0.0438149
-0.0485398
-0.0528678
-0.0571797
-0.0618311
-0.0664688
-0.0712379
-0.076218
-0.0810465
-0.0857178
-0.090166
-0.0947023
-0.0991171
-0.103486
-0.107627
-0.111776
-0.116036
-0.120522
-0.124619
-0.132674
-0.137208
-0.141729
-0.146394
-0.151096
-0.155812
-0.160236
-0.164341
-0.168447
-0.172317
-0.176043
-0.180088
-0.184179
-0.18842
-0.193014
-0.197355
-0.201807
-0.206368
-0.211118
-0.215726
-0.22029
-0.224847
-0.229431
-0.234027
-0.238431
-0.242895
-0.247561
-0.252238
-0.256807
-0.261408
-0.266362
-0.270539
-0.27564
-0.280389
-0.289712
-0.294445
-0.299042
-0.303397
-0.307922
-0.312747
-0.317547
-0.322645
-0.327847
-0.333012
-0.337788
-0.342377
-0.346992
-0.351634
-0.35631
-0.360971
-0.365578
-0.370207
-0.374653
-0.379432
-0.384154
-0.389129
-0.394177
-0.398982
-0.403854
-0.40877
-0.413602
-0.418124
-0.422366
-0.426609
-0.430982
-0.435514
-0.440669
-0.445033
-0.450332
-0.459461
-0.464003
-0.46861
-0.473209
-0.477881
-0.482354
-0.487098
-0.491529
-0.495969
-0.500409
-0.50464
-0.508881
-0.513412
-0.518202
-0.522803
-0.527216
-0.531515
-0.535651
-0.539715
-0.543822
-0.547741
-0.551535
-0.555399
-0.559386
-0.563499
-0.567857
-0.572219
-0.57637
-0.580594
-0.584989
-0.589619
-0.593262
-0.597796
-0.604704
-0.608475
-0.612031
-0.615846
-0.619622
-0.623387
-0.627192
-0.631098
-0.635147
-0.639301
-0.643166
-0.646943
-0.650645
-0.654178
-0.657736
-0.661066
-0.664547
-0.66777
-0.671163
-0.67468
-0.678275
-0.681762
-0.68533
-0.688873
-0.692459
-0.696133
-0.699586
-0.703267
-0.706625
-0.710132
-0.713535
-0.716952
-0.720576
-0.72422
-0.730643
-0.734034
-0.737468
-0.741078
-0.74485
-0.748424
-0.752206
-0.756048
-0.759951
-0.76377
-0.767119
-0.770593
-0.774128
-0.777697
-0.781191
-0.784567
-0.787946
-0.791143
-0.794569
-0.798033
-0.801617
-0.80522
-0.808935
-0.812691
-0.816409
-0.82003
-0.823478
-0.826917
-0.830263
-0.83374
-0.837306
-0.840138
-0.843251
-0.846122
-0.852133
-0.855103
-0.858187
-0.861328
-0.864711
-0.868126
-0.871438
-0.874989
-0.878422
-0.881927
-0.885399
-0.888689
-0.891984
-0.894929
-0.897947
-0.900486
-0.902963
-0.905299
-0.907429
-0.909907
-0.912382
-0.914837
-0.917306
-0.919686
-0.922642
-0.925701
-0.928995
-0.932254
-0.935791
-0.939688
-0.944474
-0.950018
-0.960799
-0.965348
-0.969275
-0.972908
-0.976386
-0.980002
-0.983911
-0.987689
-0.991475
-0.995092
-0.998193
-1.00115
-1.00384
-1.00654
-1.00896
-1.01105
-1.01343
-1.01594
-1.01882
-1.02214
-1.02607
-1.03072
-1.03618
-1.04184
-1.04756
-1.05292
-1.058
-1.06289
-1.06803
-1.07319
-1.07826
-1.08307
-1.08736
-1.09166
-1.09739
-1.09966
-1.10194
-1.10432
-1.10658
-1.10875
-1.11058
-1.11206
-1.11336
-1.11441
-1.11549
-1.11655
-1.11769
-1.1191
-1.12087
-1.12294
-1.12497
-1.12705
-1.12941
-1.13193
-1.13443
-1.13702
-1.13955
-1.14168
-1.14384
-1.14582
-1.14774
-1.14945
-1.15138
-1.15412
-1.15742
-1.16136
-1.16548
-1.16947
-1.17345
-1.18227
-1.1877
-1.19324
-1.19842
-1.2031
-1.20712
-1.21095
-1.21468
-1.21862
-1.22247
-1.22646
-1.23069
-1.23482
-1.23868
-1.24242
-1.24599
-1.24965
-1.25347
-1.25708
-1.26052
-1.26398
-1.26699
-1.27027
-1.27332
-1.2766
-1.27968
-1.28306
-1.28623
-1.28957
-1.29275
-1.296
-1.29939
-1.30211
-1.30516
-1.31199
-1.3155
-1.31907
-1.32224
-1.3251
-1.3275
-1.32984
-1.33195
-1.33388
-1.33599
-1.33826
-1.34074
-1.34346
-1.3459
-1.34828
-1.35052
-1.35252
-1.35415
-1.35539
-1.35643
-1.35757
-1.35903
-1.36081
-1.36295
-1.36565
-1.3681
-1.37026
-1.37238
-1.37413
-1.37554
-1.37703
-1.37849
-1.38134
-1.38275
-1.38409
-1.38419
-1.3858
-1.38638
-1.38671
-1.38684
-1.38649
-1.38559
-1.38406
-1.38235
-1.38074
-1.37926
-1.37779
-1.37622
-1.3747
-1.37278
-1.37105
-1.36894
-1.36736
-1.36587
-1.36484
-1.36417
-1.36347
-1.36275
-1.36178
-1.36079
-1.36018
-1.36006
-1.36014
-1.3601
-1.3599
-1.35957
-1.35932
-1.35897
-1.3589
-1.35885
-1.35884
-1.35888
-1.35885
-1.35887
-1.35886
-1.35894
-1.35891
-1.35886
-1.35881
-1.35872
-1.35853
-1.3585
-1.35852
-1.35855
-1.35856
-1.35851
-1.35851
-1.35843
-1.35841
-1.35837
-1.35838
-1.35832
-1.3583
-1.35835
-1.35827
-1.35833
-1.35828
-1.35829
-1.35826
-1.35827
-1.35822
-1.35813
-1.35819
-1.35816
-1.35817
-1.35817
-1.35819
-1.35815
-1.35814
-1.35815
-1.35815
-1.35815
-1.35812
-1.35808
-1.35811
-1.3581
-1.35808
-1.35809
-1.35814
-1.35811
-1.35806
-1.3581
-1.35805
-1.35807
-1.35805
-1.35807
-1.35805
-1.35805
-1.35807
-1.35805
-1.358
-1.35801
-1.35801
-1.35803
-1.35806
-1.35804
-1.35808
-1.35804
-1.35804
-1.35801
-1.35799
-1.35804
-1.35797
-1.35798
-1.35802
-1.35802
-1.35799
-1.358
-1.35806
-1.35803
-1.358
-1.35801
-1.35801
-1.35793
-1.35798
-1.358
-1.35798
-1.35803
-1.35799
-1.35798
-1.35794
-1.35798
-1.35799
-1.35799
-1.35795
-1.35795
-1.35796
-1.35797
-1.35792
-1.35796
-1.35793
-1.35796
-1.35795
-1.35797
-1.35794
-1.35796
-1.35795
-1.35796
-1.35792
-1.35794
-1.35792
-1.35798
-1.35796
-1.35794
-1.35794
-1.35796
-1.35792
-1.35796
