-0.214372
-0.21436
-0.214881
-0.215509
-0.212439
-0.215419
-0.213582
-0.216012
-0.213486
-0.213139
-0.215713
-0.213427
-0.215306
-0.214336
-0.2153
-0.215234
-0.213187
-0.214037
-0.21348
-0.21697
-0.214061
-0.216305
-0.213223
-0.21594
-0.215228
-0.212601
-0.213606
-0.214163
-0.214067
-0.214839
-0.213869
-0.215006
-0.215557
-0.212768
-0.215761
-0.215
-0.215198
-0.212583
-0.214665
-0.213857
-0.214779
-0.215641
-0.21509
-0.213833
-0.217431
-0.214444
-0.21497
-0.216551
-0.215342
-0.215988
-0.212745
-0.213732
-0.214988
-0.214911
-0.215976
-0.215042
-0.21424
-0.213666
-0.215222
-0.21421
-0.21436
-0.217419
-0.214683
-0.216036
-0.213457
-0.215018
-0.215054
-0.214378
-0.215551
-0.215156
-0.214905
-0.214306
-0.214743
-0.214773
-0.215671
-0.213881
-0.216353
-0.213863
-0.213277
-0.213917
-0.212463
-0.211949
-0.215222
-0.215246
-0.212421
-0.214953
-0.216952
-0.215629
-0.216072
-0.215874
-0.214306
-0.214935
-0.213313
-0.215012
-0.215354
-0.215497
-0.213582
-0.21369
-0.214516
-0.215856
-0.216557
-0.21521
-0.213666
-0.216461
-0.216503
-0.221455
-0.226255
-0.228198
-0.233657
-0.238105
-0.244613
-0.239403
-0.241067
-0.238262
-0.237379
-0.235986
-0.231467
-0.228443
-0.226015
-0.224199
-0.221096
-0.219221
-0.221299
-0.218143
-0.217508
-0.221137
-0.218341
-0.218508
-0.219916
-0.220844
-0.21879
-0.218365
-0.225362
-0.22818
-0.229229
-0.227712
-0.224894
-0.22496
-0.217203
-0.209855
-0.196263
-0.175143
-0.156655
-0.138482
-0.12274
-0.104288
-0.0904806
-0.0605885
0.0192656
0.071252
0.132854
0.181309
0.232988
0.276427
0.318094
0.350372
0.379718
0.416062
0.447225
0.482642
0.511912
0.547328
0.589329
0.622157
0.657111
0.691312
0.721898
0.746978
0.779929
0.80635
0.837918
0.87784
0.90854
0.950546
0.987261
1.00044
1.02469
1.04403
1.06435
1.07622
1.09888
1.11759
1.14173
1.1679
1.17796
1.19404
1.20607
1.22969
1.23283
1.24851
1.26654
1.28652
1.29527
1.30196
1.32306
1.34244
1.36123
1.37533
1.38901
1.40607
1.43261
1.45206
1.48475
1.50998
1.53421
1.54863
1.54254
1.52617
1.52372
1.51511
1.51217
1.52021
1.53563
1.56166
1.59029
1.61411
1.62304
1.62206
1.62945
1.65764
1.65886
1.64596
1.61784
1.60565
1.59849
1.61582
1.618
1.61513
1.60993
1.61655
1.64111
1.67924
1.75329
1.80624
1.84956
1.87751
1.8801
1.85653
1.72563
1.60567
1.5091
1.43827
1.38275
1.30819
1.23456
1.14768
1.08044
1.01726
0.963235
0.869344
0.829516
0.773883
0.723913
0.680973
0.634633
0.592929
0.551105
0.517954
0.489296
0.465904
0.441859
0.420592
0.399353
0.383566
0.372053
0.35563
0.339403
0.327943
0.316871
0.304735
0.296118
0.288672
0.277106
0.268775
0.263103
0.251955
0.244944
0.241418
0.233286
0.228932
0.229802
0.225676
0.223076
0.217837
0.213486
0.208912
0.20481
0.203006
0.197786
0.194661
0.188658
0.185513
0.184068
0.179503
0.173509
0.174817
0.173977
0.170375
0.170269
0.16979
0.170127
0.169476
0.169766
0.170198
0.166822
0.16746
0.165279
0.16918
0.168962
0.165031
0.166839
0.165161
0.166266
0.166916
0.165533
0.166094
0.167785
0.167253
0.165196
0.165763
0.167661
0.165911
0.166443
0.16801
0.165143
0.16749
0.165616
0.166668
0.168962
0.165415
0.166142
0.16438
0.166461
0.1673
0.166922
0.166839
0.166165
0.164469
0.164853
0.164776
0.164262
0.16522
0.164682
0.165019
0.164824
0.167259
0.168234
0.166083
0.168577
0.171126
0.170813
0.167129
0.168713
0.167584
0.167082
0.166692
0.164044
0.163984
0.167117
0.166301
0.167324
0.166757
0.16587
0.166372
0.164404
0.168631
0.166768
0.166024
0.166301
0.166006
0.165935
0.166567
0.166165
0.166272
0.167306
0.165403
0.165308
0.16389
0.166295
0.166337
0.16623
0.163547
0.162076
0.163393
0.163364
0.161768
0.162099
0.160811
0.160197
0.161585
0.161603
0.159724
0.157332
0.161225
0.159535
0.160587
0.161384
0.162844
0.161928
0.163382
0.161892
0.1597
0.160681
0.15823
0.159771
0.161591
0.157846
0.15657
0.158808
0.155631
0.155637
0.153517
0.150694
0.149697
0.148764
0.149549
0.14805
0.150063
0.145677
0.149095
0.144946
0.146439
0.146327
0.142928
0.140686
0.139158
0.13184
0.133785
0.131268
0.125409
0.123983
0.123759
0.122792
0.124643
0.124372
0.123747
0.125262
0.121879
0.122669
0.123594
0.119652
0.120436
0.117084
0.112036
0.104776
0.0982363
0.0925987
0.0820325
0.0790268
0.0705523
0.0571935
0.0433257
0.0320982
0.017402
-0.000383765
-0.0106288
-0.0187116
-0.0295389
-0.0389988
-0.053517
-0.0668845
-0.0749229
-0.0784922
-0.0822276
-0.0863889
-0.0909058
-0.0988745
-0.103017
-0.107646
-0.111904
-0.117708
-0.123468
-0.128514
-0.132797
-0.140172
-0.145066
-0.159513
-0.168657
-0.17796
-0.192844
-0.211327
-0.231521
-0.255788
-0.273422
-0.291138
-0.317821
-0.332085
-0.355832
-0.378365
-0.40269
-0.421
-0.435189
-0.46335
-0.486488
-0.515959
-0.534995
-0.55997
-0.578569
-0.606662
-0.626382
-0.63592
-0.650289
-0.657449
-0.669332
-0.673377
-0.691634
-0.708714
-0.71444
-0.738501
-0.763387
-0.790623
-0.818292
-0.842589
-0.873722
-0.890013
-0.910788
-0.921305
-0.923867
-0.935409
-0.948174
-0.951572
-0.95768
-0.953998
-0.964186
-0.977448
-0.997874
-1.00672
-1.02116
-1.02822
-1.02865
-1.03044
-1.02367
-1.02331
-1.02532
-1.0292
-1.04465
-1.06895
-1.09488
-1.09919
-1.1078
-1.11139
-1.11709
-1.11106
-1.11172
-1.11934
-1.14238
-1.16386
-1.18352
-1.19033
-1.20729
-1.21978
-1.21393
-1.22786
-1.22753
-1.20875
-1.19263
-1.21253
-1.21818
-1.22107
-1.23392
-1.24822
-1.25903
-1.27416
-1.28467
-1.27755
-1.27676
-1.25809
-1.25498
-1.24028
-1.23674
-1.23738
-1.23975
-1.24141
-1.247
-1.24793
-1.2448
-1.25356
-1.26465
-1.27611
-1.29217
-1.29402
-1.29506
-1.30909
-1.31625
-1.3235
-1.32047
-1.31772
-1.30396
-1.28205
-1.27297
-1.25453
-1.25848
-1.25116
-1.2604
-1.27867
-1.29211
-1.29243
-1.29688
-1.29729
-1.28855
-1.22968
-1.18807
-1.15513
-1.12441
-1.10803
-1.1069
-1.11987
-1.11964
-1.1343
-1.11956
-1.10237
-1.0643
-1.00818
-0.972035
-0.928836
-0.893552
-0.860479
-0.826019
-0.795625
-0.754916
-0.701607
-0.640315
-0.594202
-0.559884
-0.525459
-0.501681
-0.479661
-0.456306
-0.435925
-0.412254
-0.386456
-0.373394
-0.339121
-0.309397
-0.26155
-0.261652
-0.270496
-0.279913
-0.298249
-0.340521
-0.374843
-0.432388
-0.494979
-0.534911
-0.551406
-0.556439
-0.560962
-0.561288
-0.563545
-0.585683
-0.619891
-0.63873
-0.640719
-0.65319
-0.647039
-0.651305
-0.654356
-0.658137
-0.655632
-0.665858
-0.665722
-0.665431
-0.655463
-0.636207
-0.611206
-0.597868
-0.590316
-0.58632
-0.592496
-0.633905
-0.646513
-0.645452
-0.649136
-0.6586
-0.664928
-0.67252
-0.679612
-0.693828
-0.71103
-0.724116
-0.739859
-0.742381
-0.757776
-0.769815
-0.781782
-0.798384
-0.804131
-0.815854
-0.833633
-0.8506
-0.874039
-0.882509
-0.889657
-0.900173
-0.904214
-0.909778
-0.901837
-0.896734
-0.885347
-0.874205
-0.869732
-0.871526
-0.881308
-0.886998
-0.892338
-0.909803
-0.904238
-0.925371
-0.932195
-0.938249
-0.93784
-0.931338
-0.939467
-0.935719
-0.94669
-0.936574
-0.927924
-0.924096
-0.909275
-0.903084
-0.902583
-0.897574
-0.899666
-0.905737
-0.90214
-0.904016
-0.91145
-0.89905
-0.902091
-0.905196
-0.903415
-0.915825
-0.931523
-0.940491
-0.946695
-0.950481
-0.931754
-0.901136
-0.867369
-0.78802
-0.729808
-0.67733
-0.627382
-0.557341
-0.483824
-0.432426
-0.411336
-0.402481
-0.396209
-0.382877
-0.364326
-0.34129
-0.322469
-0.306951
-0.288729
-0.274821
-0.264125
-0.241704
-0.22627
-0.212436
-0.196944
-0.178901
-0.161391
-0.144366
-0.128493
-0.114531
-0.114664
-0.1067
-0.0928843
-0.0901854
-0.0763446
-0.0748108
-0.0757045
-0.0761381
-0.0773741
-0.0829387
-0.0834522
-0.0836529
-0.0770998
-0.0631792
-0.0406857
-0.0261902
-0.01527
-0.00993182
0.00100402
0.00237412
-0.0169907
-0.042146
-0.0749583
-0.1163
-0.15343
-0.17198
-0.182102
-0.187598
-0.187225
-0.185371
-0.185043
-0.175813
-0.16678
-0.146564
-0.116765
-0.0677748
-0.0161142
0.0324098
0.065022
0.0499978
0.0230925
0.00251818
0.00355014
0.00888603
-0.0217093
-0.0522651
-0.0723098
-0.0565987
-0.0442955
-0.0450346
-0.0471608
-0.0337121
-0.0282618
-0.0155818
-0.0218123
-0.0245249
-0.0308161
-0.0313517
-0.0338475
-0.0418457
-0.0550401
-0.05319
-0.0516907
-0.0542417
-0.0438273
-0.0324554
-0.0274084
-0.0278998
-0.034392
-0.0416543
-0.0508158
-0.0550313
-0.0766278
-0.0985082
-0.104826
-0.113176
-0.11141
-0.0982305
-0.0912395
-0.0934572
-0.0943402
-0.0853972
-0.0819
-0.0831129
-0.0853441
-0.0834847
-0.0839894
-0.0875638
-0.0857278
-0.0830922
-0.0794068
-0.069709
-0.0621771
-0.0572263
-0.0598341
-0.0596485
-0.0629758
-0.0698564
-0.0799791
-0.0855005
-0.0920515
-0.10245
-0.108749
-0.113333
-0.117637
-0.116779
-0.117324
-0.116501
-0.109397
-0.0982452
-0.0941512
-0.0878737
-0.0874929
-0.0848334
-0.0850666
-0.0865011
-0.0920308
-0.0967652
-0.107147
-0.112531
-0.121331
-0.125724
-0.131526
-0.136887
-0.139078
-0.139487
-0.136982
-0.13395
-0.131485
-0.132039
-0.129521
-0.13025
-0.132629
-0.138037
-0.142687
-0.144458
-0.145291
-0.143431
-0.142043
-0.143598
-0.142026
-0.136529
-0.13928
-0.131737
-0.130718
-0.127489
-0.127773
-0.126977
-0.130294
-0.128286
-0.129847
-0.133295
-0.131725
-0.125395
-0.120913
-0.12544
-0.127365
-0.123906
-0.124131
-0.12165
-0.126669
-0.130925
-0.156753
-0.181536
-0.204415
-0.217062
-0.209371
-0.199547
-0.205121
-0.206489
-0.2075
-0.206256
-0.207921
-0.209401
-0.209201
-0.206068
-0.212786
-0.220901
-0.236703
-0.309151
-0.338658
-0.366934
-0.400461
-0.443411
-0.500397
-0.547351
-0.586006
-0.629452
-0.647572
-0.669175
-0.694854
-0.726751
-0.753016
-0.773549
-0.793178
-0.80836
-0.828282
-0.850024
-0.884319
-0.918707
-0.927345
-0.932133
-0.942412
-0.958772
-0.985409
-0.994301
-0.989203
-0.964448
-0.958663
-0.944335
-0.943458
-0.946636
-0.928277
-0.931494
-0.915031
-0.921473
-0.929416
-0.924949
-0.914559
-0.90596
-0.906664
-0.904573
-0.909385
-0.90617
-0.911283
-0.901684
-0.866094
-0.81046
-0.791214
-0.779761
-0.776269
-0.763097
-0.743582
-0.740304
-0.724564
-0.71301
-0.704793
-0.687853
-0.678745
-0.667215
-0.661486
-0.644264
-0.631882
-0.619766
-0.600455
-0.588309
-0.571028
-0.554521
-0.54512
-0.524501
-0.51014
-0.492643
-0.461792
-0.452565
-0.44744
-0.444294
-0.444398
-0.43831
-0.432055
-0.429364
-0.42228
-0.414512
-0.411845
-0.407383
-0.404471
-0.403471
-0.40249
-0.40368
-0.4066
-0.403748
-0.403755
-0.402939
-0.4024
-0.402216
-0.402827
-0.400476
-0.401323
-0.400903
-0.398308
-0.393316
-0.392739
-0.388574
-0.383397
-0.382471
-0.379992
-0.377873
-0.37637
-0.373894
-0.3734
-0.373465
-0.372866
-0.371115
-0.368189
-0.366092
-0.359604
-0.360057
-0.355454
-0.350371
-0.347924
-0.342774
-0.33654
-0.328365
-0.326242
-0.323757
-0.320193
-0.324089
-0.330406
-0.338799
-0.342887
-0.347513
-0.351182
-0.356404
-0.36099
-0.363694
-0.366943
-0.370423
-0.376314
-0.383168
-0.392841
-0.399732
-0.400996
-0.400815
-0.39781
-0.390569
-0.380193
-0.376256
-0.372792
-0.371279
-0.373443
-0.375322
-0.376222
-0.382394
-0.382982
-0.387463
-0.389154
-0.389917
-0.391155
-0.390336
-0.388574
-0.388955
-0.38929
-0.387594
-0.389138
-0.389569
-0.388673
-0.390147
-0.390652
-0.39285
-0.396349
-0.399334
-0.400644
-0.400417
-0.39879
-0.400149
-0.399879
-0.398762
-0.400037
-0.404914
-0.418615
-0.433362
-0.450883
-0.477185
-0.505968
-0.533857
-0.555482
-0.572628
-0.593911
-0.619668
-0.642039
-0.672109
-0.70666
-0.731562
-0.751167
-0.773486
-0.768583
-0.777117
-0.773856
-0.767824
-0.759307
-0.746317
-0.733959
-0.7151
-0.696361
-0.685297
-0.669704
-0.663641
-0.660468
-0.647654
-0.643194
-0.639442
-0.652562
-0.65479
-0.652759
-0.650995
-0.652559
-0.663988
-0.665733
-0.656882
-0.65498
-0.658652
-0.649105
-0.623983
-0.614854
-0.605171
-0.589935
-0.572439
-0.558115
-0.548344
-0.536232
-0.526901
-0.512133
-0.500236
-0.492624
-0.496999
-0.491505
-0.48815
-0.493403
-0.490504
-0.497366
-0.504148
-0.52072
-0.525985
-0.526976
-0.535856
-0.561961
-0.567136
-0.566621
-0.564466
-0.562189
-0.568787
-0.56084
-0.557114
-0.550799
-0.552185
-0.54221
-0.525569
-0.521787
-0.51002
-0.508423
-0.509372
-0.510511
-0.509633
-0.510237
-0.509226
-0.50941
-0.514881
-0.514299
-0.508887
-0.51568
-0.518325
-0.520526
-0.521599
-0.524971
-0.529347
-0.534956
-0.551291
-0.557127
-0.563539
-0.586113
-0.591757
-0.589571
-0.596463
-0.594155
-0.601724
-0.600388
-0.591589
-0.593188
-0.582698
-0.581146
-0.567966
-0.566912
-0.559752
-0.554117
-0.553371
-0.553082
-0.563073
-0.564906
-0.565467
-0.577676
-0.58454
-0.594269
-0.597563
-0.601556
-0.61253
-0.6177
-0.624476
-0.615135
-0.621248
-0.621977
-0.609078
-0.599481
-0.594561
-0.581073
-0.568794
-0.564635
-0.559248
-0.555284
-0.549936
-0.553216
-0.544635
-0.549378
-0.546689
-0.555439
-0.55692
-0.569972
-0.576609
-0.581572
-0.589841
-0.596852
-0.599089
-0.594701
-0.600327
-0.594671
-0.590303
-0.592546
-0.591172
-0.590777
-0.590981
-0.588355
-0.590309
-0.588095
-0.577769
-0.583623
-0.58492
-0.590904
-0.595736
-0.60027
-0.6007
-0.606659
-0.614493
-0.623005
-0.64161
-0.658382
-0.66088
-0.678071
-0.691278
-0.708628
-0.704035
-0.715189
-0.717135
-0.720837
-0.724884
-0.72641
-0.729282
-0.729901
-0.733716
-0.739645
-0.742731
-0.747119
-0.7526
-0.76179
-0.764097
-0.777367
-0.779682
-0.785369
-0.798446
-0.796208
-0.803733
-0.811767
-0.812637
-0.815712
-0.823695
-0.826165
-0.832537
-0.840527
-0.849655
-0.856144
-0.86625
-0.893712
-0.895166
-0.917863
-0.923308
-0.933512
-0.946018
-0.950239
-0.951037
-0.960708
-0.965643
-0.962976
-0.96368
-0.960519
-0.962662
-0.962797
-0.972553
-0.98498
-0.989992
-1.00117
-1.01944
-1.01403
-1.01952
-1.03108
-1.02948
-1.02639
-1.03462
-1.03891
-1.04866
-1.05826
-1.06799
-1.08631
-1.09563
-1.1
-1.10685
-1.10613
-1.10028
-1.10004
-1.09917
-1.10681
-1.12303
-1.13558
-1.14704
-1.17135
-1.18909
-1.19318
-1.19883
-1.19746
-1.19916
-1.199
-1.19414
-1.19342
-1.2011
-1.20859
-1.21419
-1.21715
-1.22463
-1.23414
-1.23356
-1.22837
-1.23559
-1.23783
-1.234
-1.22921
-1.23546
-1.23453
-1.2315
-1.22861
-1.22537
-1.23137
-1.24317
-1.25214
-1.25375
-1.25738
-1.26266
-1.26884
-1.26446
-1.27782
-1.27487
-1.27323
-1.27257
-1.27003
-1.25801
-1.26369
-1.26565
-1.26159
-1.27329
-1.26549
-1.2755
-1.28857
-1.30311
-1.31298
-1.32222
-1.32069
-1.30222
-1.29257
-1.28693
-1.27514
-1.26662
-1.2638
-1.28175
-1.29416
-1.30347
-1.30203
-1.30656
-1.30736
-1.30042
-1.29217
-1.29206
-1.28895
-1.26432
-1.25085
-1.25304
-1.25207
-1.25381
-1.2432
-1.2206
-1.17182
-1.11147
-1.06126
-1.02234
-0.989973
-0.94941
-0.917275
-0.889454
-0.877371
-0.855904
-0.835303
-0.816274
-0.801853
-0.773501
-0.743652
-0.719521
-0.700986
-0.674052
-0.650737
-0.630616
-0.604376
-0.585836
-0.558434
-0.538986
-0.523687
-0.504181
-0.484529
-0.466427
-0.456525
-0.453183
-0.446966
-0.44771
-0.448775
-0.438124
-0.430124
-0.424305
-0.422286
-0.416509
-0.414904
-0.410099
-0.4067
-0.408693
-0.406647
-0.405439
-0.405235
-0.401226
-0.403126
-0.403587
-0.402529
-0.402936
-0.402412
-0.400211
-0.399377
-0.396762
-0.397545
-0.393039
-0.391301
-0.390223
-0.388719
-0.388184
-0.391342
-0.389852
-0.392021
-0.390437
-0.390784
-0.390834
-0.391835
-0.393496
-0.392047
-0.389893
-0.388662
-0.388061
-0.386831
-0.386442
-0.387456
-0.389594
-0.38841
-0.387487
-0.391485
-0.388511
-0.388193
-0.390251
-0.391751
-0.388968
-0.391557
-0.390837
-0.388033
-0.389753
-0.38908
-0.387225
-0.389118
-0.385343
-0.386204
-0.388037
-0.385118
-0.38508
-0.385648
-0.387367
-0.385049
-0.388047
-0.385819
-0.378808
-0.372741
-0.367907
-0.361274
-0.352416
-0.339291
-0.336158
-0.334791
-0.332648
-0.329252
-0.330669
-0.330852
-0.331662
-0.334937
-0.334606
-0.335711
-0.33569
-0.344562
-0.34527
-0.349615
-0.354361
-0.360219
-0.367905
-0.37324
-0.378004
-0.380473
-0.382001
-0.385073
-0.385586
-0.382913
-0.38169
-0.376289
-0.376641
-0.372768
-0.371162
-0.36825
-0.366804
-0.365951
-0.36717
-0.370401
-0.370432
-0.375151
-0.376899
-0.377975
-0.383223
-0.388598
-0.392078
-0.397456
-0.402897
-0.403471
-0.407837
-0.408662
-0.410239
-0.410024
-0.407928
-0.408413
-0.403577
-0.408218
-0.4039
-0.402582
-0.40098
-0.401836
-0.405008
-0.403858
-0.404386
-0.40641
-0.405679
-0.40516
-0.407881
-0.409502
-0.411947
-0.415095
-0.418465
-0.416555
-0.418299
-0.417864
-0.417779
-0.419014
-0.415924
-0.41704
-0.413883
-0.416538
-0.415888
-0.416422
-0.415756
-0.412692
-0.416347
-0.414879
-0.414922
-0.414578
-0.416715
-0.418428
-0.418696
-0.414823
-0.418797
-0.416792
-0.414989
-0.413715
-0.414972
-0.415508
-0.41255
-0.413882
-0.413776
-0.414791
-0.413198
-0.412591
-0.412884
-0.406217
-0.385147
-0.358423
-0.314739
-0.275795
-0.236933
-0.203905
-0.162532
-0.128221
-0.084818
-0.0354627
0.0221152
0.0729898
0.11756
0.143901
0.158286
0.174041
0.194734
0.214651
0.233505
0.248128
0.260165
0.271928
0.28275
0.286416
0.282882
0.288192
0.295355
0.302165
0.301892
0.306959
0.308602
0.312864
0.30685
0.307556
0.310412
0.311314
0.313892
0.310795
0.314423
0.315718
0.318421
0.320308
0.326636
0.332179
0.344307
0.367032
0.381795
0.395896
0.412173
0.430314
0.449962
0.458042
0.471212
0.486553
0.508715
0.533808
0.553
0.580045
0.60506
0.633054
0.65584
0.681473
0.710948
0.750393
0.775912
0.799203
0.816595
0.849756
0.880267
0.92347
0.947886
0.962905
0.970365
0.989298
1.00278
1.02188
1.03349
1.05021
1.05218
1.06661
1.08785
1.09351
1.10651
1.12896
1.14369
1.13865
1.13968
1.14737
1.15373
1.15588
1.17045
1.17778
1.19425
1.20951
1.21963
1.21979
1.24169
1.25595
1.27207
1.29617
1.30547
1.31677
1.32374
1.33348
1.35499
1.35688
1.34433
1.34573
1.35787
1.35373
1.33312
1.32912
1.32387
1.33283
1.34511
1.34343
1.3418
1.33859
1.34784
1.34238
1.34233
1.34515
1.36172
1.36053
1.37138
1.36994
1.37867
1.39278
1.38173
1.3874
1.39455
1.40582
1.41046
1.40913
1.43211
1.44485
1.45408
1.4547
1.46078
1.46132
1.48333
1.47991
1.47576
1.47526
1.47879
1.48252
1.47828
1.48915
1.49714
1.49666
1.48459
1.4761
1.4732
1.4748
1.4731
1.47764
1.47815
1.46929
1.46521
1.47362
1.45971
1.46364
1.46777
1.46534
1.46017
1.44378
1.43794
1.43662
1.43974
1.43181
1.43552
1.45057
1.43116
1.42896
1.41841
1.42533
1.43667
1.45463
1.45099
1.47179
1.4774
1.47695
1.4749
1.47267
1.45601
1.4627
1.47182
1.46219
1.47944
1.48895
1.48576
1.48649
1.50103
1.50543
1.5001
1.50868
1.52174
1.53672
1.53327
1.54946
1.56367
1.57229
1.57458
1.5731
1.56588
1.56123
1.55974
1.57496
1.60333
1.61746
1.62866
1.61983
1.62521
1.63744
1.63195
1.63991
1.65605
1.67399
1.66684
1.66314
1.67237
1.67975
1.66906
1.67978
1.68712
1.69788
1.66607
1.67289
1.67941
1.67974
1.67878
1.68144
1.68449
1.6893
1.68178
1.6704
1.64926
1.6449
1.62774
1.62506
1.63479
1.6432
1.63756
1.61741
1.59641
1.57408
1.56647
1.56993
1.58716
1.59215
1.60074
1.59974
1.59716
1.56711
1.55129
1.54892
1.55715
1.55213
1.54568
1.53798
1.51948
1.51128
1.50364
1.50272
1.46685
1.44815
1.43201
1.41992
1.41127
1.41047
1.40721
1.39833
1.40971
1.41445
1.4129
1.42181
1.38983
1.38431
1.38415
1.37086
1.36395
1.35238
1.33787
1.33694
1.34576
1.34072
1.32941
1.32368
1.30705
1.29041
1.28439
1.2676
1.27096
1.2665
1.26038
1.26037
1.25341
1.24361
1.23753
1.22283
1.21982
1.21828
1.20986
1.20623
1.192
1.19583
1.19452
1.19133
1.20045
1.20225
1.21746
1.21462
1.21146
1.20398
1.21884
1.21337
1.22194
1.2281
1.22876
1.24402
1.22254
1.22121
1.21674
1.21175
1.21857
1.20998
1.216
1.20916
1.19743
1.19618
1.18763
1.19036
1.20044
1.19801
1.20003
1.19943
1.18864
1.19414
1.18623
1.19878
1.19536
1.19469
1.18983
1.18831
1.18424
1.17078
1.16774
1.15665
1.16293
1.16135
1.15627
1.16487
1.15205
1.15662
1.15263
1.14887
1.14951
1.12601
1.12255
1.09587
1.08215
1.06392
1.04639
1.03496
1.02123
1.00968
0.994118
0.98683
0.986924
0.998465
1.01071
1.02087
1.0338
1.0754
1.13251
1.22822
1.36103
1.38917
1.37536
1.36529
1.34149
1.32403
1.32527
1.30836
1.2981
1.29108
1.25622
1.23418
1.19152
1.16611
1.12648
1.08556
1.06733
1.05721
1.05938
1.09155
1.13426
1.20726
1.31727
1.42106
1.49832
1.54933
1.56907
1.57046
1.56601
1.57976
1.58346
1.58598
1.55363
1.5182
1.42047
1.35031
1.29593
1.23684
1.19973
1.14882
1.09588
1.03393
0.979514
0.918739
0.867119
0.832681
0.794173
0.774119
0.768087
0.765302
0.760975
0.767312
0.769571
0.786306
0.799788
0.805821
0.815026
0.823662
0.817348
0.80772
0.810279
0.812545
0.811173
0.834748
0.864731
0.911656
0.96004
0.993426
1.02929
1.1176
1.18652
1.25705
1.30419
1.329
1.31806
1.30811
1.28344
1.28897
1.30144
1.29396
1.30873
1.31256
1.28616
1.26734
1.24442
1.22387
1.2314
1.22939
1.21745
1.21282
1.18408
1.18353
1.16746
1.17623
1.1678
1.17528
1.17345
1.17171
1.15897
1.13721
1.124
1.10133
1.0926
1.08659
1.08931
1.08612
1.07669
1.05044
1.02614
0.999223
0.974642
0.945158
0.950825
0.952021
0.95038
0.958098
0.947418
0.94097
0.919262
0.900178
0.859972
0.819076
0.776172
0.738213
0.720661
0.711322
0.713089
0.736607
0.746181
0.74328
0.744336
0.727958
0.708983
0.689349
0.6778
0.652112
0.645324
0.641612
0.641375
0.617941
0.588763
0.554499
0.523928
0.494177
0.455312
0.403139
0.344445
0.286579
0.235575
0.190009
0.148617
0.11286
0.0802091
0.0436902
0.0145154
-0.0186704
-0.0492577
-0.0671498
-0.0789819
-0.0912247
-0.102249
-0.118123
-0.136366
-0.144894
-0.146609
-0.142462
-0.141204
-0.146217
-0.153281
-0.158901
-0.168264
-0.169311
-0.17015
-0.172322
-0.173066
-0.172179
-0.170311
-0.169615
-0.170239
-0.169906
-0.172316
-0.171013
-0.176429
-0.179389
-0.181343
-0.180521
-0.180461
-0.180771
-0.181337
-0.181396
-0.183077
-0.184763
-0.183553
-0.186236
-0.187386
-0.186808
-0.186104
-0.188698
-0.18676
-0.188728
-0.187899
-0.188644
-0.186856
-0.191143
-0.192366
-0.188626
-0.190511
-0.191513
-0.192002
-0.189253
-0.190237
-0.190362
-0.190386
-0.19007
-0.192146
-0.191114
-0.19319
-0.193637
-0.189813
-0.193846
-0.192808
-0.191901
-0.19066
-0.193751
-0.192271
-0.194121
-0.19233
-0.193673
-0.192575
-0.193184
-0.193649
-0.191525
-0.192659
-0.195099
-0.194455
-0.194126
-0.194085
-0.193243
-0.192462
-0.190428
-0.193231
-0.193858
-0.194676
-0.194198
-0.193381
-0.196197
-0.195792
-0.192939
-0.19467
-0.19353
-0.194735
-0.194425
-0.193912
-0.195433
-0.193524
-0.194085
-0.195481
-0.194544
-0.19393
-0.195111
-0.193452
-0.194192
-0.195971
-0.196305
-0.196215
-0.196126
-0.19344
-0.196424
-0.195851
-0.196502
-0.1939
-0.197827
-0.195601
-0.196526
-0.194425
-0.196388
-0.194646
-0.195756
-0.195792
-0.19646
-0.196281
-0.196096
-0.19683
-0.196735
-0.195672
-0.196997
-0.19652
-0.1964
-0.194932
-0.197087
-0.196305
