-0.00437232
0.00742325
-0.00534821
-0.000433959
-0.0140269
0.0193291
-0.00428901
0.000325834
0.0107683
-0.0134177
0.0199879
0.0049043
0.00315194
0.00301509
-0.0170049
0.00295013
0.00717729
-0.0140964
0.00949897
0.0129825
0.0141216
0.0194846
-0.00456678
0.000719275
-0.00367968
0.0142611
-0.00366066
0.00975965
-0.00603989
0.00191808
-0.0129592
0.000159591
0.00697228
-0.00224793
0.0133797
-0.000120485
0.0114349
-0.0107743
0.00562568
-0.00399891
0.00372743
0.0111043
0.0114522
-0.00287119
0.0136675
-0.00557128
-0.00560332
0.00794244
0.0116876
0.00782656
-0.00521441
-0.00927028
0.00730441
-0.0101841
-0.000786007
0.00644946
-0.0226302
-0.0189981
0.0161266
0.013679
-0.00955961
0.00920655
0.011539
0.0147379
-0.00459363
0.00362587
0.0194341
0.000734922
0.0130659
0.0103438
0.0113387
-0.00355506
0.00381996
0.015192
0.00810679
-0.0127801
0.0229275
-0.0104525
-0.00813997
-0.00142047
-0.0118251
-0.0115404
0.00310762
0.0179299
0.00458158
-0.00828182
0.0146035
0.0123574
0.0168928
-0.00596874
0.0124173
0.0152911
-0.00135776
0.00210207
0.0027962
-0.00696028
-0.0126454
-0.0073017
0.0141616
0.0128701
0.0178149
0.00118989
0.0069073
0.00651117
0.00936932
0.00943217
0.0139513
0.0062148
0.0170704
0.0172038
0.0105556
-0.0305599
-0.0171576
-0.0144823
-0.00308267
-0.0106295
-0.0308744
0.000983495
-0.010631
-0.00865741
0.0128543
-0.0210004
0.00169612
-0.00568006
-0.0143123
0.00136967
-0.00193517
-0.00912368
0.0136595
0.0160133
-3.64501e-05
0.0119968
0.0453184
-0.00521913
0.00805888
-0.00309623
-0.0020163
-0.0185883
-0.0198002
-0.0354119
-0.0583192
-0.0540674
-0.0703631
-0.0700782
-0.0745876
-0.0841347
-0.111432
-0.137656
-0.231553
-0.227426
-0.262601
-0.252522
-0.270923
-0.260786
-0.269492
-0.315891
-0.328075
-0.358689
-0.320595
-0.352215
-0.339685
-0.39651
-0.445059
-0.434156
-0.41598
-0.432351
-0.44427
-0.422141
-0.411549
-0.444905
-0.474404
-0.457058
-0.454899
-0.478211
-0.497591
-0.476896
-0.462267
-0.483943
-0.534471
-0.554871
-0.559279
-0.560026
-0.537667
-0.506644
-0.487345
-0.529604
-0.516471
-0.482276
-0.466875
-0.48766
-0.50777
-0.533427
-0.561696
-0.541291
-0.538861
-0.504725
-0.518855
-0.540526
-0.531634
-0.54313
-0.576148
-0.539193
-0.587136
-0.580748
-0.564493
-0.589854
-0.51436
-0.479908
-0.509359
-0.461664
-0.456214
-0.495753
-0.53933
-0.550049
-0.547621
-0.562369
-0.559305
-0.533742
-0.496351
-0.49341
-0.513666
-0.502817
-0.451448
-0.451218
-0.466718
-0.530824
-0.544578
-0.555905
-0.534973
-0.538099
-0.543497
-0.57252
-0.603397
-0.59458
-0.565239
-0.527325
-0.55888
-0.432838
-0.372193
-0.321712
-0.301834
-0.291202
-0.287312
-0.247866
-0.172762
-0.135464
-0.0989694
-0.0882286
-0.0795038
-0.0709684
-0.0798415
-0.0350708
-0.0391052
-0.0216444
-0.00232995
-0.0143884
-0.00902126
0.00101219
-0.00215547
-0.00272728
-0.00977851
-0.0368571
-0.037768
-0.0301258
-0.00933964
-0.00878165
-0.0174408
0.000825308
-0.0369313
-0.0226773
-0.020346
-0.00732311
-0.0217789
-0.00627114
-0.0459681
-0.0345214
-0.0156894
-0.0194878
0.0117223
0.020946
-0.00728283
-0.00792669
0.00350697
-0.0123168
0.00380712
0.00157836
0.0126694
0.00362386
-0.00523183
0.00798005
0.0192653
0.00382254
-0.0111785
-0.018321
0.01008
-0.0134618
-0.0122478
-0.00761637
-0.0043466
0.00736555
-0.00563489
0.000452961
-0.00664992
0.0107217
0.00611954
0.00350324
0.00929176
-0.0192514
-0.0233631
0.00608905
0.0077744
0.00623272
0.0167235
0.00101004
0.0248505
-0.00434295
-0.00320428
-0.0217401
0.0100521
0.00823401
0.0018331
0.00157552
-0.00470429
0.0027537
0.00452846
0.00686112
0.0047075
0.00915959
-0.0142588
0.00333438
0.00891962
-0.00249815
-0.00468517
0.00371464
-0.00461045
0.0047941
0.00194376
-0.00567388
0.0126092
0.00772045
-0.00113508
0.00136967
0.0136618
0.00415039
-0.00549051
0.0142997
0.00790116
0.0166898
-0.00451506
-0.00716196
0.00981644
0.0125837
-0.00871352
-0.00762796
-0.00794543
-0.000586193
0.0131798
-0.0085277
-0.00559241
-0.00576635
-0.00336422
-0.0129159
0.000161024
0.00378241
0.00830201
-0.00746352
-0.0126574
0.0174872
0.00651767
-0.000607405
-0.00521173
-0.00765617
-0.00121263
0.00118522
-0.00668905
-0.00464201
-0.00594316
-0.00130023
0.00912245
-0.00650801
0.0046171
-0.00797049
0.0177437
0.000788957
-0.00393835
0.00183059
-0.0104863
-0.00671701
0.00490245
0.00266607
0.00707516
0.020985
0.0278712
-0.0188377
-0.0062928
-0.00332651
0.00543325
-0.0036071
0.00561493
-0.0213831
-0.0200403
0.0116027
0.0138525
0.018609
-0.00647302
0.00330716
0.00380935
0.00695722
-0.00939344
0.00929753
-0.0144097
0.00842373
0.00133777
0.00554428
0.00666442
-0.00693534
0.00263854
-0.00214357
0.0043874
-0.00998317
0.00758917
-0.000799993
-0.00942795
0.0122974
0.0153481
-0.00254857
0.0203079
-0.0191563
0.0062129
0.0359999
0.0129298
0.00860914
0.00191426
-0.00206262
-0.00603872
-0.000562597
-0.0106037
-0.00242026
-0.00168445
0.00254466
-0.00257343
0.0266274
0.0169773
0.00390608
0.0376703
0.0391843
0.0336034
0.0373287
0.0876094
0.0558607
0.0381128
0.0685006
0.168505
0.0830392
0.108896
0.0681066
0.0756702
0.0761705
0.127546
0.1147
0.134627
0.0982995
0.0704046
0.0564689
0.0824376
0.0758699
0.0692355
0.0889505
0.0908702
0.0915351
0.114536
0.112255
0.117435
0.123216
0.106723
0.118896
0.136654
0.165774
0.158503
0.188836
0.21704
0.201294
0.231507
0.227636
0.238187
0.265559
0.264046
0.261995
0.221012
0.231704
0.268212
0.278835
0.263988
0.231467
0.283547
0.2872
0.315076
0.268572
0.340302
0.379303
0.411242
0.367267
0.457722
0.456186
0.417108
0.470008
0.498588
0.465321
0.429683
0.455425
0.426502
0.424821
0.410273
0.464356
0.472333
0.463964
0.50263
0.504296
0.503119
0.523242
0.550968
0.522027
0.502196
0.469769
0.49412
0.472541
0.478905
0.460146
0.501822
0.482681
0.496798
0.533039
0.508939
0.520328
0.506504
0.492782
0.426762
0.458981
0.483975
0.457707
0.470804
0.504025
0.549588
0.557255
0.585817
0.610242
0.584618
0.563538
0.55432
0.494688
0.513123
0.382801
0.541614
0.555919
0.52494
0.567623
0.578758
0.605039
0.608765
0.572096
0.516408
0.472292
0.495603
0.516036
0.532055
0.585301
0.547035
0.589201
0.549724
0.529094
0.482897
0.469843
0.467878
0.45464
0.487749
0.528841
0.518782
0.51335
0.550304
0.538774
0.587957
0.542888
0.532856
0.483671
0.43983
0.506693
0.509417
0.555358
0.564347
0.599193
0.553306
0.561329
0.486798
0.478854
0.496127
0.461546
0.484701
0.461772
0.467526
0.506949
0.47472
0.438025
0.412901
0.442459
0.382971
0.412689
0.406136
0.386008
0.342705
0.35599
0.323279
0.323052
0.292791
0.264664
0.270679
0.264639
0.212474
0.231402
0.238735
0.133497
0.0856228
0.0110865
-0.0120106
-0.0613312
-0.0382298
-0.0466878
-0.0141122
-0.0352733
-0.0141701
0.00139865
-0.00738656
-0.000498805
-0.103008
-0.145113
-0.0151839
0.0148845
0.0437459
0.0176028
0.030566
0.204202
0.162817
0.289711
0.261149
0.200868
0.156581
0.0834011
0.194077
0.220181
0.248838
0.244189
0.252902
0.267136
0.254455
0.284327
0.265356
0.296929
0.322238
0.292852
0.306043
0.338324
0.305363
0.310473
0.258675
0.230342
0.178762
0.164397
0.15898
0.247161
0.244084
0.17057
0.216305
0.215803
0.216069
0.220546
0.243098
0.259064
0.258267
0.326032
0.332941
0.356119
0.377793
0.389564
0.402542
0.440864
0.439428
0.438666
0.436307
0.383522
0.411896
0.338633
0.326369
0.327662
0.3052
0.31323
0.338763
0.328374
0.327417
0.348745
0.34573
0.379262
0.372508
0.409672
0.434723
0.429482
0.408009
0.379747
0.367359
0.339683
0.381875
0.326207
0.327576
0.359108
0.391352
0.399042
0.398957
0.414714
0.399389
0.35731
0.392117
0.367137
0.370632
0.387369
0.324973
0.329132
0.279682
0.294566
0.298596
0.326367
0.317299
0.371669
0.360462
0.452579
0.494735
0.439535
0.387733
0.411008
0.364195
0.305851
0.267109
0.114526
0.0582885
-0.0369615
-0.0767747
-0.0836979
-0.0891329
-0.0665462
-0.01463
0.00364039
0.00537512
-0.0799199
-0.0788317
-0.0784545
-0.0675602
-0.0415662
-0.0695995
-0.0751063
-0.0449854
-0.0933992
-0.0510419
-0.0533238
-0.0737434
-0.0761268
-0.0602112
-0.063452
-0.0657319
-0.0453458
0.00436635
-0.045885
-0.0354598
-0.00180768
-0.00623283
0.0131298
-0.00375061
-0.00683141
0.0110045
0.00978974
-0.0114479
-0.00602725
-0.0509093
-0.0940802
-0.109283
-0.0666362
-0.0603529
-0.0946467
-0.0637979
-0.00763279
0.131962
0.220082
0.221272
0.165986
0.117681
0.0925909
0.0496929
-0.00386393
-0.0132691
-0.00063523
-0.00573195
-0.0373748
-0.0454018
-0.0688627
-0.126307
-0.244495
-0.256015
-0.210369
-0.0160393
0.0943986
0.103266
0.0252202
-0.019039
-0.0149217
0.248896
0.198688
0.024561
-0.103348
0.00415028
0.026051
-0.0159709
-0.0662953
-0.104685
-0.0537989
0.006386
0.0344068
0.0230247
0.018753
0.0327553
0.104105
0.0637642
-0.0174693
0.00501237
0.0062876
-0.0835692
-0.120973
-0.0202574
0.0156726
0.0649579
0.0991356
0.0102682
0.0215931
0.0657364
0.0617312
0.0244083
0.0243878
-0.0217052
-0.0538116
-0.00800784
0.00399
0.00777545
-0.0490276
0.0283987
0.00129015
0.00665052
0.00839619
0.0165171
-0.0111099
0.00286725
0.00941315
-0.0386436
-0.0523185
-0.0289602
-0.0177254
0.0105798
-0.0176458
0.0272021
0.0303936
0.0230533
0.0162645
0.0283289
0.0435786
0.0169482
0.0158865
0.0153454
-0.0111328
-0.0193422
-0.0125696
-0.0220341
-0.0461369
-0.022896
-0.00698834
0.000562417
-0.0022541
-0.00634043
-0.00314252
0.0289362
0.0252084
0.0411521
0.015289
0.0224094
0.0218041
0.023262
0.0161056
0.0117132
-0.00921362
-0.010366
-0.0204193
-0.000309389
0.00961995
-0.016476
-0.000481025
0.0138207
0.0418157
0.0190054
0.0161202
-0.00782256
0.0137347
-0.00219131
0.017404
0.00310469
-0.00723653
0.00581618
-0.0091415
-0.00206338
-0.0167917
-0.00348491
-0.0180373
-0.00772306
0.010154
-0.00491071
0.01279
0.0269334
-0.0598043
0.0494287
0.00461135
0.0133663
0.0113271
0.00422628
0.0100001
0.0134952
0.0758424
0.133605
0.0564151
0.102639
-0.00290231
-0.0459468
-0.00788611
0.0359505
-0.0149591
-0.0139473
0.00402797
-0.00739118
0.0139746
0.000438709
0.00730243
0.0340047
0.0426804
0.084387
0.175179
0.181943
0.149459
0.227109
0.308585
0.393571
0.41234
0.359744
0.422726
0.416375
0.400919
0.448699
0.504664
0.503439
0.48395
0.453812
0.447675
0.481771
0.447483
0.392544
0.395366
0.348321
0.330191
0.419487
0.454875
0.498926
0.478926
0.456811
0.380806
0.465454
0.433748
0.459298
0.442928
0.309728
0.29918
0.317792
0.351229
0.31013
0.369667
0.328182
0.35497
0.388388
0.349476
0.408124
0.420109
0.414908
0.379005
0.20398
0.1684
0.229367
0.166118
0.212239
0.205634
0.159021
0.165312
0.214649
0.161525
0.172207
0.188833
0.217682
0.228007
0.212062
0.21676
0.197818
0.222056
0.205787
0.17885
0.18754
0.162737
0.117824
0.12182
0.123819
0.116818
0.0970013
0.0607825
0.0377049
0.0503002
0.0689848
0.0810962
0.0966172
0.0656925
0.0525109
0.0277675
-0.0133706
-0.00453337
0.0169472
0.0175475
0.00341235
-0.00254545
0.00440273
-0.0126311
0.00674314
0.00641792
0.0100503
0.00193644
0.00737669
-0.0102274
-0.0098514
0.00498955
-0.00779326
0.00272936
-0.000685649
-0.0113523
-0.0234292
-0.0160991
-0.0162625
0.00487958
-0.0095103
-0.00392609
-0.00873272
0.00227786
-0.000331741
-0.00702839
-0.0202379
-0.00654523
-0.026812
-0.00564911
-0.0424054
-0.0351213
-0.0415162
-0.0249665
-0.0180692
-0.0358704
-0.0167667
0.00205813
-0.0102031
0.00467104
0.0231107
0.0319738
6.67516e-05
0.0245259
0.0124044
0.0273997
0.0285399
0.00264625
0.0183727
0.00910948
0.0140561
0.037806
0.0274197
0.0301591
-0.0114415
-0.0183425
0.016385
-0.0364501
-0.0483869
-0.0171388
-0.0123154
-0.0180317
-0.00757548
0.00770493
0.00539044
0.00983466
-0.00586993
-0.00248354
0.00272171
-0.00388624
0.0192191
0.0032833
0.00386397
-0.0144946
0.0149589
0.00788134
-0.0195489
-0.0134402
0.00381761
0.0164831
0.016637
0.0140471
0.0259068
-6.41705e-06
-0.0118235
0.00838328
-0.0218634
0.00161871
-0.00195533
-0.0103856
-0.00482228
0.0287835
0.0477789
0.0468333
0.0806068
0.107125
0.115454
0.0880992
0.0783515
0.045007
0.0769696
0.105506
0.0907877
0.109591
0.157225
0.188307
0.232262
0.281948
0.260715
0.245854
0.236467
0.303417
0.270691
0.297611
0.312647
0.295414
0.284911
0.277939
0.276386
0.255764
0.303662
0.260456
0.25744
0.25285
0.217804
0.142509
0.17858
0.214089
0.211528
0.201144
0.161681
0.176321
0.215509
0.234654
0.180326
0.202375
0.189479
0.184462
0.179106
0.171901
0.182124
0.188815
0.169745
0.162054
0.149813
0.162094
0.183215
0.169802
0.1741
0.17363
0.189344
0.191932
0.162667
0.141996
0.150748
0.185863
0.18163
0.200957
0.135142
0.150315
0.16365
0.205216
0.185763
0.16914
0.116499
0.193231
0.204288
0.191149
0.177049
0.192946
0.176027
0.176403
0.196698
0.215295
0.214029
0.203074
0.200204
0.222904
0.205228
0.237807
0.21839
0.225689
0.233122
0.191201
0.195655
0.2194
0.203656
0.134837
0.110054
0.120522
0.169889
0.188485
0.219419
0.17493
0.206904
0.253797
0.203429
0.262686
0.262559
0.294838
0.278794
0.294168
0.243946
0.228576
0.268649
0.244706
0.253808
0.272268
0.243541
0.243771
0.205622
0.254188
0.216951
0.178018
0.208872
0.225261
0.223722
0.187893
0.147656
0.165384
0.212102
0.202169
0.153181
0.174288
0.238249
0.20667
0.207589
0.234655
0.242269
0.259567
0.242005
0.273436
0.268411
0.277471
0.264466
0.275388
0.295109
0.277564
0.245677
0.242984
0.277157
0.18592
0.145779
0.163578
0.235769
0.209275
0.166918
0.205654
0.212701
0.202068
0.197257
0.216904
0.254659
0.261196
0.253481
0.277617
0.261317
0.27592
0.269259
0.295752
0.272204
0.315953
0.278572
0.305606
0.299636
0.306153
0.25555
0.2803
0.295018
0.289782
0.255283
0.292169
0.286158
0.328707
0.356951
0.366694
0.379859
0.330674
0.358069
0.388445
0.366685
0.405666
0.387711
0.353423
0.362532
0.287439
0.269479
0.268423
0.338515
0.287607
0.34965
0.339798
0.397047
0.38395
0.371582
0.467182
0.440223
0.432529
0.459415
0.477133
0.416016
0.404726
0.370821
0.397857
0.366966
0.365523
0.368841
0.384243
0.440066
0.44209
0.497408
0.478473
0.499663
0.451295
0.485455
0.464452
0.434809
0.385719
0.409538
0.42021
0.423125
0.424312
0.439218
0.452509
0.494224
0.481954
0.479537
0.474808
0.486893
0.450307
0.410729
0.424072
0.433446
0.465819
0.445189
0.471679
0.514392
0.526925
0.54637
0.504912
0.49184
0.514762
0.503289
0.436441
0.453678
0.426332
0.502181
0.53529
0.558449
0.568097
0.551826
0.542859
0.527287
0.509664
0.451789
0.440449
0.455854
0.424265
0.465342
0.508918
0.532857
0.552185
0.530691
0.529878
0.545336
0.553319
0.487297
0.49407
0.442451
0.448858
0.480833
0.517401
0.517092
0.55918
0.56219
0.563438
0.538907
0.523505
0.481685
0.461863
0.441119
0.498489
0.547325
0.557125
0.594661
0.593224
0.541576
0.592446
0.544787
0.492944
0.507025
0.502599
0.476888
0.553322
0.560179
0.544871
0.549771
0.587157
0.568184
0.599115
0.550009
0.494652
0.50395
0.478381
0.516379
0.536635
0.566695
0.594115
0.550533
0.58812
0.579222
0.472659
0.465256
0.493361
0.560641
0.55777
0.483934
0.441268
0.350136
0.358119
0.348358
0.373582
0.257874
0.247162
0.214421
0.246218
0.146331
0.193116
0.191151
0.154857
0.163995
0.167683
0.163605
0.156618
0.177369
0.155568
0.182245
0.179138
0.142203
0.149444
0.149349
0.13957
0.132871
0.110929
0.10444
0.123318
0.131997
0.122588
0.130506
0.146963
0.14167
0.128395
0.0822043
0.0685576
0.0316625
0.0231357
0.00712613
-0.0134192
-0.00869286
0.00301234
-0.00293355
0.00542588
-0.00441882
-0.02074
-0.00178852
0.00293468
0.0103104
0.00368683
0.0091202
-0.00080698
-0.01145
-0.0233605
-0.0120611
-0.00737026
-0.00520864
-0.00218412
-0.00842045
-0.016944
-0.00253548
-0.0216486
-0.0049995
-0.0107494
0.000389313
-0.021578
-0.00974112
0.008017
0.00122746
-0.0134512
-0.000147542
-0.0131919
-0.0130942
-0.00804429
-0.00588254
0.0153548
0.00449262
-0.00370403
0.000205511
0.00829542
-0.00497924
0.0139585
0.0219885
0.00853069
-0.00834268
0.00101911
0.0147181
0.00835322
0.0138107
0.00946941
0.0166029
-0.0113293
0.00877861
0.00145709
-0.00924157
-0.0123704
-0.00370936
0.00711145
0.00267466
0.0237873
0.000491828
-0.0388911
-0.0366542
-0.0206513
-0.0364841
-0.0250256
-0.0131701
-0.0188731
0.0042068
-0.00178524
-0.0231674
0.000804896
-0.00345289
0.0174548
0.0220399
-0.00224198
-0.00041743
0.00516278
0.00855566
0.00239718
0.012113
0.0324814
0.0403638
0.0272701
0.00532191
0.0251789
-0.00210024
0.0187385
0.00656226
0.0116794
-0.0112307
-0.0269115
-0.00677856
-0.00587234
-0.0104477
-0.0142119
0.000258837
0.0047
0.00599926
-0.00665968
0.00942328
0.00779751
-0.00574018
-0.000668035
0.0102978
0.0164806
0.0401259
0.00225791
0.0133088
0.00175036
0.00101683
0.00403473
-0.0137142
0.00422293
-0.00583299
0.0038802
-0.00219053
-0.0410227
-0.00115793
-0.00866513
0.0087457
-0.0152638
-0.0122836
-0.0053001
-0.0155571
0.0113711
-0.000132458
0.00120531
-0.00262248
0.000686656
0.00473926
0.0152238
0.0241251
0.0131118
-0.00491232
-0.00092236
-0.00762465
-0.00171055
0.0219123
-0.000215255
0.00382979
0.00596321
0.00214996
0.000387022
-0.00129604
0.0052193
0.00325653
0.00659198
0.0077121
-0.00209535
0.0252098
-0.00392087
0.00073516
0.0183525
-0.0184578
0.00480799
-0.00668166
-0.0163849
-0.0174627
0.00516805
-0.00306039
-0.0108293
0.0083697
0.0152207
0.0152648
-0.0135402
-0.00960249
-0.0109243
-0.0216797
-0.0743956
-0.11522
-0.177904
-0.143517
-0.146356
-0.161563
-0.155451
-0.204312
-0.176409
-0.241795
-0.284501
-0.21279
-0.171053
-0.0889939
-0.0608596
-0.0923256
-0.0899929
-0.0723056
-0.0599689
-0.051889
-0.0619716
-0.0940433
-0.0773699
-0.0802859
-0.0806994
-0.146935
-0.173668
-0.134978
-0.158934
-0.172035
-0.145614
-0.161745
-0.129593
-0.152969
-0.149106
-0.0992935
-0.106616
-0.125731
-0.144605
-0.118421
-0.13691
-0.160277
-0.192406
-0.159594
-0.195693
-0.233073
-0.244367
-0.229338
-0.245151
-0.290697
-0.242853
-0.214364
-0.242506
-0.270472
-0.292234
-0.287969
-0.273271
-0.315045
-0.316656
-0.301298
-0.279574
-0.310744
-0.356424
-0.3904
-0.377714
-0.377276
-0.389181
-0.436064
-0.461141
-0.416967
-0.423273
-0.429893
-0.397193
-0.403291
-0.427608
-0.434398
-0.392786
-0.415017
-0.391828
-0.380534
-0.419275
-0.434204
-0.422262
-0.487184
-0.485226
-0.429849
-0.411168
-0.467791
-0.475568
-0.452221
-0.404739
-0.465098
-0.471967
-0.391775
-0.405501
-0.448403
-0.473658
-0.472293
-0.468817
-0.53448
-0.502219
-0.502918
-0.484401
-0.495532
-0.490112
-0.459478
-0.446074
-0.455011
-0.487022
-0.485263
-0.464422
-0.474098
-0.456425
-0.469025
-0.478655
-0.489839
-0.455469
-0.425348
-0.458443
-0.453182
-0.425072
-0.418789
-0.495637
-0.509833
-0.495114
-0.485183
-0.47935
-0.519899
-0.479579
-0.473212
-0.453745
-0.450756
-0.459553
-0.463478
-0.466448
-0.436623
-0.494321
-0.544491
-0.512548
-0.463495
-0.532578
-0.489781
-0.480808
-0.505118
-0.445319
-0.419331
-0.4608
-0.477408
-0.486965
-0.450237
-0.477748
-0.481079
-0.446502
-0.478536
-0.458963
-0.480394
-0.471515
-0.435202
-0.446282
-0.487656
-0.450236
-0.484638
-0.494283
-0.455704
-0.463067
-0.445234
-0.468704
-0.442259
-0.421981
-0.421209
-0.436474
-0.417399
-0.394966
-0.450052
-0.431215
-0.459767
-0.458655
-0.45315
-0.442538
-0.467992
-0.454649
-0.380226
-0.414876
-0.397723
-0.357812
-0.412418
-0.458964
-0.422108
-0.466381
-0.458329
-0.462023
-0.441278
-0.454082
-0.479647
-0.477064
-0.425868
-0.435942
-0.49126
-0.449468
-0.407433
-0.465732
-0.481812
-0.463403
-0.434299
-0.413317
-0.463829
-0.495679
-0.466084
-0.509201
-0.502547
-0.462188
-0.436686
-0.457731
-0.502527
-0.508421
-0.494413
-0.500382
-0.517462
-0.467757
-0.459872
-0.448987
-0.46449
-0.460794
-0.482188
-0.455118
-0.480338
-0.451359
-0.473834
-0.453676
-0.477994
-0.526799
-0.488906
-0.472983
-0.461792
-0.475717
-0.485694
-0.429461
-0.396745
-0.462386
-0.482851
-0.457864
-0.456237
-0.473282
-0.509764
-0.433643
-0.458783
-0.491028
-0.484179
-0.4181
-0.461707
-0.448567
-0.450538
-0.436427
-0.398222
-0.434931
-0.472597
-0.476584
-0.463028
-0.432861
-0.397115
-0.414081
-0.400228
-0.40196
-0.388125
-0.376388
-0.377851
-0.416013
-0.413774
-0.433165
-0.465591
-0.434018
-0.39405
-0.440371
-0.43486
-0.383936
-0.409774
-0.327736
-0.377696
-0.357098
-0.372506
-0.387039
-0.348409
-0.380519
-0.390647
-0.385178
-0.42658
-0.399205
-0.372269
-0.393306
-0.349078
-0.335169
-0.324523
-0.350478
-0.3196
-0.337305
-0.3451
-0.369102
-0.342644
-0.334274
-0.361379
-0.342844
-0.373772
-0.361777
-0.354832
-0.34788
-0.319781
-0.324304
-0.312181
-0.376288
-0.341466
-0.339988
-0.340102
-0.376824
-0.345223
-0.378897
-0.371962
-0.357428
-0.394736
-0.378021
-0.37144
-0.336932
-0.342162
-0.356786
-0.346927
-0.351042
-0.346301
-0.331572
-0.323031
-0.345096
-0.346293
-0.352385
-0.356982
-0.379524
-0.377778
-0.375968
-0.361848
-0.340576
-0.338522
-0.320823
-0.325519
-0.316442
-0.313921
-0.293044
-0.273038
-0.265202
-0.311842
-0.316035
-0.317971
-0.3406
-0.343062
-0.317346
-0.360931
-0.359022
-0.341817
-0.368702
-0.299038
-0.323757
-0.255515
-0.292366
-0.231776
-0.277287
-0.252164
-0.211944
-0.258484
-0.240428
-0.273989
-0.254108
-0.243002
-0.313553
-0.321061
-0.321611
-0.332249
-0.363407
-0.413917
-0.490122
-0.540573
-0.485641
-0.446178
-0.406136
-0.345238
-0.365827
-0.359196
-0.401766
-0.400363
-0.351273
-0.355922
-0.286684
-0.281564
-0.244794
-0.261289
-0.242804
-0.205898
-0.223625
-0.254463
-0.317751
-0.339744
-0.429118
-0.508063
-0.55434
-0.544932
-0.548345
-0.508299
-0.480096
-0.504772
-0.521595
-0.535044
-0.500273
-0.474479
-0.396754
-0.383765
-0.270602
-0.210765
-0.217937
-0.221572
-0.222072
-0.218241
-0.163196
-0.131397
-0.111254
-0.107739
-0.109636
-0.0989341
-0.11057
-0.150949
-0.211897
-0.197339
-0.184295
-0.220165
-0.241474
-0.247922
-0.254618
-0.264014
-0.25708
-0.213465
-0.216399
-0.202649
-0.179453
-0.174084
-0.230856
-0.312349
-0.345877
-0.417837
-0.417896
-0.389408
-0.424272
-0.493528
-0.537253
-0.545097
-0.484521
-0.443813
-0.373276
-0.38234
-0.383753
-0.391942
-0.388389
-0.431279
-0.430384
-0.415934
-0.387354
-0.371279
-0.353202
-0.37755
-0.378465
-0.355516
-0.332156
-0.337866
-0.295634
-0.294749
-0.28809
-0.333743
-0.325843
-0.335396
-0.322497
-0.31423
-0.330628
-0.29804
-0.333598
-0.301498
-0.316691
-0.359307
-0.337892
-0.335324
-0.310586
-0.277318
-0.244195
-0.230442
-0.20308
-0.2149
-0.212333
-0.220101
-0.271202
-0.262614
-0.243757
-0.211993
-0.204583
-0.200296
-0.152576
-0.114139
-0.103006
-0.120467
-0.158982
-0.186447
-0.197896
-0.305489
-0.242734
-0.208558
-0.193197
-0.160911
-0.139749
-0.14616
-0.146771
-0.153078
-0.146229
-0.120993
-0.111648
-0.0657346
-0.0419365
-0.00898123
0.00855616
0.0648522
0.114266
0.178947
0.174284
0.152942
0.135763
0.140717
0.165798
0.149267
0.217284
0.176152
0.162971
0.150975
0.122474
0.0958097
0.0623828
0.0819579
0.0812111
0.0916576
0.0850091
0.0554656
0.01274
-0.00817548
0.00222485
0.0231395
0.0571703
0.0485229
0.0203479
0.011907
0.0102662
0.00651263
0.0131645
0.018832
0.0101044
0.00407058
-0.015135
-0.00696565
-0.00413093
-0.000465631
-0.00337135
0.0153494
0.0121618
0.00408596
-0.00473818
-0.0239016
-0.00121725
-0.000249024
-0.00196302
-0.00844745
-0.000199307
-0.0190077
-0.00704412
-0.00337728
0.00498642
0.00879025
-0.00859732
0.0147407
0.0193514
0.0084122
-0.00852306
-0.0187086
-0.0013311
-0.0113103
-0.00600513
8.57888e-05
-0.0175409
-0.0183311
-0.00416887
-0.00384623
-0.00214089
-0.00401732
0.00732208
-0.00821507
0.00813185
-0.0152051
-0.00742666
-0.00179821
-9.41083e-05
-0.0074843
-0.00354135
0.00804068
0.00582162
-0.00250854
0.000743976
0.0146394
0.00784715
0.00983492
-0.00291714
0.00336957
0.00851289
0.025411
0.00708664
0.0211663
0.00750399
-0.0162166
-0.00280106
0.01179
-0.0158634
-0.00359648
0.013577
0.00706087
0.000712978
0.012329
0.0157843
-0.00730919
-0.00935268
0.0160923
0.00329649
-0.0181011
-0.0223769
-0.0069675
0.0055427
-0.00302452
0.020285
-0.000367894
-0.000598826
0.00742668
-0.0143641
-0.00737167
0.00791268
0.00843623
-0.00618237
0.00769588
-0.00932094
-1.69789e-05
0.0170954
-0.00369832
-0.00357464
0.00867732
0.00384356
0.0103321
0.00108113
0.000829196
-0.0099086
0.0110937
0.00112553
0.00635654
-0.00688154
-0.00309617
-0.00888045
0.0185363
-0.00969996
-0.00630296
-0.00187387
0.00143872
-0.00799975
0.0108931
-0.00171028
