-0.919212
-0.919222
-0.919241
-0.919249
-0.919256
-0.919259
-0.919258
-0.919235
-0.919257
-0.919227
-0.919249
-0.919247
-0.919245
-0.919227
-0.919276
-0.919241
-0.919176
-0.919286
-0.919258
-0.919248
-0.919242
-0.919216
-0.919212
-0.919234
-0.919253
-0.919271
-0.919247
-0.919213
-0.919275
-0.919214
-0.919248
-0.919258
-0.919246
-0.919274
-0.919249
-0.919248
-0.919244
-0.919208
-0.919228
-0.919242
-0.919258
-0.91925
-0.919195
-0.919234
-0.919212
-0.919229
-0.91922
-0.919243
-0.919252
-0.919228
-0.91925
-0.919273
-0.919262
-0.919194
-0.919235
-0.919204
-0.919269
-0.919249
-0.919275
-0.919245
-0.919228
-0.919265
-0.919235
-0.919233
-0.919258
-0.919231
-0.919257
-0.919268
-0.919236
-0.919293
-0.919234
-0.91926
-0.919235
-0.919205
-0.919294
-0.919247
-0.919205
-0.919277
-0.919269
-0.919241
-0.91922
-0.919255
-0.919263
-0.919261
-0.919345
-0.919235
-0.919255
-0.919249
-0.91923
-0.919317
-0.919216
-0.919266
-0.919236
-0.919252
-0.919256
-0.919247
-0.919245
-0.919308
-0.919212
-0.919247
-0.919205
-0.919206
-0.919277
-0.919207
-0.919305
-0.919257
-0.919222
-0.919222
-0.919263
-0.919231
-0.919213
-0.919254
-0.919267
-0.919257
-0.919254
-0.919288
-0.919234
-0.919222
-0.919199
-0.919247
-0.919251
-0.919274
-0.919288
-0.919239
-0.919217
-0.91926
-0.919203
-0.919187
-0.919224
-0.919258
-0.919251
-0.919266
-0.919212
-0.919253
-0.919236
-0.919257
-0.919196
-0.91925
-0.919204
-0.919245
-0.919269
-0.919283
-0.919231
-0.919261
-0.919231
-0.91926
-0.919269
-0.919194
-0.919217
-0.919259
-0.919252
-0.919216
-0.919295
-0.91926
-0.919254
-0.919223
-0.919228
-0.919226
-0.919298
-0.919258
-0.919213
-0.919207
-0.919281
-0.919301
-0.919271
-0.919259
-0.919259
-0.91929
-0.919265
-0.919225
-0.919219
-0.919243
-0.919273
-0.919264
-0.919278
-0.919237
-0.919245
-0.91923
-0.91926
-0.91925
-0.919262
-0.919262
-0.919279
-0.919244
-0.919241
-0.919279
-0.91933
-0.919248
-0.919238
-0.919239
-0.91929
-0.919254
-0.919278
-0.919257
-0.919247
-0.91924
-0.919269
-0.919237
-0.919223
-0.919234
-0.919266
-0.919231
-0.919247
-0.919244
-0.91925
-0.919259
-0.919245
-0.919263
-0.919256
-0.919233
-0.919285
-0.919253
-0.919253
-0.919243
-0.919205
-0.919242
-0.919233
-0.919281
-0.919307
-0.919243
-0.919245
-0.919219
-0.919192
-0.919251
-0.919236
-0.919232
-0.919262
-0.919283
-0.91924
-0.91926
-0.919262
-0.919202
-0.919252
-0.919214
-0.919285
-0.919195
-0.919229
-0.919201
-0.919253
-0.919228
-0.919243
-0.919235
-0.919242
-0.919228
-0.919242
-0.919232
-0.919187
-0.919192
-0.919166
-0.919224
-0.919196
-0.919223
-0.919217
-0.919205
-0.919181
-0.919098
-0.91913
-0.919145
-0.91913
-0.919115
-0.919113
-0.919101
-0.91908
-0.919144
-0.919102
-0.919061
-0.919067
-0.919143
-0.919172
-0.919161
-0.919187
-0.919221
-0.919156
-0.91916
-0.919214
-0.919176
-0.919247
-0.919179
-0.91913
-0.919159
-0.919199
-0.919206
-0.919154
-0.919192
-0.919196
-0.919157
-0.919181
-0.919179
-0.919204
-0.919165
-0.919186
-0.91917
-0.91915
-0.919158
-0.919184
-0.919192
-0.919205
-0.919208
-0.919122
-0.919237
-0.919167
-0.919208
-0.919221
-0.919189
-0.919215
-0.919246
-0.919234
-0.919251
-0.91923
-0.919264
-0.919236
-0.919187
-0.919187
-0.919189
-0.919168
-0.919097
-0.919102
-0.919069
-0.91908
-0.919099
-0.919116
-0.918968
-0.918888
-0.918818
-0.918814
-0.918845
-0.918811
-0.918803
-0.918787
-0.9187
-0.918754
-0.918684
-0.91863
-0.918487
-0.918444
-0.918315
-0.918123
-0.917701
-0.916891
-0.91642
-0.915977
-0.915222
-0.914208
-0.912855
-0.911742
-0.910511
-0.909304
-0.908042
-0.906784
-0.905808
-0.904731
-0.903776
-0.902907
-0.902127
-0.901076
-0.899836
-0.898615
-0.897402
-0.896306
-0.895034
-0.893718
-0.892318
-0.891013
-0.889622
-0.888287
-0.885924
-0.884738
-0.883442
-0.882318
-0.881163
-0.87979
-0.878404
-0.876944
-0.875534
-0.873994
-0.872376
-0.870503
-0.868877
-0.867189
-0.865397
-0.86374
-0.861877
-0.859811
-0.85789
-0.855728
-0.853652
-0.851591
-0.849369
-0.847229
-0.845215
-0.843028
-0.840821
-0.838864
-0.836728
-0.834718
-0.832852
-0.830905
-0.828946
-0.827106
-0.825333
-0.823453
-0.82179
-0.820052
-0.81609
-0.814032
-0.8118
-0.809461
-0.807035
-0.80435
-0.801769
-0.798828
-0.795874
-0.792652
-0.789484
-0.786301
-0.783269
-0.780049
-0.776949
-0.773823
-0.770862
-0.767946
-0.7654
-0.762685
-0.760308
-0.757691
-0.755075
-0.752511
-0.749988
-0.747719
-0.745313
-0.742916
-0.740415
-0.737976
-0.735644
-0.733244
-0.730949
-0.728672
-0.726343
-0.724132
-0.721771
-0.719476
-0.717192
-0.712404
-0.709956
-0.707427
-0.704984
-0.702537
-0.700188
-0.697998
-0.695727
-0.693353
-0.69096
-0.688513
-0.685868
-0.683352
-0.680716
-0.678343
-0.676016
-0.673648
-0.67121
-0.668819
-0.666589
-0.664408
-0.662111
-0.660085
-0.658037
-0.656098
-0.65403
-0.651949
-0.650019
-0.64811
-0.646056
-0.644216
-0.642099
-0.640252
-0.637998
-0.636066
-0.63388
-0.629695
-0.627627
-0.625464
-0.623389
-0.621188
-0.619027
-0.616888
-0.614686
-0.612609
-0.610547
-0.608394
-0.606273
-0.604157
-0.602012
-0.599903
-0.597737
-0.595525
-0.593485
-0.591464
-0.589582
-0.587658
-0.585838
-0.584084
-0.582294
-0.580482
-0.578631
-0.576753
-0.574858
-0.572908
-0.570787
-0.568928
-0.566862
-0.564733
-0.562377
-0.560265
-0.558024
-0.553823
-0.551649
-0.549502
-0.547304
-0.544972
-0.542757
-0.54045
-0.537875
-0.535869
-0.533199
-0.530925
-0.528486
-0.526398
-0.523816
-0.521357
-0.519235
-0.517007
-0.514305
-0.512185
-0.509456
-0.506968
-0.504654
-0.502181
-0.499592
-0.497444
-0.495029
-0.492433
-0.490274
-0.487825
-0.485387
-0.483196
-0.481041
-0.478533
-0.476201
-0.473726
-0.468848
-0.466484
-0.464353
-0.461714
-0.45953
-0.456784
-0.454622
-0.451916
-0.449814
-0.447125
-0.444997
-0.442754
-0.439892
-0.4375
-0.434843
-0.431835
-0.429525
-0.426764
-0.424025
-0.421343
-0.418578
-0.415805
-0.413145
-0.410487
-0.407964
-0.405432
-0.402793
-0.400165
-0.397645
-0.395125
-0.392592
-0.390166
-0.38753
-0.385102
-0.382515
-0.377815
-0.37533
-0.372926
-0.370261
-0.367479
-0.364996
-0.362468
-0.359813
-0.357194
-0.354715
-0.351822
-0.349544
-0.346905
-0.34439
-0.341901
-0.339339
-0.337023
-0.334523
-0.33214
-0.329699
-0.327168
-0.324762
-0.32206
-0.319621
-0.316808
-0.313965
-0.311094
-0.308087
-0.305184
-0.302389
-0.29955
-0.296715
-0.293653
-0.290774
-0.288111
-0.283188
-0.280594
-0.278087
-0.27551
-0.272736
-0.270071
-0.267317
-0.26458
-0.261673
-0.258849
-0.255703
-0.252783
-0.249738
-0.247015
-0.244155
-0.241563
-0.238936
-0.236445
-0.233945
-0.231474
-0.229073
-0.226363
-0.223739
-0.220825
-0.217914
-0.215069
-0.212155
-0.209316
-0.206283
-0.203487
-0.200476
-0.197653
-0.194649
-0.191472
-0.188514
-0.185521
-0.179803
-0.176665
-0.173665
-0.17043
-0.167358
-0.164203
-0.161385
-0.158498
-0.155716
-0.153085
-0.150554
-0.147919
-0.14546
-0.143041
-0.140483
-0.138042
-0.135496
-0.132814
-0.130176
-0.127461
-0.124718
-0.121948
-0.11926
-0.116352
-0.113682
-0.110888
-0.108048
-0.105441
-0.102627
-0.0997294
-0.0967018
-0.0937465
-0.0906355
-0.0874049
-0.084406
-0.0815236
-0.0761018
-0.073237
-0.0703992
-0.0676325
-0.0648683
-0.0621449
-0.0593758
-0.0565285
-0.0539127
-0.0512919
-0.0485736
-0.0460308
-0.0433707
-0.0407171
-0.0379715
-0.0352506
-0.0325181
-0.0300203
-0.0273178
-0.0245852
-0.0220645
-0.0195657
-0.0171665
-0.0148192
-0.0125375
-0.0101727
-0.00771086
-0.0053737
-0.0030143
-0.000604011
0.00196486
0.00406859
0.00636291
0.00915323
0.0116731
0.0142595
0.0193204
0.0219852
0.0249004
0.0276415
0.030426
0.0331511
0.0358529
0.0386443
0.041242
0.0440119
0.0467467
0.049625
0.0523306
0.0552166
0.0580145
0.0608253
0.0637102
0.0666574
0.0696706
0.0722893
0.0751248
0.0778693
0.08072
0.0834935
0.0863801
0.0891882
0.0919835
0.0947592
0.0975346
0.100257
0.103007
0.10563
0.108264
0.110911
0.113201
0.115587
0.119901
0.122226
0.124354
0.126491
0.128785
0.13108
0.133435
0.135732
0.138216
0.140529
0.143001
0.145313
0.147735
0.150461
0.152852
0.155334
0.15764
0.160197
0.162629
0.165067
0.167529
0.169852
0.172495
0.174918
0.177378
0.179921
0.182309
0.184987
0.187575
0.190358
0.193185
0.195956
0.198923
0.201996
0.204962
0.210512
0.213295
0.216206
0.218915
0.221398
0.224049
0.226511
0.229058
0.231604
0.234027
0.236535
0.239022
0.241413
0.243786
0.246092
0.248416
0.250559
0.252705
0.254851
0.256875
0.258861
0.261003
0.262894
0.264916
0.266776
0.268654
0.27044
0.272545
0.274126
0.276142
0.278077
0.280024
0.281716
0.283757
0.285754
0.28755
0.289472
0.291647
0.29367
0.297614
0.299505
0.301503
0.303538
0.305622
0.307743
0.309837
0.312001
0.314139
0.316244
0.318448
0.320639
0.322708
0.324786
0.326953
0.329062
0.331088
0.333227
0.335266
0.337299
0.339423
0.341466
0.343578
0.345797
0.348007
0.350138
0.352327
0.354421
0.356517
0.358523
0.360703
0.36263
0.364435
0.366312
0.368182
0.370126
0.371945
0.375299
0.377137
0.379236
0.381357
0.383651
0.386134
0.388597
0.391336
0.394012
0.396713
0.399455
0.402282
0.40499
0.407762
0.410475
0.412993
0.415426
0.417801
0.42014
0.42248
0.424691
0.426944
0.429274
0.431582
0.433881
0.436223
0.438641
0.441182
0.44376
0.446371
0.448838
0.451317
0.454
0.45665
0.461365
0.463791
0.466228
0.468816
0.471312
0.473931
0.476571
0.479183
0.481922
0.48448
0.487257
0.489941
0.492717
0.495508
0.498256
0.501062
0.503587
0.506199
0.508597
0.511358
0.51394
0.516678
0.519419
0.522003
0.524735
0.527359
0.530077
0.532786
0.535597
0.538272
0.541017
0.54364
0.546397
0.549185
0.551971
0.554944
0.558039
0.563483
0.566538
0.569467
0.572493
0.575183
0.578036
0.580697
0.583549
0.586228
0.588884
0.59155
0.59403
0.596578
0.599107
0.601772
0.604446
0.607124
0.609827
0.612627
0.615496
0.618171
0.621159
0.624031
0.627115
0.629902
0.632895
0.635658
0.638674
0.641574
0.644606
0.64748
0.650381
0.653128
0.656004
0.658884
0.661757
0.664556
0.667696
0.673184
0.676172
0.67907
0.682159
0.685167
0.68815
0.690945
0.694043
0.696938
0.699969
0.702887
0.705905
0.708699
0.711588
0.714251
0.717239
0.719961
0.72275
0.725547
0.728294
0.731099
0.734017
0.736971
0.739942
0.743003
0.746111
0.749297
0.752429
0.755591
0.758766
0.761811
0.764862
0.767841
0.770828
0.773858
0.776859
0.779645
0.782572
0.785742
0.79126
0.79414
0.796983
0.799661
0.802536
0.805427
0.808475
0.811431
0.814525
0.817377
0.820524
0.823544
0.826767
0.829719
0.832902
0.83596
0.839061
0.841804
0.844627
0.847348
0.849945
0.852551
0.85512
0.857596
0.860282
0.862867
0.865545
0.868271
0.871017
0.873841
0.876914
0.87996
0.883086
0.886081
0.889252
0.892189
0.895223
0.901138
0.903875
0.90654
0.90917
0.911797
0.914292
0.916666
0.919139
0.921461
0.923827
0.926402
0.928734
0.931234
0.933723
0.93613
0.938715
0.941164
0.943715
0.946269
0.948737
0.95126
0.953752
0.956223
0.958534
0.960913
0.963307
0.965801
0.96824
0.97069
0.972916
0.975237
0.977609
0.98021
0.982414
0.984784
0.987232
0.989529
0.994292
0.995832
0.997439
0.998747
1.00023
1.00169
1.00281
1.00407
1.00541
1.0066
1.00777
1.00864
1.00946
1.01051
1.01156
1.01264
1.01365
1.01473
1.01569
1.01658
1.01751
1.01857
1.01878
1.01907
1.01927
1.01974
1.02022
1.02071
1.02124
1.02149
1.02163
1.02182
1.0221
1.02248
1.02284
1.02315
1.02343
1.0236
1.02387
1.02392
1.02407
1.02412
1.02417
1.02413
1.02416
1.02414
1.02408
1.02403
1.02388
1.02378
1.02355
1.0234
1.02332
1.02321
1.02315
1.02296
1.02283
1.02268
1.0225
1.02239
1.02214
1.02202
1.02184
1.02167
1.02146
1.02131
1.0211
1.02093
1.02079
1.02066
1.02048
1.02032
1.02015
1.02007
1.02002
1.01993
1.01984
1.01969
1.01959
1.01959
1.01948
1.01954
1.0195
1.01947
1.01941
1.01943
1.01932
1.01925
1.01911
1.01909
1.01895
1.01878
1.01868
1.01856
1.01844
1.0183
1.01824
1.01811
1.01801
1.01801
1.01795
1.0179
1.01788
1.01784
1.01792
1.01785
1.01782
1.01786
1.01779
1.01784
1.01788
1.01785
1.01784
1.01784
1.01788
1.01784
1.01782
1.01781
1.01785
1.01781
1.01782
1.01784
1.01779
1.01781
1.01779
1.01782
1.01783
1.01782
1.01778
1.01782
1.01777
1.01783
1.01782
1.01777
1.01782
1.01782
1.0177
1.0177
1.01766
1.01766
1.01764
1.01762
1.0176
1.01751
1.01741
1.01728
1.01721
1.0171
1.01707
1.01687
1.01665
1.01631
1.01577
1.01512
1.01406
1.01305
1.01179
1.01053
1.00937
1.0084
1.00725
1.00611
1.0049
1.00362
1.00207
0.999967
0.997716
0.995326
0.993098
0.991191
0.989508
0.988204
0.987088
0.986597
0.986453
0.986175
0.986028
0.985858
0.984986
0.984305
0.983693
0.983125
0.982635
0.982057
0.981491
0.981035
0.980594
0.98006
0.979655
0.979281
0.978977
0.978746
0.978387
0.978028
0.97767
0.977309
0.976909
0.976498
0.976115
0.975769
0.975457
0.97503
0.974675
0.97442
0.974154
0.973744
0.973571
0.973332
0.973228
0.973164
0.973098
0.973095
0.973058
0.973046
0.972964
0.972935
0.972851
0.972676
0.972488
0.972266
0.972095
0.972026
0.971778
0.971613
0.971428
0.971238
0.970791
0.970395
0.969827
0.969065
0.968325
0.967589
0.966765
0.965937
0.965395
0.964936
0.964572
0.964171
0.96383
0.963595
0.963494
0.9635
0.963483
0.963659
0.963797
0.964019
0.964446
0.964925
0.965787
0.966195
0.96653
0.966871
0.967442
0.9678
0.968126
0.968249
0.96838
0.968396
0.968454
0.968384
0.96833
0.968327
0.968347
0.968412
0.968579
0.968824
0.969096
0.969449
0.970029
0.970691
0.971461
0.972464
0.974191
0.975364
0.976653
0.977894
0.979002
0.979996
0.980959
0.981833
0.982549
0.983065
0.98347
0.983977
0.984528
0.986208
0.986208
0.988532
0.989752
0.991322
0.993041
0.994817
0.996349
0.997863
0.999535
1.0012
1.00277
1.00437
1.00599
1.00753
1.00909
1.01056
1.01182
1.013
1.014
1.01502
1.01627
1.01774
1.01918
1.02055
1.02205
1.02382
1.02547
1.0273
1.02917
1.03122
1.03336
1.03537
1.03758
1.03975
1.0419
1.04425
1.04655
1.04895
1.05128
1.05344
1.05594
1.06021
1.06239
1.06486
1.06722
1.06977
1.07218
1.07458
1.07701
1.07928
1.08163
1.08406
1.0865
1.08895
1.09127
1.09351
1.09575
1.09772
1.0997
1.10156
1.10336
1.10544
1.10769
1.11001
1.11215
1.11472
1.11686
1.1191
1.12133
1.12365
1.12587
1.12772
1.12979
1.13197
1.13428
1.13639
1.13876
1.14113
1.1436
1.14841
1.15074
1.15304
1.15528
1.15752
1.15979
1.16204
1.16445
1.16675
1.16903
1.17119
1.17343
1.17554
1.17749
1.17964
1.18197
1.18409
1.1865
1.18886
1.19108
1.19344
1.19555
1.19801
1.20006
1.2025
1.20479
1.20694
1.20922
1.21161
1.21406
1.21665
1.21891
1.2212
1.22372
1.22623
1.22883
1.23146
1.23405
1.23664
1.24155
1.24398
1.24637
1.24861
1.251
1.2534
1.25581
1.25756
1.25989
1.26199
1.26449
1.26666
1.26918
1.27133
1.27363
1.27586
1.27849
1.28071
1.28337
1.28586
1.28816
1.29032
1.2929
1.29508
1.29752
1.30007
1.30225
1.30492
1.30728
1.3095
1.31181
1.31425
1.31699
1.31945
1.32208
1.32693
1.32936
1.33216
1.33455
1.33688
1.33912
1.34139
1.34352
1.34577
1.34791
1.35011
1.35236
1.35458
1.35683
1.35897
1.36108
1.36329
1.36541
1.3675
1.36958
1.37214
1.37423
1.37668
1.37884
1.38106
1.38314
1.38531
1.38768
1.38978
1.39182
1.39387
1.39581
1.39746
1.39921
1.40087
1.40246
1.40378
1.40517
1.40767
1.40883
1.40979
1.41083
1.41178
1.41249
1.41344
1.41446
1.41519
1.41604
1.41694
1.41781
1.41869
1.41947
1.42025
1.42112
1.42183
1.42254
1.42328
1.42397
1.42483
1.42551
1.4262
1.42702
1.42782
1.42859
1.42943
1.4301
1.43079
1.43166
1.43266
1.43341
1.43412
1.43486
1.4354
1.436
1.43644
1.43743
1.4381
1.43882
1.43942
1.43986
1.44031
1.4407
1.44126
1.44183
1.44231
1.44263
1.44291
1.44315
1.4433
1.44337
1.44333
1.44335
1.44325
1.44322
1.44318
1.44319
1.4432
1.44322
1.44325
1.4432
1.44328
1.44323
1.44327
1.44329
1.44327
1.44323
1.44318
1.44304
1.44289
1.44267
1.44225
1.44194
1.44154
1.44113
1.44038
1.43993
1.43961
1.43929
1.439
1.43885
1.43868
1.43854
1.43848
1.43845
1.43844
1.43841
1.43829
1.43834
1.43825
1.43827
1.43824
1.4382
1.43814
1.43809
1.43811
1.43795
1.43795
1.43793
1.43781
1.43777
1.43774
1.43767
1.43762
1.43748
1.43727
1.43707
1.43696
1.43686
1.43667
1.43664
1.43647
1.43622
1.43614
1.43603
1.43587
1.4357
1.43554
1.43539
1.43514
1.43487
1.43452
1.43409
1.43367
1.43304
1.43216
1.43102
1.42973
1.42821
1.42573
1.42333
1.42099
1.41883
1.41681
1.4147
1.41259
1.41059
1.4086
1.40657
1.40466
1.4029
1.40112
1.39932
1.39739
1.39579
1.39413
1.39072
1.38916
1.38748
1.38555
1.3835
1.38161
1.37996
1.37848
1.37722
1.37591
1.37433
1.37278
1.37128
1.36964
1.36787
1.36594
1.36396
1.36204
1.36071
1.35919
1.35773
1.35653
1.35565
1.35494
1.35439
1.35376
1.35298
1.35218
1.35158
1.35058
1.34887
1.34705
1.34555
1.34421
1.34275
1.34134
1.33998
1.33878
1.33753
1.33501
1.33362
1.33196
1.3302
1.32851
1.32668
1.32462
1.32266
1.32072
1.31944
1.31774
1.31617
1.31456
1.31305
1.31148
1.30997
1.30822
1.3064
1.3047
1.30279
1.30084
1.29889
1.29697
1.29509
1.29305
1.29108
1.28886
1.28673
1.2845
1.28242
1.28009
1.27778
1.27561
1.27344
1.27089
1.26841
1.26586
1.26302
1.26048
1.25784
1.25315
1.25034
1.24755
1.2446
1.24164
1.23868
1.23576
1.2328
1.22984
1.22678
1.22392
1.22085
1.21778
1.21476
1.21172
1.20862
1.2056
1.2022
1.19912
1.19629
1.19368
1.19103
1.18836
1.1856
1.183
1.18046
1.17804
1.17556
1.17289
1.17024
1.16731
1.16438
1.16145
1.15844
1.15506
1.15191
1.14857
1.14237
1.13907
1.13592
1.13276
1.12922
1.12589
1.12298
1.11971
1.11644
1.11307
1.10978
1.10655
1.10334
1.09991
1.09658
1.0933
1.08984
1.08636
1.08292
1.07918
1.07533
1.07162
1.06776
1.06416
1.06027
1.05637
1.05249
1.04858
1.04477
1.04095
1.03711
1.03335
1.02955
1.02588
1.02231
1.01874
1.01506
1.01101
1.00745
1.00027
0.996331
0.992571
0.988827
0.984755
0.980763
0.976698
0.972632
0.968591
0.964518
0.960454
0.95666
0.952796
0.948889
0.94507
0.941242
0.937612
0.933888
0.930204
0.926438
0.922643
0.918903
0.914924
0.910958
0.907133
0.903256
0.89952
0.895698
0.891744
0.88803
0.884325
0.880458
0.876665
0.872915
0.869152
0.865147
0.861307
0.853897
0.850099
0.846517
0.842617
0.838849
0.834861
0.831121
0.827284
0.823258
0.819332
0.815277
0.811411
0.807606
0.803542
0.799548
0.795757
0.791772
0.787798
0.783933
0.779999
0.776242
0.772525
0.768568
0.764882
0.761209
0.757758
0.754291
0.750711
0.747217
0.743717
0.740329
0.736798
0.733154
0.729506
0.725833
0.722229
0.71851
0.714604
0.710701
0.706726
0.702745
0.698349
0.690337
0.686406
0.6825
0.678428
0.674427
0.670367
0.666427
0.66256
0.658427
0.65449
0.650573
0.646642
0.642837
0.639108
0.635507
0.632144
0.628719
0.625351
0.621896
0.618353
0.614973
0.611376
0.60779
0.603922
0.600195
0.596549
0.592859
0.589337
0.585591
0.581825
0.578394
0.574859
0.571457
0.567614
0.56384
0.560215
0.552851
0.549098
0.545277
0.541597
0.537852
0.534165
0.530485
0.526838
0.523487
0.520203
0.517072
0.514059
0.511287
0.50865
0.506281
0.503848
0.501217
0.498243
0.49518
0.491974
0.488779
0.485448
0.482182
0.478794
0.475555
0.472249
0.469069
0.46577
0.462894
0.460207
0.457904
0.455561
0.453434
0.451639
0.449651
0.447972
0.446431
0.443332
0.441174
0.438888
0.435899
0.432601
0.42896
0.425448
0.422215
0.418968
0.415878
0.412796
0.410041
0.407209
0.404525
0.401875
0.399002
0.396172
0.393242
0.390605
0.387863
0.38548
0.382914
0.380279
0.377247
0.374078
0.370742
0.367704
0.364617
0.361515
0.358443
0.355465
0.352534
0.349905
0.347172
0.344289
0.338638
0.335873
0.333093
0.330536
0.328014
0.32562
0.323208
0.320988
0.318875
0.316883
0.314861
0.312664
0.310524
0.30817
0.305977
0.303846
0.301839
0.300164
0.298687
0.297472
0.296207
0.295409
0.294907
0.294667
0.294526
0.294506
0.294612
0.294637
0.294638
0.294627
0.294592
0.294606
0.294639
0.294467
0.294464
0.294496
0.294506
0.294503
0.294542
0.294532
0.29467
0.2948
0.294884
0.295017
0.295091
0.295125
0.295094
0.294977
0.294844
0.294632
0.294438
0.294251
0.294151
0.294099
0.294085
0.29407
0.294084
0.294106
0.294096
0.294018
0.293877
0.293646
0.293495
0.293372
0.293219
0.293047
0.292889
0.292724
0.292516
0.292454
0.292313
0.292215
0.291912
0.2914
0.291107
0.290845
0.290733
0.29084
0.29125
0.291679
0.292271
0.292894
0.293644
0.294251
0.295151
0.295911
0.296189
0.296556
0.296836
0.297268
0.297669
0.297995
0.298159
0.298143
0.29811
0.297847
0.297586
0.296865
0.29622
0.295464
0.294714
0.294061
0.29367
0.293375
0.293178
0.293158
0.293184
0.293443
0.293811
0.294196
0.294511
0.294636
0.294375
0.294054
0.293702
0.293542
0.293531
0.293503
0.293483
0.2935
0.293518
0.293487
0.29352
0.293425
0.293141
0.292924
0.292874
0.29291
0.292834
0.292588
0.292111
0.291502
0.290842
0.290134
0.289453
0.288343
0.287114
0.285877
0.284439
0.283233
0.28214
0.281194
0.280233
0.27926
0.278202
0.277249
0.276202
0.275104
0.274084
0.272049
0.271219
0.270314
0.269622
0.269028
0.268556
0.267967
0.267218
0.266585
0.265776
0.26508
0.264292
0.263615
0.262902
0.26225
0.261437
0.260579
0.259685
0.258784
0.257999
0.257116
0.256252
0.255365
0.254377
0.253351
0.252351
0.251174
0.250101
0.248961
0.247876
0.246759
0.245712
0.244658
0.243703
0.241477
0.240468
0.239346
0.238447
0.23742
0.236317
0.235212
0.233894
0.232505
0.231007
0.229544
0.227995
0.226563
0.224943
0.223383
0.221697
0.220059
0.218419
0.216627
0.214958
0.213245
0.211562
0.209806
0.208147
0.206466
0.204924
0.20339
0.20194
0.200551
0.19918
0.198047
0.196811
0.195614
0.194529
0.193546
0.191994
0.191878
0.191318
0.191239
0.19114
0.191043
0.191088
0.191131
0.191122
0.191175
0.191203
0.191041
0.190705
0.190136
0.189746
0.189334
0.188812
0.188223
0.18743
0.18633
0.185199
0.184013
0.182868
0.181692
0.180715
0.17946
0.178103
0.176705
0.175409
0.174194
0.172878
0.171493
0.170083
0.168595
0.166968
0.165207
0.161766
0.160035
0.15818
0.15648
0.154513
0.152575
0.15066
0.148723
0.146815
0.145004
0.143107
0.141072
0.139023
0.136996
0.134988
0.133049
0.131154
0.12917
0.127035
0.1249
0.122616
0.120426
0.118053
0.115627
0.113117
0.110629
0.108329
0.106092
0.104022
0.101865
0.0997664
0.097522
0.09512
0.0928167
0.090487
0.0882848
0.0863432
0.081915
0.0794511
0.0769626
0.0747628
0.0723225
0.0700897
0.0679318
0.0654726
0.0629132
0.060309
0.0576406
0.0550753
0.0526852
0.0505547
0.0484619
0.0464235
0.0444678
0.0422707
0.0400781
0.0382102
0.036288
0.0347193
0.0331091
0.0314363
0.0295815
0.0275796
0.0256679
0.0236015
0.0217713
0.0199128
0.0177583
0.0156542
0.0135756
0.0113254
0.00900096
0.00636537
0.0035857
0.00084069
-0.0018336
-0.00683324
-0.00924134
-0.0118731
-0.0147792
-0.0176853
-0.0205439
-0.0232536
-0.0259721
-0.0287349
-0.0316396
-0.0342341
-0.037338
-0.0402813
-0.0430762
-0.045887
-0.0487581
-0.0519777
-0.0553485
-0.0586487
-0.0619966
-0.0651753
-0.0683325
-0.0716899
-0.0749566
-0.0784376
-0.0816739
-0.0848562
-0.0881092
-0.0913955
-0.094613
-0.0977383
-0.100919
-0.103989
-0.107158
-0.110202
-0.113414
-0.116519
-0.119709
-0.122768
-0.126005
-0.12919
-0.135564
-0.13865
-0.141789
-0.144939
-0.14803
-0.151282
-0.154317
-0.157488
-0.160759
-0.164038
-0.167372
-0.170396
-0.173244
-0.176141
-0.179066
-0.181924
-0.184796
-0.187633
-0.190422
-0.193253
-0.195848
-0.19895
-0.201519
-0.203833
-0.206323
-0.208729
-0.210869
-0.21345
-0.215923
-0.218094
-0.220574
-0.223071
-0.225631
-0.228053
-0.230241
-0.234451
-0.236763
-0.238674
-0.240491
-0.241914
-0.243469
-0.244757
-0.246174
-0.247372
-0.248033
-0.248399
-0.248525
-0.248861
-0.249029
-0.249568
-0.250022
-0.250646
-0.251014
-0.251546
-0.251979
-0.25206
-0.252302
-0.252502
-0.252801
-0.25288
-0.252921
-0.252906
-0.252827
-0.25271
-0.252522
-0.252402
-0.252038
-0.251721
-0.251312
-0.251032
-0.250795
-0.250358
-0.249291
-0.248718
-0.247873
-0.246281
-0.245518
-0.244783
-0.244312
-0.243937
-0.243617
-0.243467
-0.24298
-0.242571
-0.242301
-0.24189
-0.241206
-0.240661
-0.239813
-0.239105
-0.239117
-0.238813
-0.238735
-0.238492
-0.238545
-0.238294
-0.238032
-0.238003
-0.237576
-0.237302
-0.237333
-0.237272
-0.237302
-0.237484
-0.237652
-0.237756
-0.2378
-0.237685
-0.237469
-0.237252
-0.236927
-0.236607
-0.236472
-0.236439
-0.236445
-0.236486
-0.236485
-0.236561
-0.236661
-0.236624
-0.236665
-0.23652
-0.236312
-0.235908
-0.235468
-0.235189
-0.23496
-0.234815
-0.234593
-0.234358
-0.234426
-0.234359
-0.23423
-0.234108
-0.233993
-0.23395
-0.233831
-0.233465
-0.233059
-0.232829
-0.232646
-0.232337
-0.231883
-0.23142
-0.230872
-0.230453
-0.229936
-0.229596
-0.22927
-0.229001
-0.228894
-0.228861
-0.228801
-0.228641
-0.228315
-0.227839
-0.227465
-0.22723
-0.227212
-0.227105
-0.227139
-0.227289
-0.227465
-0.227691
-0.227908
-0.228244
-0.228783
-0.229281
-0.2298
-0.230019
-0.231079
-0.231051
-0.231096
-0.231084
-0.231129
-0.230966
-0.230709
-0.230162
-0.229885
-0.229592
-0.229351
-0.229111
-0.22904
-0.229084
-0.229383
-0.229817
-0.230789
-0.231737
-0.232213
-0.232797
-0.233281
-0.233705
-0.234246
-0.234563
-0.234683
-0.234661
-0.234715
-0.234555
-0.234313
-0.233814
-0.23336
-0.232463
-0.231397
-0.230791
-0.230028
-0.229447
-0.228981
-0.228781
-0.228791
-0.228914
-0.229221
-0.229623
-0.23018
-0.231354
-0.232274
-0.233488
-0.234138
-0.23457
-0.234589
-0.234566
-0.234594
-0.234604
-0.234823
-0.235062
-0.235493
-0.235942
-0.236565
-0.23708
-0.237317
-0.237545
-0.237815
-0.238057
-0.23842
-0.238792
-0.239512
-0.239979
-0.240825
-0.241635
-0.242496
-0.243061
-0.243438
-0.243662
-0.243621
-0.243706
-0.244022
-0.244465
-0.245157
-0.245935
-0.246597
-0.247026
-0.247847
-0.24819
-0.248644
-0.24922
-0.24997
-0.25078
-0.251541
-0.252095
-0.252465
-0.25266
-0.25288
-0.253103
-0.253399
-0.253735
-0.254159
-0.254681
-0.254992
-0.255259
-0.255311
-0.255337
-0.255284
-0.255169
-0.254851
-0.254643
-0.254537
-0.254508
-0.254668
-0.25517
-0.256063
-0.256776
-0.257653
-0.259056
-0.260327
-0.261764
-0.263137
-0.264357
-0.265357
-0.266964
-0.267673
-0.268302
-0.269039
-0.269939
-0.270711
-0.271427
-0.272099
-0.272702
-0.273413
-0.273741
-0.273987
-0.274099
-0.274199
-0.274462
-0.274894
-0.275622
-0.27644
-0.277478
-0.278449
-0.279515
-0.280448
-0.281328
-0.282088
-0.282443
-0.282784
-0.282958
-0.283028
-0.282973
-0.283075
-0.283057
-0.283131
-0.283131
-0.28305
-0.282981
-0.282801
-0.282785
-0.282807
-0.28301
-0.283395
-0.283815
-0.284401
-0.285011
-0.285904
-0.286944
-0.287863
-0.288575
-0.289027
-0.289292
-0.289369
-0.289235
-0.289305
-0.289299
-0.2894
-0.289456
-0.289548
-0.289512
-0.289568
-0.289589
-0.289597
-0.289599
-0.289553
-0.289605
-0.289617
-0.289763
-0.290051
-0.290211
-0.290392
-0.290536
-0.290779
-0.291278
-0.291919
-0.292579
-0.29329
-0.293745
-0.294147
-0.294736
-0.296216
-0.296938
-0.297731
-0.298478
-0.299328
-0.300202
-0.301178
-0.30228
-0.303465
-0.304474
-0.305507
-0.306618
-0.307994
-0.309568
-0.31125
-0.312776
-0.314343
-0.316051
-0.317838
-0.319666
-0.321584
-0.32351
-0.325432
-0.32705
-0.328831
-0.330362
-0.33181
-0.333009
-0.334453
-0.335778
-0.337045
-0.338384
-0.339487
-0.340662
-0.341803
-0.342747
-0.343639
-0.344349
-0.345204
-0.345216
-0.345461
-0.345469
-0.345374
-0.345423
-0.345379
-0.345406
-0.345398
-0.345639
-0.345908
-0.346114
-0.346543
-0.347024
-0.347691
-0.34843
-0.349262
-0.350064
-0.350964
-0.352226
-0.353608
-0.355075
-0.356379
-0.357635
-0.358869
-0.359899
-0.360761
-0.361629
-0.362229
-0.362808
-0.363277
-0.36362
-0.364216
-0.364932
-0.365512
-0.366118
-0.366637
-0.367284
-0.368302
-0.368822
-0.369228
-0.369622
-0.370023
-0.370562
-0.371112
-0.371992
-0.373076
-0.374025
-0.375013
-0.376003
-0.377022
-0.378247
-0.379341
-0.380199
-0.380929
-0.381664
-0.382251
-0.382841
-0.383803
-0.384648
-0.385398
-0.386295
-0.387074
-0.387791
-0.388613
-0.389522
-0.390769
-0.392038
-0.393022
-0.394051
-0.394752
-0.395204
-0.395575
-0.395773
-0.396585
-0.397296
-0.397898
-0.398433
-0.398819
-0.399132
-0.39955
-0.399982
-0.400501
-0.400812
-0.401027
-0.401041
-0.40102
-0.400907
-0.400769
-0.400664
-0.400415
-0.400246
-0.399891
-0.399601
-0.399143
-0.398941
-0.398878
-0.398854
-0.398871
-0.398845
-0.398938
-0.398918
-0.398961
-0.398958
-0.399126
-0.399205
-0.399236
-0.399221
-0.399332
-0.399226
-0.399293
-0.399203
-0.399152
-0.398895
-0.398683
-0.398474
-0.398172
-0.397764
-0.397475
-0.397108
-0.39665
-0.396173
-0.395968
-0.395971
-0.396014
-0.396065
-0.396042
-0.395826
-0.395165
-0.394348
-0.394027
-0.393702
-0.393163
-0.392559
-0.39214
-0.391841
-0.391493
-0.391094
-0.39091
-0.390561
-0.390184
-0.389815
-0.389398
-0.389147
-0.388384
-0.387942
-0.387699
-0.387334
-0.386592
-0.386104
-0.385221
-0.384849
-0.384742
-0.384264
-0.383736
-0.382697
-0.381949
-0.381478
-0.381004
-0.380815
-0.380633
-0.38056
-0.380438
-0.38011
-0.379738
-0.379454
-0.379346
-0.379391
-0.379426
-0.379457
-0.379539
-0.379509
-0.379622
-0.3797
-0.379791
-0.379804
-0.379785
-0.379805
-0.379837
-0.379914
-0.380234
-0.38074
-0.380983
-0.381106
-0.381184
-0.381195
-0.381199
-0.381146
-0.381202
-0.381119
-0.381012
-0.380867
-0.380814
-0.380521
-0.380193
-0.379876
-0.379658
-0.379524
-0.379378
-0.379171
-0.378897
-0.378593
-0.378333
-0.378185
-0.378101
-0.378012
-0.378045
-0.378037
-0.377993
-0.378042
-0.378028
-0.378053
-0.377998
-0.378008
-0.37802
-0.37804
-0.378202
-0.378342
-0.378413
-0.378389
-0.378334
-0.378266
-0.378326
-0.37824
-0.378163
-0.37816
-0.377902
-0.377765
-0.377623
-0.377504
-0.377526
-0.377567
-0.377584
-0.377577
-0.377553
-0.37753
-0.377595
-0.377537
-0.377574
-0.377592
-0.377618
-0.377658
-0.37784
-0.378056
-0.378306
-0.378599
-0.37889
-0.379103
-0.379156
-0.379071
-0.378938
-0.378501
-0.378307
-0.378553
-0.378516
-0.37849
-0.378647
-0.378659
-0.378613
-0.378274
-0.378085
-0.378058
-0.378035
-0.378112
-0.378047
-0.378023
-0.378057
-0.378083
-0.378171
-0.378435
-0.378653
-0.378853
-0.378872
-0.378857
-0.378795
-0.378858
-0.379336
-0.379724
-0.380056
-0.38029
-0.380904
-0.38252
-0.383732
-0.385448
-0.387609
-0.390056
-0.392807
-0.395296
-0.397925
-0.402767
-0.404711
-0.407079
-0.409075
-0.411127
-0.41334
-0.415467
-0.417633
-0.419562
-0.421685
-0.423812
-0.425793
-0.427645
-0.429585
-0.43163
-0.433792
-0.436128
-0.438087
-0.440469
-0.44289
-0.445077
-0.447311
-0.449581
-0.451914
-0.454413
-0.456736
-0.459337
-0.461748
-0.463903
-0.466156
-0.46842
-0.470441
-0.472772
-0.475201
-0.480143
-0.482583
-0.484933
-0.487336
-0.48993
-0.492498
-0.495136
-0.497912
-0.500434
-0.503097
-0.505756
-0.508317
-0.511007
-0.513585
-0.516151
-0.518608
-0.520954
-0.523177
-0.525047
-0.5269
-0.528753
-0.530623
-0.532384
-0.534367
-0.536359
-0.538445
-0.540586
-0.542964
-0.545256
-0.54778
-0.550228
-0.55273
-0.555089
-0.557232
-0.559474
-0.561868
-0.566735
-0.569183
-0.571736
-0.574415
-0.576934
-0.579755
-0.582499
-0.58515
-0.588033
-0.59105
-0.593899
-0.596815
-0.599693
-0.602525
-0.605587
-0.608573
-0.61168
-0.614533
-0.617601
-0.620657
-0.623872
-0.627086
-0.630329
-0.633368
-0.636343
-0.639266
-0.642484
-0.645632
-0.648761
-0.651478
-0.654253
-0.656894
-0.659771
-0.662337
-0.665224
-0.667823
-0.672812
-0.675336
-0.677957
-0.680523
-0.683191
-0.685747
-0.688295
-0.690859
-0.693478
-0.696101
-0.69873
-0.701235
-0.703721
-0.706202
-0.708685
-0.71132
-0.713889
-0.716404
-0.718809
-0.721325
-0.72388
-0.726469
-0.729052
-0.731419
-0.733986
-0.736394
-0.738705
-0.741017
-0.743236
-0.745372
-0.747646
-0.749619
-0.751752
-0.753757
-0.755562
-0.757517
-0.761274
-0.763061
-0.765014
-0.766901
-0.768495
-0.770171
-0.771872
-0.773665
-0.775631
-0.777435
-0.779283
-0.781197
-0.783076
-0.785063
-0.786769
-0.788719
-0.790654
-0.792656
-0.794771
-0.79703
-0.799193
-0.801617
-0.803877
-0.806118
-0.808327
-0.810619
-0.813211
-0.815787
-0.81841
-0.821037
-0.823522
-0.826048
-0.828329
-0.830765
-0.83318
-0.838165
-0.840109
-0.842196
-0.844359
-0.846047
-0.847722
-0.849428
-0.850923
-0.852227
-0.853494
-0.854686
-0.855843
-0.856997
-0.858131
-0.859339
-0.860698
-0.862299
-0.863891
-0.865388
-0.867115
-0.868936
-0.870663
-0.872488
-0.874346
-0.875896
-0.877251
-0.878821
-0.880386
-0.881861
-0.883292
-0.884958
-0.886648
-0.888271
-0.890008
-0.89344
-0.895237
-0.89719
-0.899175
-0.901267
-0.903426
-0.905865
-0.908005
-0.910314
-0.912399
-0.914412
-0.916337
-0.917831
-0.919192
-0.920704
-0.922357
-0.924263
-0.926049
-0.927735
-0.929343
-0.930541
-0.93137
-0.932517
-0.933957
-0.935344
-0.937025
-0.938156
-0.939305
-0.940901
-0.942177
-0.943303
-0.945619
-0.946436
-0.947396
-0.948236
-0.948842
-0.949396
-0.949915
-0.950307
-0.950665
-0.950917
-0.951215
-0.951514
-0.951736
-0.952057
-0.95241
-0.952646
-0.952934
-0.953542
-0.953949
-0.954367
-0.954919
-0.955465
-0.956007
-0.956572
-0.957091
-0.957645
-0.958418
-0.959055
-0.959641
-0.960286
-0.960782
-0.961155
-0.961501
-0.961858
-0.962165
-0.962382
-0.962563
-0.962817
-0.963125
-0.96347
-0.964261
-0.964953
-0.96587
-0.966767
-0.967788
-0.968824
-0.969875
-0.970967
-0.972288
-0.973581
-0.97467
-0.976008
-0.977415
-0.978905
-0.980473
-0.982512
-0.984222
-0.985612
-0.987348
-0.989254
-0.990926
-0.992481
-0.994443
-0.996212
-0.99775
-0.99911
-1.00055
-1.00221
-1.00378
-1.00528
-1.00682
-1.00849
-1.01032
-1.01228
-1.01436
-1.01659
-1.019
-1.02128
-1.02609
-1.02879
-1.03167
-1.03445
-1.03735
-1.04019
-1.0429
-1.04571
-1.04842
-1.05085
-1.05348
-1.05591
-1.05829
-1.06056
-1.06259
-1.06475
-1.06695
-1.06921
-1.07131
-1.07354
-1.07566
-1.07766
-1.0796
-1.08154
-1.08347
-1.0853
-1.08676
-1.08844
-1.08997
-1.0913
-1.09246
-1.09352
-1.09459
-1.09563
-1.09651
-1.09745
-1.09887
-1.09957
-1.10023
-1.10088
-1.10157
-1.10226
-1.10285
-1.10341
-1.10375
-1.10414
-1.10455
-1.10491
-1.10518
-1.10534
-1.10542
-1.10548
-1.10541
-1.10538
-1.10538
-1.10537
-1.10527
-1.10521
-1.1052
-1.10523
-1.10533
-1.10535
-1.10532
-1.10531
-1.10512
-1.1048
-1.10458
-1.10407
-1.10365
-1.10317
-1.10239
-1.1012
-1.0998
-1.09868
-1.09854
-1.09843
-1.0984
-1.09849
-1.09842
-1.09831
-1.09829
-1.09822
-1.0982
-1.09825
-1.09851
-1.09894
-1.09947
-1.10032
-1.10072
-1.10089
-1.10084
-1.10083
-1.1008
-1.10059
-1.10035
-1.10006
-1.09974
-1.09932
-1.09888
-1.09873
-1.09861
-1.09856
-1.09861
-1.0987
-1.09894
-1.09927
-1.10002
-1.10061
-1.10126
-1.10225
-1.10515
-1.10707
-1.10923
-1.11141
-1.11356
-1.11581
-1.11791
-1.12
-1.12198
-1.12345
-1.12489
-1.12614
-1.12737
-1.12845
-1.12936
-1.13013
-1.13086
-1.13173
-1.13234
-1.13304
-1.13369
-1.13429
-1.13494
-1.13546
-1.13604
-1.13655
-1.13709
-1.13766
-1.13823
-1.13886
-1.13955
-1.14032
-1.14116
-1.14187
-1.14264
-1.14433
-1.14534
-1.14638
-1.14732
-1.14826
-1.14921
-1.15015
-1.15108
-1.15193
-1.15269
-1.15341
-1.15394
-1.15441
-1.15492
-1.15545
-1.15587
-1.15619
-1.15649
-1.15662
-1.15666
-1.15673
-1.15686
-1.15691
-1.15706
-1.15732
-1.15765
-1.1579
-1.15816
-1.15841
-1.15856
-1.15903
-1.1595
-1.15985
-1.16016
-1.16052
-1.16098
-1.16189
-1.16235
-1.1628
-1.16323
-1.16358
-1.16395
-1.1643
-1.16487
-1.16541
-1.16599
-1.16666
-1.16748
-1.16844
-1.16953
-1.17052
-1.17151
-1.17238
-1.17334
-1.17432
-1.17519
-1.17617
-1.17717
-1.17806
-1.17888
-1.1796
-1.18039
-1.18115
-1.18202
-1.1828
-1.18354
-1.18412
-1.18461
-1.18527
-1.1859
-1.18652
-1.18698
-1.18744
-1.18802
-1.18837
-1.18875
-1.18905
-1.18917
-1.18925
-1.18932
-1.1893
-1.18944
-1.18946
-1.18946
-1.18952
-1.18948
-1.18948
-1.18949
-1.18951
-1.18947
-1.18943
-1.18921
-1.18892
-1.18855
-1.18814
-1.18766
-1.18698
-1.18564
-1.18438
-1.18336
-1.18223
-1.18116
-1.18015
-1.17885
-1.17816
-1.17784
-1.17725
-1.17674
-1.17642
-1.17626
-1.17612
-1.17605
-1.17584
-1.17564
-1.17535
-1.17506
-1.17467
-1.17416
-1.17337
-1.17329
-1.17279
-1.17235
-1.17199
-1.17117
-1.17009
-1.16892
-1.16745
-1.166
-1.16411
-1.16205
-1.15949
-1.15654
-1.15388
-1.15143
-1.14879
-1.14662
-1.14359
-1.14093
-1.13798
-1.13541
-1.13336
-1.13185
-1.13063
-1.1296
-1.12848
-1.12753
-1.12527
-1.12384
-1.12227
-1.12066
-1.11896
-1.11725
-1.11546
-1.11359
-1.11173
-1.1099
-1.10778
-1.10576
-1.10356
-1.10126
-1.09909
-1.09679
-1.09448
-1.09233
-1.09025
-1.08825
-1.08645
-1.08462
-1.08281
-1.08096
-1.07918
-1.07742
-1.07576
-1.07419
-1.07237
-1.07061
-1.06885
-1.06711
-1.06502
-1.06303
-1.06094
-1.05871
-1.05427
-1.05185
-1.04953
-1.04748
-1.04549
-1.04349
-1.04131
-1.03922
-1.0369
-1.03448
-1.03217
-1.02973
-1.02729
-1.02481
-1.02223
-1.01978
-1.01714
-1.01467
-1.01248
-1.00975
-1.00803
-1.00595
-1.00442
-1.00313
-1.00198
-1.00101
-1.0001
-0.999291
-0.998579
-0.997926
-0.997432
-0.996943
-0.996342
-0.995831
-0.995369
-0.994901
-0.994403
-0.99384
-0.993317
-0.992599
-0.991257
-0.990524
-0.989809
-0.989311
-0.988822
-0.988434
-0.988041
-0.987622
-0.987341
-0.987153
-0.986951
-0.986737
-0.986652
-0.986395
-0.986242
-0.986024
-0.985847
-0.985649
-0.985481
-0.985443
-0.985407
-0.985326
-0.985284
-0.985218
-0.985176
-0.985185
-0.985217
-0.985209
-0.985122
-0.985164
-0.985116
-0.985124
-0.985023
-0.984993
-0.984993
-0.984951
-0.984993
-0.984962
-0.984964
-0.985015
-0.98495
-0.984958
-0.984959
-0.984842
-0.98464
-0.984177
-0.983904
-0.983654
-0.983483
-0.983279
-0.983142
-0.983029
-0.982953
-0.98292
-0.982977
-0.982972
-0.982882
-0.982924
-0.982968
-0.982931
-0.983033
-0.983122
-0.983177
-0.983177
-0.983258
-0.983363
-0.983357
-0.983401
-0.983364
-0.983399
-0.983306
-0.983205
-0.983045
-0.98306
-0.982962
-0.982895
-0.982884
-0.982854
-0.982891
-0.982916
-0.982988
-0.983063
-0.983154
-0.983247
-0.983256
-0.983197
-0.983161
-0.983066
-0.983048
-0.98303
-0.983005
-0.98287
-0.982694
-0.982546
-0.982489
-0.982467
-0.982467
-0.982463
-0.982398
-0.982407
-0.982416
-0.982428
-0.982442
-0.982378
-0.982396
-0.982408
-0.982406
-0.982381
-0.982266
-0.982247
-0.982197
-0.982171
-0.982133
-0.982101
-0.982015
-0.981897
-0.981624
-0.981515
-0.981509
-0.981472
-0.98149
-0.981477
-0.981445
-0.981471
-0.981481
-0.981446
-0.981474
-0.981406
-0.981323
-0.981293
-0.981304
-0.981299
-0.981317
-0.981259
-0.981128
-0.980739
-0.98038
-0.980014
-0.979672
-0.979241
-0.978274
-0.976983
-0.975179
-0.973193
-0.971122
-0.966165
-0.963344
-0.960438
-0.95733
-0.954278
-0.951156
-0.948282
-0.945337
-0.942901
-0.94095
-0.939644
-0.938974
-0.938713
-0.938646
-0.938597
-0.938638
-0.938485
-0.938284
-0.937693
-0.936502
-0.934805
-0.932533
-0.929977
-0.926934
-0.923194
-0.919101
-0.914659
-0.911203
-0.910353
-0.908512
-0.906846
-0.903695
-0.900458
-0.896959
-0.893664
-0.890268
-0.887264
-0.884494
-0.882133
-0.879063
-0.878086
-0.877279
-0.876683
-0.876278
-0.875897
-0.875056
-0.874224
-0.87318
-0.872161
-0.871281
-0.870511
-0.86987
-0.869541
-0.869444
-0.86944
-0.869394
-0.869424
-0.869608
-0.869755
-0.870022
-0.870255
-0.870552
-0.870796
-0.871116
-0.871409
-0.871776
-0.872096
-0.872384
-0.87259
-0.872812
-0.873259
-0.873726
-0.875028
-0.876106
-0.876765
-0.877638
-0.878503
-0.879409
-0.88033
-0.881244
-0.882571
-0.884296
-0.885198
-0.885994
-0.886099
-0.886544
-0.886908
-0.887317
-0.887717
-0.887935
-0.888035
-0.888147
-0.888264
-0.888244
-0.888305
-0.888362
-0.888414
-0.888489
-0.88868
-0.888803
-0.88895
-0.88903
-0.88906
-0.88908
-0.889111
-0.88906
-0.889079
-0.888992
-0.889045
-0.889107
-0.889318
-0.889583
-0.889744
-0.889796
-0.889778
-0.88981
-0.889835
-0.889985
-0.890025
-0.890097
-0.890067
-0.890111
-0.890093
-0.8902
-0.890366
-0.890499
-0.890571
-0.890638
-0.890621
-0.890649
-0.890741
-0.890745
-0.890808
-0.890797
-0.890785
-0.890721
-0.890744
-0.890807
-0.890721
-0.890817
-0.890831
-0.890786
-0.890841
-0.890789
-0.890798
-0.890818
-0.890806
-0.890812
-0.890741
-0.890774
-0.890738
-0.890834
-0.89078
-0.890804
-0.890801
-0.89079
-0.890855
-0.890813
-0.890806
-0.890838
-0.890771
-0.890753
-0.890768
-0.890858
-0.890796
-0.890759
-0.890842
-0.890771
-0.890829
-0.890805
-0.890797
-0.89081
-0.890766
-0.890812
-0.890825
-0.890818
-0.890793
-0.890761
-0.890819
-0.890809
-0.890814
-0.890788
-0.890735
-0.890791
-0.890795
-0.890749
-0.89075
-0.890752
-0.890807
-0.890785
-0.890741
-0.890821
-0.89079
-0.890807
-0.890785
-0.890822
-0.890754
-0.89077
-0.890815
-0.89079
-0.890799
-0.890754
-0.890795
-0.890822
-0.89079
-0.890787
-0.890828
-0.890767
-0.890792
-0.890774
-0.890798
-0.890811
-0.890765
-0.890844
-0.890785
-0.890799
-0.89083
-0.890796
-0.890808
-0.890802
-0.890757
-0.890806
