0.0870035
0.0854731
0.0860959
0.0881465
0.0880919
0.0854798
0.0884099
0.0854284
0.0881233
0.086028
0.085922
0.0873
0.0855145
0.0875601
0.0870764
0.0867899
0.0854649
0.0889169
0.0871162
0.0878152
0.0869638
0.0861207
0.0862714
0.0900204
0.0878633
0.0877274
0.0858193
0.0865166
0.0882658
0.0875899
0.0855692
0.087633
0.0846567
0.0893245
0.0871245
0.0882111
0.08731
0.0862217
0.0855874
0.0871079
0.0877887
0.0868561
0.0851204
0.0870251
0.0872222
0.0872437
0.0860677
0.0862946
0.0864917
0.0867534
0.0882708
0.0882244
0.0870665
0.0849316
0.0861075
0.0855179
0.0881631
0.0868611
0.0907677
0.0873265
0.0856123
0.0859087
0.0879262
0.0858425
0.0880024
0.0868578
0.0883337
0.086182
0.0884083
0.0897967
0.0862085
0.0870748
0.087252
0.0864884
0.0879063
0.0868677
0.0865298
0.0886899
0.0873613
0.0882509
0.0875121
0.0872156
0.0891853
0.0873149
0.0921134
0.0856868
0.0878367
0.0857514
0.0847958
0.0879212
0.0861273
0.0869936
0.0862085
0.0874541
0.0859253
0.0878119
0.0867998
0.0905904
0.084925
0.0869737
0.0838519
0.0875436
0.0866574
0.0861837
0.0890991
0.0866425
0.0871228
0.0860843
0.0883553
0.0871228
0.0865033
0.0865315
0.0878367
0.0886551
0.086548
0.0880206
0.0880736
0.0850757
0.0858905
0.0873116
0.0881499
0.087411
0.0871228
0.0894057
0.085334
0.086548
0.0854367
0.0860263
0.0879229
0.0886104
0.0895763
0.0854086
0.0860545
0.0866789
0.0863907
0.086187
0.0846252
0.0872321
0.0871162
0.0871013
0.0888887
0.0890345
0.0879378
0.0872503
0.0882045
0.0866805
0.0874657
0.0860644
0.0862698
0.0875204
0.0881747
0.0873961
0.0876496
0.0860412
0.0884944
0.0859965
0.0876777
0.0869257
0.088844
0.088289
0.0856437
0.0869025
0.0881184
0.086654
0.0875866
0.0866838
0.0863807
0.0878285
0.0848057
0.0857729
0.0876313
0.0886916
0.0901248
0.0872686
0.0873381
0.0875634
0.0851171
0.0862101
0.0890544
0.0870317
0.0855493
0.0880538
0.0880339
0.0866938
0.0871443
0.0882111
0.0901811
0.0868611
0.0867948
0.0845342
0.089341
0.0853688
0.0850045
0.0875684
0.0865099
0.0877208
0.0872503
0.0852943
0.0857481
0.0876198
0.0885524
0.0856454
0.0873663
0.0892748
0.0862201
0.0868545
0.0855758
0.0889053
0.088062
0.086505
0.0876711
0.0867236
0.0884381
0.085286
0.0859054
0.0876893
0.086818
0.0877771
0.0862598
0.0839827
0.0870251
0.0863625
0.0848306
0.0853738
0.0862333
0.0879328
0.0861886
0.0880604
0.0839115
0.0879461
0.0883536
0.0860694
0.0873299
0.0851088
0.0878914
0.0869224
0.0849283
0.084925
0.0873133
0.0857249
0.0867418
0.0872106
0.0858673
0.0856288
0.0891737
0.0864404
0.0849465
0.086601
0.0873729
0.0856686
0.0844961
0.0877341
0.0867683
0.0878947
0.0836085
0.0827989
0.0839927
0.0837724
0.0839132
0.0823634
0.083231
0.084145
0.0844116
0.0846054
0.0805706
0.0825041
0.083289
0.0837907
0.0854947
0.0859534
0.0851204
0.0879328
0.0834694
0.0841284
0.0856189
0.0830108
0.0860164
0.086076
0.0835125
0.0852479
0.0866689
0.0862714
0.0842626
0.0859501
0.0880968
0.0838254
0.0857762
0.0838784
0.0866143
0.0824826
0.0825704
0.0862747
0.0842394
0.0841715
0.0864006
0.0859054
0.085869
0.0851055
0.0830522
0.0880389
0.085122
0.0873183
0.0854003
0.0842825
0.0863344
0.0891952
0.0864751
0.086982
0.0866159
0.0888804
0.0860644
0.0839181
0.0848687
0.0843503
0.0860528
0.082572
0.0837459
0.0803008
0.0820654
0.0847147
0.0820373
0.0805838
0.078889
0.0772622
0.0751642
0.0745687
0.0747589
0.0750187
0.0766599
0.0748301
0.0764134
0.070862
0.0720263
0.0663565
0.0654408
0.0632905
0.0601756
0.0596882
0.060012
0.0498596
0.0412815
0.0222301
0.00601795
-0.0089642
-0.0257387
-0.049768
-0.0670187
-0.0884811
-0.102917
-0.105714
-0.112201
-0.117685
-0.122154
-0.128049
-0.138424
-0.147326
-0.155311
-0.163461
-0.170351
-0.177037
-0.18307
-0.194231
-0.208011
-0.21733
-0.216802
-0.225759
-0.225152
-0.227874
-0.224467
-0.220401
-0.221676
-0.223435
-0.226617
-0.225704
-0.230684
-0.24262
-0.254376
-0.257736
-0.260796
-0.269383
-0.275233
-0.2811
-0.290552
-0.296934
-0.312411
-0.319445
-0.327001
-0.341587
-0.350851
-0.354732
-0.365524
-0.375853
-0.37768
-0.382155
-0.391754
-0.390424
-0.389549
-0.395481
-0.392888
-0.39782
-0.396006
-0.399094
-0.393435
-0.407206
-0.410058
-0.418433
-0.428807
-0.450772
-0.470418
-0.487688
-0.508587
-0.527088
-0.555202
-0.572678
-0.59594
-0.607146
-0.617847
-0.631165
-0.62854
-0.625706
-0.626451
-0.613234
-0.610269
-0.603687
-0.596589
-0.597814
-0.597524
-0.598281
-0.592303
-0.598856
-0.594164
-0.5911
-0.587232
-0.581588
-0.57807
-0.577992
-0.573128
-0.565876
-0.559257
-0.559893
-0.555449
-0.556858
-0.562904
-0.563212
-0.568594
-0.575619
-0.570735
-0.573322
-0.563338
-0.561323
-0.569038
-0.572842
-0.575973
-0.574365
-0.572536
-0.572704
-0.562768
-0.560006
-0.555126
-0.552785
-0.547742
-0.538134
-0.537844
-0.541579
-0.536331
-0.530783
-0.523443
-0.518066
-0.514145
-0.505416
-0.501734
-0.503013
-0.503391
-0.505817
-0.505571
-0.506338
-0.507021
-0.509532
-0.51912
-0.516538
-0.518278
-0.521777
-0.514959
-0.509977
-0.509093
-0.502465
-0.497433
-0.492036
-0.490573
-0.492112
-0.492342
-0.487815
-0.489085
-0.49014
-0.492217
-0.494708
-0.492807
-0.488236
-0.490907
-0.487361
-0.482889
-0.483541
-0.481918
-0.476767
-0.480463
-0.482092
-0.487251
-0.493555
-0.502704
-0.505225
-0.503801
-0.504948
-0.502276
-0.509207
-0.503409
-0.505994
-0.49834
-0.499741
-0.5047
-0.503576
-0.513881
-0.517102
-0.518149
-0.530054
-0.527258
-0.52532
-0.532184
-0.52749
-0.534594
-0.544429
-0.546476
-0.55974
-0.560468
-0.570727
-0.575835
-0.581849
-0.586739
-0.595562
-0.599773
-0.603886
-0.599281
-0.596052
-0.590414
-0.583704
-0.583119
-0.573501
-0.572611
-0.571602
-0.57669
-0.573744
-0.572889
-0.576265
-0.578953
-0.585508
-0.588914
-0.590645
-0.595211
-0.595414
-0.602431
-0.60405
-0.595133
-0.599527
-0.59474
-0.594777
-0.594491
-0.589823
-0.59058
-0.593193
-0.594019
-0.587007
-0.593569
-0.596203
-0.603682
-0.603336
-0.601529
-0.599794
-0.60059
-0.598339
-0.597175
-0.606591
-0.603102
-0.601059
-0.59896
-0.596447
-0.598594
-0.600731
-0.599134
-0.603339
-0.596315
-0.600268
-0.593797
-0.589653
-0.595252
-0.583347
-0.582764
-0.577631
-0.576706
-0.572166
-0.565989
-0.573065
-0.564994
-0.567321
-0.566331
-0.560911
-0.570621
-0.568916
-0.577147
-0.575979
-0.588533
-0.597249
-0.604584
-0.613875
-0.614037
-0.616963
-0.617293
-0.621377
-0.615068
-0.616599
-0.60983
-0.605083
-0.597333
-0.592288
-0.583868
-0.590587
-0.58211
-0.588538
-0.595769
-0.604818
-0.611572
-0.619915
-0.62148
-0.622797
-0.623133
-0.628601
-0.621337
-0.611925
-0.607222
-0.602555
-0.599546
-0.593164
-0.597052
-0.601579
-0.608802
-0.615558
-0.620279
-0.627924
-0.637348
-0.643689
-0.646468
-0.651002
-0.654074
-0.657818
-0.663133
-0.65606
-0.653508
-0.645139
-0.651031
-0.651246
-0.656299
-0.661795
-0.665886
-0.667031
-0.668615
-0.666844
-0.665099
-0.654942
-0.651859
-0.642822
-0.64354
-0.638204
-0.637689
-0.638906
-0.638146
-0.636642
-0.636971
-0.637127
-0.633099
-0.628681
-0.625411
-0.61463
-0.611088
-0.610885
-0.609306
-0.608261
-0.614107
-0.619955
-0.634847
-0.636316
-0.651046
-0.660302
-0.662635
-0.667658
-0.674075
-0.666916
-0.676321
-0.675105
-0.670931
-0.664716
-0.656316
-0.647887
-0.640676
-0.640435
-0.631021
-0.631241
-0.622238
-0.626152
-0.620303
-0.618325
-0.613569
-0.61481
-0.615713
-0.613819
-0.612811
-0.610755
-0.604146
-0.600684
-0.597984
-0.59412
-0.581563
-0.574909
-0.575567
-0.575052
-0.57553
-0.56976
-0.569676
-0.572013
-0.574503
-0.592229
-0.597192
-0.609702
-0.615924
-0.623463
-0.61996
-0.627679
-0.633555
-0.631071
-0.638998
-0.638041
-0.645383
-0.645257
-0.64704
-0.647473
-0.64988
-0.641587
-0.635293
-0.639515
-0.629217
-0.631913
-0.628949
-0.62967
-0.621815
-0.628452
-0.628255
-0.633257
-0.635469
-0.635279
-0.638748
-0.634056
-0.632692
-0.625977
-0.617801
-0.610007
-0.603424
-0.579819
-0.568984
-0.563822
-0.553812
-0.55578
-0.551155
-0.550439
-0.543394
-0.542103
-0.545941
-0.552398
-0.546857
-0.555438
-0.563669
-0.568104
-0.563497
-0.558736
-0.566914
-0.57054
-0.576805
-0.577853
-0.576944
-0.583377
-0.582197
-0.580441
-0.580893
-0.579087
-0.587413
-0.58358
-0.59646
-0.601467
-0.611647
-0.62669
-0.631747
-0.642897
-0.645926
-0.636232
-0.645217
-0.641748
-0.634231
-0.62521
-0.619074
-0.613723
-0.607142
-0.604511
-0.600707
-0.599692
-0.591594
-0.580968
-0.571394
-0.563295
-0.559084
-0.549512
-0.546344
-0.541075
-0.533154
-0.527654
-0.521435
-0.517138
-0.509917
-0.505036
-0.50223
-0.503228
-0.496834
-0.498449
-0.499142
-0.499312
-0.491294
-0.492513
-0.499368
-0.495634
-0.494768
-0.494476
-0.4926
-0.497162
-0.485882
-0.479313
-0.48365
-0.478403
-0.474362
-0.476175
-0.472444
-0.469261
-0.46935
-0.46969
-0.475141
-0.473794
-0.4747
-0.480572
-0.475508
-0.475345
-0.478238
-0.477919
-0.479611
-0.488003
-0.487965
-0.487182
-0.499389
-0.499891
-0.497445
-0.50116
-0.499494
-0.497939
-0.496943
-0.496788
-0.493227
-0.483588
-0.472403
-0.462427
-0.455856
-0.447599
-0.440136
-0.441374
-0.444041
-0.453326
-0.453417
-0.467092
-0.474695
-0.48756
-0.499427
-0.511932
-0.521841
-0.535064
-0.544851
-0.555263
-0.563746
-0.562873
-0.56858
-0.563631
-0.561318
-0.56269
-0.54947
-0.54067
-0.538487
-0.534842
-0.532371
-0.526799
-0.528985
-0.529947
-0.534464
-0.538632
-0.537576
-0.542386
-0.541676
-0.547007
-0.541128
-0.543785
-0.541309
-0.546021
-0.54617
-0.549994
-0.553687
-0.552552
-0.558693
-0.553679
-0.56003
-0.559355
-0.562945
-0.564087
-0.557859
-0.56266
-0.555734
-0.558953
-0.553888
-0.559734
-0.560885
-0.562174
-0.561168
-0.561351
-0.569328
-0.562115
-0.570217
-0.565162
-0.572476
-0.570443
-0.572089
-0.573365
-0.578317
-0.582243
-0.578251
-0.584482
-0.580835
-0.586488
-0.586539
-0.583017
-0.58186
-0.574943
-0.57399
-0.573921
-0.576331
-0.574305
-0.569914
-0.568959
-0.562674
-0.563443
-0.566009
-0.5621
-0.570567
-0.569087
-0.568763
-0.567266
-0.579087
-0.577116
-0.584853
-0.586656
-0.59665
-0.598431
-0.607901
-0.610361
-0.610735
-0.608928
-0.606734
-0.604976
-0.607895
-0.606184
-0.607786
-0.611782
-0.616127
-0.616664
-0.624155
-0.633065
-0.635794
-0.636583
-0.641848
-0.643833
-0.6465
-0.643322
-0.649136
-0.644129
-0.649512
-0.646274
-0.656054
-0.64971
-0.657863
-0.642032
-0.647052
-0.641906
-0.637029
-0.640231
-0.637531
-0.637139
-0.630331
-0.626067
-0.626519
-0.623193
-0.624488
-0.630952
-0.624716
-0.626948
-0.626332
-0.632761
-0.639805
-0.6393
-0.635428
-0.646311
-0.64362
-0.644469
-0.649157
-0.649613
-0.646116
-0.645663
-0.648214
-0.644269
-0.640153
-0.641938
-0.633644
-0.633369
-0.63185
-0.629436
-0.632118
-0.639177
-0.632154
-0.626921
-0.634645
-0.645649
-0.643331
-0.637155
-0.6349
-0.63674
-0.634317
-0.632173
-0.630415
-0.619742
-0.619935
-0.607388
-0.606767
-0.604409
-0.607446
-0.610158
-0.618793
-0.624565
-0.63227
-0.636713
-0.646891
-0.643129
-0.644997
-0.636321
-0.630868
-0.619897
-0.611924
-0.602186
-0.594686
-0.58225
-0.581024
-0.572529
-0.568242
-0.571086
-0.560132
-0.563577
-0.559499
-0.558078
-0.564727
-0.563904
-0.56789
-0.566516
-0.561391
-0.555773
-0.549014
-0.55808
-0.547804
-0.545914
-0.540078
-0.539781
-0.541413
-0.537112
-0.536682
-0.53187
-0.529821
-0.529161
-0.522987
-0.520083
-0.515431
-0.510701
-0.510504
-0.49003
-0.464504
-0.435168
-0.420814
-0.410149
-0.388115
-0.386125
-0.379487
-0.368803
-0.360088
-0.345055
-0.328126
-0.318086
-0.30853
-0.302173
-0.299386
-0.296178
-0.287216
-0.278499
-0.279802
-0.27844
-0.25613
-0.23701
-0.224263
-0.219454
-0.211695
-0.201483
-0.197895
-0.189537
-0.181681
-0.170971
-0.160882
-0.152311
-0.143753
-0.140411
-0.133052
-0.127395
-0.11837
-0.105488
-0.100917
-0.0912471
-0.086389
-0.0752219
-0.0704196
-0.0697744
-0.0627808
-0.0602353
-0.0522255
-0.053456
-0.0456386
-0.0435834
-0.0416539
-0.0354114
-0.0369573
-0.0304623
-0.0278365
-0.0240599
-0.0187091
-0.0144555
-0.0089642
-0.00407829
-0.000488149
0.0013135
0.00894222
0.0122474
0.0215689
0.0237702
0.0259716
0.030977
0.0352031
0.033989
0.0400422
0.039831
0.0415686
0.0438493
0.0439385
0.0456814
0.0478752
0.0494105
0.0522719
0.0508519
0.0528482
0.0508057
0.0534048
0.0513638
0.0579684
0.0572316
0.0606597
0.0601839
0.0627567
0.0687471
0.0718543
0.0730369
0.0765954
0.0789485
0.0799813
0.0825621
0.0841169
0.0838817
0.0848223
0.0880306
0.0883188
0.0886684
0.0842278
0.0851485
0.0872586
0.086659
0.0876612
0.0847759
0.0857696
0.0829495
0.0834015
0.0813287
0.0795924
0.0793789
0.0795858
0.0802925
0.0791008
0.0805474
0.080698
0.0774178
0.0805805
0.0803885
0.0792216
0.0785795
0.0786159
0.0782469
0.0817757
0.0799979
0.0811152
0.0793607
0.0796453
0.0800757
0.0780913
0.0776594
0.0830538
0.0806881
0.0841516
0.0819313
0.0835605
0.0825869
0.0829446
0.0866789
0.0891986
0.0908224
0.093262
0.0936267
0.0957952
0.101609
0.10564
0.111704
0.126754
0.138197
0.160312
0.176129
0.198409
0.216473
0.234278
0.246316
0.260922
0.270606
0.282053
0.30236
0.320697
0.351546
0.381076
0.407805
0.436146
0.445336
0.450296
0.440233
0.431021
0.405816
0.371865
0.35076
0.326478
0.312657
0.311379
0.309675
0.306818
0.306035
0.301059
0.301716
0.29994
0.296178
0.289603
0.288374
0.286256
0.2803
0.278412
0.27462
0.275411
0.272281
0.267105
0.262599
0.259651
0.257375
0.255028
0.253108
0.252851
0.254545
0.252709
0.253173
0.246791
0.244988
0.238208
0.236919
0.232844
0.233099
0.230122
0.231474
0.229166
0.228039
0.225529
0.226617
0.227799
0.233493
0.2386
0.244358
0.247285
0.253015
0.255434
0.260622
0.266078
0.267053
0.275719
0.279116
0.282661
0.292598
0.298897
0.298706
0.304391
0.306304
0.303078
0.297941
0.294602
0.285851
0.279452
0.272171
0.262636
0.255175
0.252884
0.242939
0.235058
0.227551
0.214182
0.204577
0.176974
0.168064
0.159187
0.150968
0.136571
0.131249
0.127686
0.122534
0.121351
0.120307
0.117334
0.118899
0.119823
0.121054
0.121798
0.119136
0.113351
0.108091
0.0996163
0.0936598
0.0820721
0.0670641
0.05593
0.0425373
0.0272794
0.00844934
-0.00943401
-0.0254402
-0.0388071
-0.0472532
-0.0547478
-0.0524633
-0.052024
-0.0477915
-0.0388781
-0.0370926
-0.0330918
-0.0473391
-0.0473391
-0.0790215
-0.0946928
-0.113466
-0.13181
-0.155039
-0.169331
-0.182703
-0.191681
-0.203935
-0.212995
-0.21877
-0.226168
-0.232925
-0.230777
-0.230273
-0.227168
-0.217113
-0.21071
-0.203628
-0.208347
-0.21455
-0.222756
-0.22902
-0.233089
-0.247036
-0.253725
-0.260075
-0.269057
-0.281017
-0.288055
-0.294752
-0.307851
-0.318858
-0.327583
-0.339526
-0.346743
-0.355881
-0.363635
-0.371515
-0.372576
-0.386057
-0.388963
-0.395618
-0.397577
-0.400078
-0.412721
-0.412907
-0.419257
-0.422139
-0.423389
-0.428239
-0.436618
-0.441488
-0.444614
-0.446779
-0.445959
-0.440922
-0.429825
-0.418315
-0.404473
-0.402711
-0.408309
-0.41299
-0.417774
-0.423951
-0.423634
-0.421115
-0.420459
-0.422338
-0.421917
-0.420359
-0.418628
-0.421585
-0.419528
-0.416689
-0.427422
-0.425015
-0.427521
-0.436248
-0.439629
-0.435249
-0.432725
-0.430536
-0.42503
-0.422131
-0.420275
-0.419177
-0.417104
-0.41239
-0.409009
-0.403808
-0.396451
-0.39822
-0.401712
-0.407094
-0.41527
-0.416012
-0.415996
-0.422513
-0.422739
-0.426674
-0.430839
-0.43022
-0.437445
-0.438558
-0.436352
-0.440349
-0.441538
-0.442612
-0.444773
-0.446534
-0.45897
-0.455677
-0.450436
-0.441046
-0.437746
-0.44482
-0.445624
-0.446122
-0.439796
-0.43891
-0.430186
-0.42994
-0.421768
-0.41473
-0.412789
-0.416632
-0.421062
-0.4271
-0.42974
-0.439598
-0.44646
-0.443155
-0.451576
-0.449528
-0.453474
-0.453079
-0.442608
-0.444207
-0.437619
-0.439556
-0.437306
-0.432355
-0.435087
-0.430547
-0.431216
-0.435495
-0.429106
-0.428281
-0.428185
-0.431697
-0.440957
-0.452056
-0.450901
-0.457005
-0.452966
-0.445313
-0.449466
-0.443178
-0.437449
-0.438396
-0.42994
-0.431532
-0.425842
-0.416419
-0.416895
-0.408653
-0.407454
-0.407367
-0.406951
-0.403691
-0.403194
-0.398502
-0.40579
-0.408839
-0.404627
-0.405772
-0.400086
-0.396898
-0.396473
-0.390407
-0.383096
-0.376957
-0.369841
-0.365095
-0.351896
-0.336921
-0.325935
-0.313186
-0.299646
-0.280343
-0.26601
-0.255628
-0.245202
-0.238446
-0.222814
-0.21115
-0.203056
-0.195479
-0.18986
-0.185421
-0.176919
-0.177088
-0.172781
-0.166538
-0.163579
-0.161083
-0.161284
-0.159069
-0.152237
-0.148403
-0.14591
-0.143156
-0.145752
-0.143133
-0.137477
-0.142647
-0.141824
-0.136601
-0.137257
-0.138909
-0.136819
-0.131578
-0.126497
-0.115164
-0.107647
-0.102402
-0.102229
-0.104648
-0.103708
-0.100362
-0.0947642
-0.0945551
-0.0883484
-0.0926371
-0.0916551
-0.0866111
-0.0787251
-0.0741129
-0.0711872
-0.0659537
-0.0599593
-0.0568691
-0.0557556
-0.0458334
-0.0378649
-0.0338721
-0.0306091
-0.0228478
-0.0168065
-0.0110199
-0.00471951
0.00147175
0.0059652
0.010805
0.0129381
0.0167464
0.0190875
0.022029
0.0237174
0.0269298
0.0344641
0.0447307
0.053015
0.0634921
0.0763538
0.0927382
0.0998585
0.106221
0.114278
0.120787
0.12499
0.12566
0.12966
0.13007
0.128311
0.128194
0.125187
0.128481
0.128917
0.12941
0.13043
0.128367
0.131203
0.130163
0.135123
0.132513
0.13503
0.137194
0.136747
0.138546
0.138863
0.14167
0.141456
0.141713
0.146265
0.151436
0.156599
0.158541
0.160825
0.166906
0.165165
0.170133
0.177949
0.178232
0.177959
0.183209
0.188819
0.190326
0.193306
0.197295
0.202929
0.206906
0.213543
0.220441
0.234479
0.252199
0.273791
0.300223
0.330728
0.379099
0.415234
0.445382
0.466736
0.488482
0.504741
0.524549
0.531206
0.545155
0.556905
0.569549
0.570848
0.574133
0.575242
0.574133
0.566835
0.571505
0.569346
0.573102
0.577687
0.584965
0.599386
0.606874
0.602282
0.592531
0.577337
0.570652
0.567104
0.568463
0.571395
0.58532
0.59588
0.601104
0.611371
0.619044
0.603548
0.598305
0.587842
0.576007
0.559939
0.534356
0.520131
0.507384
0.493827
0.488332
0.477575
0.473812
0.496381
0.523206
0.52819
0.52668
0.524824
0.525977
0.527999
0.526103
0.523927
0.530934
0.539212
0.5487
0.561651
0.567643
0.585403
0.595523
0.602369
0.609619
0.600145
0.599629
0.59471
0.593985
0.592654
0.590703
0.592167
0.590438
0.593284
0.591712
0.592943
0.605594
0.605765
0.613878
0.619177
0.63449
0.641372
0.653781
0.668208
0.677205
0.690248
0.706764
0.719396
0.734679
0.743977
0.770139
0.788048
0.80102
0.816089
0.827535
0.845074
0.86743
0.892046
0.904
0.918413
0.934484
0.941357
0.952407
0.965625
0.978214
0.987636
0.98617
0.992829
0.99464
1.00143
1.00795
1.01103
1.013
1.02535
1.03136
1.02569
1.01513
1.01117
1.00137
1.00614
0.996075
0.997151
0.987967
0.98439
0.983282
0.974258
0.976352
0.981342
0.991258
0.998557
1.01158
1.01818
1.0281
1.04383
1.04822
1.04585
1.03762
1.04803
1.05835
1.05523
1.07159
1.07633
1.09293
1.10641
1.12232
1.13257
1.14723
1.14962
1.16121
1.16283
1.18286
1.17988
1.19908
1.21794
1.22032
1.2375
1.23326
1.2447
1.25872
1.26083
1.27989
1.28552
1.29177
1.29166
1.28177
1.30349
1.30734
1.30777
1.31304
1.3153
1.33474
1.33367
1.35333
1.36306
1.3711
1.36785
1.38235
1.37698
1.37673
1.39088
1.38738
1.38414
1.38473
1.37238
1.36396
1.36236
1.34865
1.3522
1.34688
1.34861
1.34603
1.3568
1.35212
1.3575
1.36944
1.3522
1.35304
1.35821
1.34944
1.34713
1.35221
1.33994
1.34749
1.35056
1.34077
1.3435
1.34022
1.33554
1.343
1.35709
1.35671
1.35753
1.364
1.36417
1.37369
1.38092
1.38923
1.40286
1.39996
1.41314
1.41768
1.4167
1.4207
1.41633
1.40075
1.40151
1.38553
1.37711
1.3728
1.36698
1.36302
1.3696
1.35834
1.35831
1.35242
1.34744
1.33776
1.32697
1.32909
1.31714
1.31392
1.30739
1.29382
1.30704
1.30375
1.30443
1.31205
1.31244
1.32922
1.33617
1.34128
1.36643
1.38944
1.3991
1.41719
1.43637
1.44084
1.45115
1.44844
1.45582
1.44547
1.43931
1.43839
1.42964
1.40553
1.38804
1.36666
1.34442
1.3332
1.3221
1.32208
1.32083
1.33651
1.34445
1.35901
1.37287
1.38746
1.40857
1.41542
1.41876
1.42755
1.41293
1.41736
1.39771
1.40641
1.39737
1.3987
1.38657
1.38347
1.37431
1.36601
1.36041
1.3501
1.34646
1.33748
1.31979
1.3101
1.28806
1.26919
1.23527
1.21211
1.18061
1.15665
1.13642
1.14402
1.14313
1.15991
1.16406
1.17669
1.17102
1.17684
1.17273
1.18627
1.18482
1.19071
1.16878
1.14395
1.11681
1.0938
1.06435
1.02446
0.996949
0.969018
0.924119
0.896693
0.903541
0.911578
0.945681
0.988515
1.03
1.06588
1.09102
1.10605
1.11273
1.11662
1.09697
1.08474
1.07736
1.06982
1.06605
1.0718
1.06712
1.05989
1.05649
1.04003
1.0404
1.03802
1.04183
1.06053
1.07754
1.09179
1.10124
1.1101
1.10649
1.10829
1.09879
1.08932
1.08873
1.08665
1.07545
1.07456
1.06858
1.06381
1.0477
1.03417
1.01385
0.997377
0.976162
0.957009
0.949245
0.93584
0.935824
0.921675
0.908803
0.894235
0.877026
0.858313
0.831407
0.798845
0.767014
0.721262
0.67107
0.625765
0.580308
0.541303
0.501912
0.470052
0.445908
0.42581
0.405059
0.386155
0.372363
0.364141
0.353143
0.337967
0.322751
0.297721
0.28919
0.281376
0.272512
0.269267
0.265724
0.26176
0.25983
0.259999
0.25776
0.260416
0.259116
0.262487
0.268009
0.272475
0.273543
0.274549
0.268549
0.265823
0.257406
0.25098
0.2475
0.245226
0.245164
0.247424
0.246457
0.24525
0.240795
0.241456
0.242937
0.244798
0.2423
0.241431
0.246236
0.246483
0.249811
0.257464
0.261889
0.262796
0.261288
0.254167
0.242523
0.229604
0.210927
0.197132
0.177208
0.164584
0.151566
0.135112
0.130303
0.124231
0.118946
0.110082
0.102825
0.0976118
0.0940449
0.0983951
0.101395
0.10574
0.111684
0.115689
0.12942
0.146716
0.16532
0.176804
0.18609
0.190105
0.193863
0.196983
0.192869
0.185576
0.175743
0.167104
0.159553
0.152661
0.162829
0.168993
0.178446
0.184608
0.184336
0.185241
0.186738
0.184528
0.184495
0.185353
0.184692
0.186243
0.195463
0.200771
0.199953
0.200813
0.204186
0.210161
0.222668
0.240686
0.25589
0.268616
0.277801
0.293437
0.313067
0.325496
0.342726
0.352099
0.359089
0.362539
0.369865
0.371509
0.379157
0.384265
0.387837
0.388353
0.38665
0.388464
0.382982
0.378019
0.373014
0.364849
0.353317
0.342524
0.340935
0.339757
0.342231
0.34227
0.339656
0.339012
0.34249
0.342035
0.348582
0.353529
0.351992
0.348669
0.34923
0.351277
0.350653
0.351205
0.355137
0.359164
0.363502
0.366968
0.368701
0.370726
0.377203
0.380781
0.380706
0.38072
0.385339
0.395422
0.394701
0.395974
0.391905
0.38775
0.387747
0.393965
0.40112
0.404676
0.410517
0.415556
0.426088
0.431645
0.440234
0.449829
0.461427
0.46976
0.477061
0.482847
0.49196
0.500197
0.501145
0.508098
0.506782
0.511898
0.515312
0.512966
0.515715
0.520784
0.514115
0.509299
0.504442
0.495536
0.48879
0.477551
0.450304
0.420976
0.411141
0.385191
0.36699
0.351267
0.337128
0.320151
0.308852
0.295245
0.28668
0.287459
0.291151
0.298612
0.306634
0.312714
0.318526
0.325046
0.3285
0.340918
0.35408
0.366046
0.375588
0.385134
0.388728
0.394768
0.404405
0.412042
0.420931
0.420941
0.427248
0.43161
0.439219
0.452038
0.463636
0.484624
0.499271
0.50793
0.516751
0.523899
0.533453
0.537829
0.550143
0.556944
0.569085
0.57132
0.577125
0.58255
0.59012
0.598991
0.598131
0.595961
0.594926
0.600843
0.607635
0.611831
0.628245
0.634703
0.646816
0.658408
0.670455
0.684537
0.698034
0.706381
0.708593
0.715496
0.714136
0.712924
0.723744
0.724791
0.729667
0.727942
0.719812
0.723596
0.73016
0.736505
0.728339
0.724939
0.7293
0.726513
0.729055
0.734961
0.736716
0.751546
0.747648
0.748135
0.740036
0.735352
0.726361
0.71406
0.715822
0.711298
0.706383
0.697484
0.688807
0.678115
0.670966
0.676105
0.678715
0.679748
0.683273
0.680378
0.680328
0.690998
0.702824
0.706587
0.715628
0.727749
0.736142
0.756679
0.77564
0.782787
0.794091
0.794987
0.804014
0.816446
0.831947
0.839893
0.843037
0.852353
0.855226
0.868138
0.872671
0.87413
0.88195
0.891591
0.90385
0.908171
0.931739
0.948287
0.96722
0.987662
0.999601
1.0116
1.02036
1.03185
1.04788
1.05924
1.0582
1.06038
1.05535
1.05016
1.05003
1.05082
1.0469
1.03956
1.04115
1.03826
1.03709
1.04318
1.03958
1.0318
1.0308
1.02068
1.02306
1.02208
1.01902
1.01681
1.01816
1.02806
1.03018
1.04562
1.04174
1.04744
1.03893
1.0359
1.03036
1.02627
1.01016
1.0097
1.00224
1.00406
1.00041
0.995988
0.985219
0.972535
0.962119
0.940827
0.933446
0.91883
0.904274
0.896241
0.892733
0.890026
0.891175
0.892194
0.893445
0.886429
0.878156
0.872789
0.865668
0.855493
0.843911
0.813867
0.791817
0.770439
0.741688
0.704749
0.662643
0.614951
0.589871
0.554357
0.53226
0.514288
0.508496
0.483519
0.470002
0.454239
0.430612
0.410837
0.396689
0.383146
0.365867
0.352275
0.337007
0.322625
0.305713
0.290261
0.278284
0.261643
0.249239
0.234489
0.225686
0.220774
0.210037
0.178096
0.163644
0.155161
0.147579
0.126925
0.109853
0.0992265
0.0926189
0.0881573
0.0854011
0.0758757
0.0722761
0.067522
0.0643151
0.0502245
0.0417765
0.0244158
0.0100904
0.0172129
0.0148043
0.0196176
0.016241
0.0255041
0.0194527
0.0203439
0.0243226
0.018555
0.0185014
0.0242435
0.0288717
0.0333061
0.038638
0.0455667
0.0505464
0.0499438
0.0464217
0.0407138
0.0337415
0.027436
0.0192845
0.0196514
0.0202227
0.0201955
0.0276438
0.0260228
0.0289731
0.0313762
0.0321374
0.0330075
0.0294794
0.0208228
0.0117207
0.00323302
-0.00351867
-0.00690035
-0.00318487
-0.00398681
-0.00937467
-0.00438571
-0.00114172
-0.00362087
-0.00473105
-0.00636626
-0.0072935
-0.00943072
-0.0151767
-0.0214404
-0.0140087
-0.00939198
-0.0100827
-0.0139658
-0.0170241
-0.0219739
-0.0263373
-0.030045
-0.0289993
-0.0305192
-0.0324434
-0.0329837
-0.0310347
-0.0259118
-0.0259786
-0.027801
-0.0314817
-0.033835
-0.0273928
-0.0147712
-0.00916202
-0.00526925
0.000228062
0.00827214
0.0139231
0.0203603
0.0301812
0.0429854
0.0549151
0.0640904
0.0658871
0.0642408
0.0689588
0.0716377
0.0717923
0.0723737
0.0728037
0.0714624
0.076564
0.0698029
0.0605911
0.0549704
0.0478694
0.047758
0.0491257
0.0571779
0.0673939
0.0689439
0.0818486
0.0926918
0.108297
0.116324
0.123802
0.131483
0.134927
0.132228
0.127651
0.127504
0.121881
0.115682
0.100541
0.0950284
0.0930308
0.0828866
0.0646093
0.0512275
0.0398673
0.0337234
0.0338125
0.0367696
0.0425984
0.0497919
0.0577479
0.0728475
0.0735058
0.0892458
0.113244
0.121193
0.120514
0.116752
0.114158
0.114027
0.116074
0.121628
0.127102
0.13706
0.146279
0.157565
0.166434
0.166309
0.168147
0.169163
0.173678
0.177357
0.181257
0.196616
0.197377
0.212631
0.221196
0.226739
0.227212
0.221848
0.215198
0.205785
0.198194
0.198214
0.202544
0.210764
0.221765
0.22136
0.221541
0.219023
0.218185
0.217266
0.22152
0.228479
0.235501
0.241333
0.239506
0.233666
0.228472
0.224672
0.222477
0.219636
0.221875
0.220535
0.220171
0.220879
0.21463
0.206517
0.197568
0.192049
0.185084
0.172401
0.166761
0.159639
0.159945
0.16458
0.179104
0.201977
0.216799
0.22826
0.256214
0.270579
0.293575
0.306126
0.313897
0.315674
0.303116
0.298245
0.294665
0.290692
0.291972
0.293783
0.295815
0.294135
0.290338
0.289457
0.281959
0.267501
0.25477
0.247396
0.241989
0.243825
0.249162
0.255524
0.271027
0.283107
0.296318
0.304298
0.306382
0.30348
0.285262
0.273554
0.262057
0.248927
0.231031
0.225121
0.214019
0.212102
0.204738
0.200539
0.196539
0.19283
0.191425
0.188411
0.196361
0.204691
0.212482
0.22086
0.235131
0.250532
0.267934
0.278351
0.276648
0.266878
0.257707
0.244618
0.229663
0.225573
0.219344
0.213026
0.210072
0.206709
0.198661
0.194457
0.190626
0.186197
0.183141
0.17649
0.177786
0.177007
0.18209
0.186452
0.191675
0.195789
0.197533
0.200939
0.211841
0.221352
0.233496
0.245064
0.248622
0.249765
0.25188
0.267398
0.268936
0.272927
0.274981
0.281913
0.285287
0.292127
0.297334
0.307321
0.314435
0.32221
0.324145
0.335968
0.348927
0.370629
0.386686
0.399374
0.413291
0.4278
0.436036
0.451076
0.462513
0.467075
0.468699
0.47057
0.465748
0.459036
0.452288
0.455259
0.451441
0.442741
0.438771
0.434639
0.426639
0.420261
0.408067
0.393677
0.383391
0.343364
0.342478
0.30824
0.292711
0.278098
0.267172
0.25189
0.240656
0.227704
0.224949
0.223841
0.221019
0.224485
0.2312
0.241038
0.253426
0.262184
0.266158
0.271827
0.289618
0.300704
0.320064
0.329123
0.334776
0.335909
0.337184
0.330318
0.327386
0.314076
0.30585
0.301405
0.296036
0.294184
0.295457
0.291861
0.293913
0.29189
0.288274
0.281962
0.279671
0.276411
0.274709
0.272877
0.275301
0.274878
0.277226
0.289427
0.295919
0.303035
0.308481
0.319869
0.327243
0.335215
0.336993
0.337331
0.334551
0.327779
0.325243
0.331517
0.336412
0.334221
0.336022
0.333515
0.3305
0.332981
0.338458
0.347565
0.35253
0.35096
0.354411
0.343458
0.333789
0.319127
0.300113
0.293492
0.292967
0.291261
0.289704
0.287085
0.283724
0.281446
0.28182
0.280054
0.273033
0.266152
0.253473
0.245092
0.23337
0.227493
0.222135
0.211073
0.202619
0.189728
0.181972
0.169631
0.165176
0.16345
0.164807
0.164601
0.161667
0.16397
0.163258
0.16594
0.163482
0.170208
0.173234
0.17161
0.170472
0.176743
0.170855
0.174611
0.170603
0.170987
0.163236
0.156494
0.151448
0.145954
0.136185
0.126619
0.11927
0.111778
0.107149
0.104542
0.103078
0.0987297
0.102838
0.0998096
0.0993293
0.0934808
0.0899085
0.080055
0.0736589
0.0706057
0.0599988
0.051178
0.0480749
0.0449791
0.0395109
0.0370484
0.036348
0.02927
0.0250828
0.0243432
0.023621
0.0137904
0.00670368
0.00529018
0.00407616
-0.00782512
-0.0172351
-0.0322925
-0.0302256
-0.0204354
-0.0226293
-0.0236608
-0.0407668
-0.0463221
-0.0473086
-0.0472499
-0.0428637
-0.0409615
-0.0316236
-0.0274497
-0.0269995
-0.0262821
-0.0239552
-0.0185203
-0.00748637
-0.00556926
-0.00211096
0.000299766
-0.000435401
0.00478908
0.00345225
0.00713308
0.00635257
0.00682236
0.00818065
0.00965764
0.0118905
0.0194609
0.0345193
0.0383971
0.0434739
0.0441406
0.0437099
0.0442983
0.0423813
0.0472297
0.0441654
0.0407625
0.0360238
0.03502
0.0262767
0.0188039
0.0100722
0.0056858
0.00341187
5.89158e-07
-0.00383268
-0.00823476
-0.0158972
-0.0165427
-0.019198
-0.0171898
-0.0165963
-0.0186226
-0.0180018
-0.0183761
-0.0160761
-0.0194321
-0.0193076
-0.0203942
-0.0194189
-0.0201601
-0.0175303
-0.0139048
-0.010841
-0.00725229
-0.0102344
-0.0116447
-0.0143236
-0.0126082
-0.012891
-0.0161486
-0.0144258
-0.0208254
-0.0238455
-0.031071
-0.032111
-0.0338556
-0.0317242
-0.0336254
-0.0303733
-0.0334679
-0.0325037
-0.0281095
-0.0323783
-0.0305143
-0.0299485
-0.0301745
-0.0290537
-0.0218172
-0.0161841
-0.0113075
-0.00342141
0.00475776
0.0101068
0.0118691
0.00991398
0.00641356
-0.00583548
-0.010644
-0.0047055
-0.00565415
-0.00549096
-0.00169145
-0.00171041
-0.00356977
-0.0116554
-0.0185228
-0.0180018
-0.0188122
-0.015349
-0.0203769
-0.0200133
-0.0190982
-0.0151017
-0.0143195
-0.00793721
-0.00250822
0.00298164
0.00524156
0.00391462
0.00188713
0.00351489
0.0185261
0.0282491
0.0335387
0.0385126
0.0433443
0.0567377
0.0786333
0.11421
0.157593
0.206114
0.253029
0.294788
0.336029
0.396575
0.416963
0.440383
0.45574
0.467562
0.485791
0.495407
0.5011
0.507589
0.511648
0.516573
0.526538
0.528301
0.527529
0.535929
0.545187
0.552104
0.551237
0.566947
0.573582
0.581477
0.593705
0.600059
0.608763
0.623245
0.624283
0.641162
0.646043
0.643422
0.656337
0.664475
0.664761
0.67431
0.684322
0.710155
0.71615
0.723861
0.735876
0.74739
0.755369
0.760974
0.772233
0.775254
0.77999
0.793358
0.790653
0.796418
0.795712
0.78644
0.783418
0.774768
0.773094
0.748072
0.724352
0.712912
0.696186
0.683991
0.679563
0.678959
0.688191
0.694936
0.70418
0.711258
0.717819
0.718969
0.726742
0.723576
0.721817
0.729957
0.738491
0.750442
0.752414
0.757459
0.766745
0.775491
0.790281
0.79649
0.800709
0.805673
0.822023
0.824158
0.841386
0.852471
0.855581
0.865633
0.866335
0.881279
0.885844
0.899227
0.902584
0.913876
0.920462
0.931122
0.933508
0.941232
0.938696
0.950274
0.949164
0.955806
0.950282
0.956261
0.946778
0.952296
0.940885
0.940603
0.934827
0.924535
0.916335
0.916853
0.902965
0.9055
0.897118
0.899157
0.897401
0.892868
0.889082
0.885432
0.881709
0.872916
0.877118
0.874105
0.868832
0.86543
0.863336
0.859192
0.862334
0.865458
0.868398
0.861879
0.858136
0.855206
0.859764
0.854833
0.853893
0.848808
0.831732
0.83516
0.814524
0.806274
0.803688
0.792255
0.783685
0.75801
0.742958
0.730327
0.71995
0.70581
0.70042
0.687991
0.683178
0.683356
0.680158
0.671646
0.662591
0.654705
0.657993
0.651202
0.656905
0.652686
0.654514
0.657078
0.662469
0.667736
0.680725
0.687417
0.699031
0.709846
0.720772
0.74382
0.755952
0.771254
0.779104
0.790855
0.798615
0.797619
0.802487
0.810775
0.810318
0.801115
0.78561
0.792251
0.777715
0.759032
0.747222
0.719106
0.690231
0.669815
0.646126
0.625728
0.609829
0.603794
0.590116
0.584248
0.585399
0.586539
0.586176
0.59118
0.598266
0.598019
0.606611
0.613103
0.612588
0.609477
0.611647
0.606555
0.600124
0.603047
0.601671
0.60276
0.606459
0.620041
0.636103
0.64603
0.663518
0.67334
0.688819
0.698925
0.722206
0.723659
0.736451
0.738574
0.736981
0.731532
0.718231
0.69185
0.673705
0.669206
0.668599
0.663055
0.657345
0.64976
0.630521
0.604632
0.593198
0.585744
0.58027
0.582834
0.570019
0.558687
0.55936
0.549945
0.540691
0.531077
0.5194
0.509161
0.499553
0.480221
0.465581
0.451786
0.433502
0.419444
0.403773
0.386609
0.376357
0.358966
0.350037
0.343908
0.33654
0.329754
0.327264
0.323401
0.324661
0.334707
0.338281
0.344955
0.352763
0.354513
0.356954
0.36205
0.360652
0.358592
0.356811
0.350338
0.344433
0.336633
0.328788
0.325304
0.316128
0.307742
0.306381
0.307467
0.306099
0.304339
0.309713
0.319995
0.324961
0.337396
0.351873
0.360108
0.370763
0.378081
0.390685
0.398313
0.414056
0.428628
0.440115
0.452115
0.473581
0.483532
0.492925
0.504325
0.512593
0.517702
0.513056
0.527781
0.5356
0.531976
0.53047
0.526695
0.528802
0.528856
0.531991
0.525328
0.524026
0.527555
0.541078
0.550707
0.563076
0.591684
0.606866
0.649256
0.67125
0.690786
0.708283
0.728528
0.748769
0.761822
0.775327
0.783279
0.780404
0.783583
0.787838
0.780351
0.77338
0.770458
0.766063
0.767917
0.767219
0.759704
0.760218
0.752864
0.744977
0.745908
0.73794
0.73171
0.724687
0.703001
0.691533
0.67414
0.657627
0.640566
0.624326
0.605478
0.58841
0.570558
0.557883
0.516356
0.497514
0.47965
0.468819
0.458271
0.445918
0.43817
0.429164
0.416272
0.403096
0.396258
0.382718
0.371176
0.358696
0.345646
0.337291
0.319544
0.30684
0.291999
0.278376
0.265228
0.25669
0.253983
0.249543
0.247598
0.246832
0.245584
0.240162
0.233144
0.221674
0.214949
0.202159
0.189103
0.176571
0.155886
0.141459
0.13578
0.117257
0.113959
0.110848
0.110941
0.114268
0.110795
0.108071
0.107593
0.107487
0.104611
0.108307
0.110626
0.111058
0.115987
0.108819
0.115814
0.119742
0.119755
0.119885
0.117191
0.112168
0.109486
0.10935
0.104897
0.106912
0.10405
0.105129
0.10566
0.104465
0.104097
0.106115
0.103552
0.102145
0.105766
0.112417
0.12957
0.153955
0.228318
0.264974
0.3073
0.34204
0.369652
0.400781
0.427242
0.446348
0.460423
0.461881
0.461559
0.457924
0.451909
0.440541
0.43008
0.413277
0.398227
0.389149
0.379614
0.371151
0.363021
0.35611
0.354821
0.346497
0.342029
0.335989
0.336457
0.33677
0.334591
0.343608
0.343136
0.340807
0.340377
0.339272
0.339507
0.34571
0.351605
0.357654
0.364641
0.366681
0.365277
0.364492
0.360193
0.361981
0.355699
0.348615
0.344021
0.336686
0.333199
0.326376
0.319607
0.307745
0.300109
0.289122
0.277272
0.269247
0.260239
0.252278
0.247341
0.242207
0.242493
0.24263
0.24265
0.24194
0.240729
0.248264
0.2555
0.25851
0.261155
0.259179
0.260091
0.262329
0.259251
0.257026
0.255261
0.254103
0.256237
0.256124
0.262995
0.263321
0.267029
0.272286
0.27811
0.290586
0.30358
0.311651
0.322503
0.330377
0.3319
0.338592
0.339884
0.342991
0.346359
0.343086
0.339687
0.334485
0.331661
0.332339
0.330633
0.32667
0.327361
0.31669
0.307498
0.302405
0.300592
0.300734
0.295923
0.294227
0.278231
0.274074
0.271174
0.26859
0.261674
0.256189
0.251788
0.24137
0.239787
0.235818
0.230788
0.227705
0.221117
0.217801
0.208524
0.203795
0.199115
0.193674
0.18791
0.177781
0.17011
0.159046
0.147284
0.129247
0.122277
0.0987936
0.0733032
0.051803
0.0280677
0.0136965
0.00891914
-0.000865622
-0.00111288
-0.00353597
-0.0078482
-0.00437995
0.00550035
0.0105973
0.0179202
0.0181213
0.0155429
0.00851033
0.00396077
-0.00506238
-0.0139675
-0.0306223
-0.0239923
-0.0294479
-0.0348619
-0.0372807
-0.0477651
-0.0619593
-0.0759105
-0.0963541
-0.117099
-0.145779
-0.183234
-0.221926
-0.262554
-0.301154
-0.327525
-0.353517
-0.362941
-0.396075
-0.423461
-0.446608
-0.458695
-0.453908
-0.439974
-0.410892
-0.382635
-0.351071
-0.329441
-0.303657
-0.30037
-0.298533
-0.303679
-0.310673
-0.316034
-0.320169
-0.327622
-0.332531
-0.337138
-0.347569
-0.357387
-0.364407
-0.381065
-0.393582
-0.404397
-0.416864
-0.421531
-0.423641
-0.419531
-0.416423
-0.408585
-0.409142
-0.409365
-0.407261
-0.402553
-0.401437
-0.397217
-0.396387
-0.397266
-0.396958
-0.393956
-0.40224
-0.408706
-0.417233
-0.426379
-0.444739
-0.452423
-0.458625
-0.451927
-0.442686
-0.438709
-0.442321
-0.440361
-0.44931
-0.449427
-0.454917
-0.461292
-0.466153
-0.475687
-0.487285
-0.490305
-0.506381
-0.508652
-0.503102
-0.515852
-0.492862
-0.496368
-0.478533
-0.455708
-0.43107
-0.404344
-0.375508
-0.345274
-0.323991
-0.298484
-0.277583
-0.257957
-0.243919
-0.230079
-0.217854
-0.20753
-0.1983
-0.189131
-0.183532
-0.186024
-0.188392
-0.182703
-0.181076
-0.174309
-0.170319
-0.162304
-0.155067
-0.143632
-0.138146
-0.129671
-0.126087
-0.125393
-0.119841
-0.117572
-0.109337
-0.106876
-0.0975625
-0.0907595
-0.0869625
-0.0836414
-0.0785098
-0.0752682
-0.0758509
-0.0757284
-0.0745399
-0.0750696
-0.0719682
-0.070039
-0.0758343
-0.0728386
-0.0720245
-0.070456
-0.0720046
-0.0734112
-0.0736362
-0.0744505
-0.0737322
-0.0727559
-0.0721701
-0.0712733
-0.0736561
-0.0714354
-0.0738977
-0.075927
-0.0832404
-0.0951724
-0.0948671
-0.0959026
-0.0931215
-0.0932476
-0.0876621
-0.0845196
-0.0790828
-0.0718557
-0.0641448
-0.0576094
-0.0569683
-0.0537699
-0.0484817
-0.0512263
-0.0479236
-0.0446085
-0.0434035
-0.0432021
-0.0426541
-0.0402874
-0.0405943
-0.0394754
-0.039251
-0.0380497
-0.0388748
-0.0416374
-0.0478377
-0.0462891
-0.0470056
-0.0481052
-0.0492611
-0.0488747
-0.0443906
-0.04584
-0.0427696
-0.0424362
-0.0390431
-0.0380827
-0.0359773
-0.0395447
-0.0382048
-0.0437303
-0.0429347
-0.0415912
-0.0444104
-0.0462428
-0.0495616
-0.0505293
-0.0523229
-0.0514046
-0.0469428
-0.0489143
-0.051322
-0.0498456
-0.0498919
-0.0485576
-0.0502519
-0.0513287
-0.0494064
-0.0529539
-0.0504071
-0.0512263
-0.0528449
-0.0543018
-0.0558051
-0.0563074
-0.0552963
-0.0589413
-0.0614997
-0.0624717
-0.0698108
-0.070714
-0.0695759
-0.0672701
-0.0630106
-0.0631462
-0.0607163
-0.0591065
-0.059404
-0.0593577
-0.0578936
-0.0591594
-0.0639596
-0.0626304
-0.062442
-0.0605444
-0.0603328
-0.0617477
-0.0642175
-0.0707703
-0.0773408
-0.0828991
-0.0886834
-0.0920598
-0.107507
-0.130199
-0.158944
-0.190714
-0.221813
-0.291811
-0.332971
-0.370708
-0.40567
-0.443442
-0.478625
-0.50072
-0.522778
-0.524187
-0.503131
-0.471256
-0.424202
-0.37651
-0.330925
-0.295378
-0.263473
-0.237474
-0.215818
-0.2117
-0.228091
-0.249255
-0.285268
-0.320487
-0.366875
-0.425107
-0.502042
-0.579089
-0.621193
-0.561359
-0.540344
-0.513502
-0.543054
-0.567637
-0.604626
-0.633026
-0.662156
-0.667701
-0.669507
-0.653267
-0.581651
-0.53491
-0.494989
-0.454495
-0.406892
-0.370647
-0.349323
-0.331533
-0.317619
-0.308122
-0.299198
-0.287817
-0.274229
-0.251051
-0.230347
-0.205551
-0.185074
-0.165364
-0.146312
-0.136598
-0.122238
-0.114014
-0.102639
-0.0971541
-0.0873073
-0.0809211
-0.0696338
-0.061513
-0.0518836
-0.0449535
-0.0431295
-0.0293193
-0.0182821
-0.00658221
0.000533832
0.011827
0.0346983
0.0505778
0.0692134
0.0866838
0.0984801
0.110194
0.130823
0.14173
0.152685
0.143326
0.141927
0.140853
0.138574
0.136187
0.133568
0.126757
0.123862
0.124444
0.11898
0.122231
0.120996
0.12273
0.123309
0.129522
0.130358
0.136477
0.138377
0.140401
0.139739
0.138779
0.140855
0.140359
0.13461
0.13565
0.134423
0.139256
0.14065
0.143354
0.142553
0.138632
0.13448
0.132209
0.132764
0.133333
0.13063
0.129162
0.124959
0.119908
0.122043
0.119895
0.120149
0.116504
0.116346
0.111649
0.10994
0.110405
0.111672
0.113193
0.112018
0.112556
0.109338
0.110478
0.110953
0.110627
0.111912
0.113615
0.111731
0.111774
0.111948
0.111584
0.112247
0.109177
0.110328
0.112025
0.109903
0.110267
0.111305
0.111151
0.112216
0.112437
0.112553
0.114763
0.112874
0.111204
0.115344
0.110923
0.111623
0.109441
0.11403
0.109888
0.111417
0.115184
0.110091
0.114866
0.111883
0.110983
0.112498
0.111016
0.113632
0.113796
0.112872
0.111069
0.112485
0.113858
0.11286
0.113303
0.111501
0.111013
0.111068
0.110441
0.109948
0.108958
0.112535
0.11352
0.1109
0.109564
0.115131
0.112924
0.110674
0.112207
0.113467
0.111799
0.11029
0.113361
0.110667
0.111799
0.10977
0.113356
0.110516
0.11019
0.111267
0.11539
0.111661
0.111058
0.112242
0.114127
0.113381
0.111568
0.112774
0.11232
0.11305
0.112094
0.1119
0.114145
0.113648
0.111014
0.110461
