0.0241126
0.0140716
0.00502898
0.00610489
0.000374085
0.00228853
-0.00406049
0.00763421
-0.00256025
0.0115647
-0.00170722
0.00836909
0.00129963
0.0118604
-0.0104223
0.00187662
0.0126227
-0.00738453
-0.00386874
-0.00528651
-0.00368281
0.0180361
0.0151149
0.0074018
-0.00184057
-0.000349123
-0.00667925
0.0158428
-0.0191274
-0.00314722
-0.0016891
-0.01586
-0.002418
-0.0108103
-0.00718495
0.000392274
0.00381776
0.00198146
0.00205741
0.00284306
-0.00509085
-0.00680077
0.00396892
0.0118219
0.0172277
0.00119927
0.00334387
-0.00142356
-0.0126627
0.0146113
0.00625124
-0.0112778
-0.00766278
0.00951681
0.000365644
0.0251014
-0.00556734
-0.00157577
-0.0123086
0.00300767
0.00932559
-0.0111749
-0.000412998
0.00687812
0.000553092
-0.00229331
0.0094869
-0.0121442
-0.00295331
-0.00593435
0.0078977
-0.0141301
-0.000531684
0.0155396
-0.0136872
-0.0126225
0.0039938
-0.0124424
-0.000251386
6.8364e-05
-0.000918539
0.000965482
-0.00799068
-0.00531887
-0.0272108
0.00366075
0.00675429
-0.0142964
0.00517101
-0.0186854
0.00105281
-0.00868703
-0.00637142
0.00325862
0.000715796
-0.0118772
0.00178974
-0.0166679
-0.00901839
-0.0021523
0.0111091
0.00938481
-0.00726721
0.0114676
-0.00972263
-0.0104587
0.0128971
0.00383257
-0.00268907
-0.00373702
0.0037469
0.00497101
0.000167217
0.00508393
0.00628209
-0.0134491
0.00449903
0.00422594
0.0109998
-0.00659563
0.0019497
-0.00572191
-0.0183017
-0.0130798
0.0128576
0.00905198
0.013833
0.00788955
0.00964845
0.0046247
-0.00823746
-0.00231012
-0.00836454
-0.0107684
-0.00542678
-0.0114729
0.0134891
0.00317682
0.0149924
-0.000954869
-0.00394196
-0.00509764
-0.00536871
-0.00454892
0.00157039
-0.00339186
-0.0027232
0.00492232
0.0193352
-0.0108691
-0.0160089
0.00295569
-0.0232646
-0.000741717
-0.0120327
0.0148836
0.0151485
0.00748613
-0.0137331
0.00170273
-0.00160629
0.016896
-0.0132104
-0.0116307
-0.00557612
-0.00832415
-0.0145967
-0.0125722
-0.00768925
0.00336597
0.0182049
0.0218626
-0.0140635
-0.00563075
0.00425211
-0.00760147
-0.0109112
0.0133894
0.00255297
0.0103335
-0.0156419
0.000455079
-0.0135631
0.0108378
-0.0145017
-0.0159271
-0.0121754
-0.00975564
0.00558874
0.0114544
-0.0153231
-0.00707584
-0.00416217
-0.0133478
-0.00430659
0.000398429
-0.000553408
0.00309506
0.0147953
0.0168324
-0.0016316
0.000318919
0.00616831
0.00787211
-0.0164132
0.00409358
0.0060321
-0.0108913
-0.00316408
0.00997199
-0.0163432
-0.0125747
-0.000101363
0.0067226
0.00623804
-0.00413715
0.0145785
-0.0158853
-0.0183585
0.00772721
-0.00270838
0.0141346
0.00628462
0.00866139
0.00595123
0.0076955
0.00129896
-0.0177835
-0.00921698
-0.00894737
-0.00737161
0.0050559
-0.0168279
0.0126462
-0.0119244
-0.00106146
0.00628539
0.0119409
0.00445464
-0.00422823
-0.00607174
-0.00113562
-0.00377031
0.00555783
-0.00739296
-4.0533e-05
0.00641197
0.0125767
0.0213963
-0.00142059
0.0155848
-0.0123878
0.00372861
0.0185447
0.00574685
0.023908
0.00390191
0.00596141
0.00521855
0.00562318
-0.00322707
0.00319438
0.00447239
-0.00579603
-0.00111557
0.0152729
0.0152836
-0.0154794
-0.00753321
-0.0149012
-0.011038
-0.0138349
0.00290255
0.00231773
-0.0132188
-0.00411291
-0.0154954
-0.00614404
0.0252787
0.0115021
-0.00390359
-0.00895533
0.00536995
-0.0104965
0.000258484
0.00341603
0.00883694
-0.00199884
-0.00435016
-0.00174983
-0.00609825
0.00799763
0.013088
0.0011254
-0.0034108
-0.000810282
-0.00551803
-0.00746489
0.00671172
-0.00334881
-0.00569375
-0.0103313
-0.0118229
-0.00542455
-0.0104133
-0.0169219
-0.012085
-0.0104706
0.0263245
-0.0115759
0.00499643
0.00531676
-0.00768526
-0.0207235
-0.00286173
0.0080468
-0.00453432
-0.00174082
0.0103275
-0.00372276
-0.00797408
0.0127669
0.00564678
0.00745443
0.00492523
-0.0171281
-0.00111827
-0.00230613
0.00878388
0.0251852
-0.000840366
0.00163797
0.00604021
0.0278131
0.00258882
0.00761513
0.0242824
0.0524824
0.0554784
0.0697996
0.0650353
0.0781109
0.11171
0.0967229
0.112896
0.121013
0.125241
0.13982
0.147342
0.0974608
0.0931511
0.0964337
0.113227
0.101837
0.104228
0.1363
0.109745
0.104133
0.130695
0.133194
0.137727
0.152086
0.13053
0.142147
0.124509
0.126875
0.114598
0.115396
0.0836079
0.110994
0.130099
0.120386
0.151565
0.155019
0.150203
0.16506
0.186811
0.15978
0.159665
0.177371
0.14116
0.202032
0.200421
0.188091
0.223437
0.205368
0.175492
0.213084
0.228939
0.187259
0.214303
0.222659
0.196077
0.202195
0.189515
0.207549
0.193785
0.204631
0.179959
0.185561
0.197685
0.175376
0.185713
0.210759
0.21776
0.240212
0.221672
0.271298
0.269469
0.282503
0.304273
0.297648
0.307654
0.315055
0.33071
0.317538
0.326191
0.343122
0.31246
0.306159
0.278421
0.260353
0.256471
0.231247
0.2622
0.259205
0.278346
0.232862
0.214327
0.232186
0.209011
0.27529
0.234559
0.236295
0.240169
0.217768
0.230951
0.222458
0.2234
0.227139
0.214366
0.22396
0.248749
0.252402
0.24714
0.207296
0.247871
0.249988
0.227637
0.227472
0.237729
0.265894
0.255782
0.264491
0.24607
0.254507
0.259219
0.229563
0.234605
0.263954
0.225247
0.229432
0.210806
0.208139
0.214308
0.193103
0.175718
0.197764
0.208438
0.175885
0.189103
0.195304
0.198583
0.202537
0.219694
0.21522
0.195885
0.209865
0.220004
0.206731
0.200033
0.237361
0.210554
0.217358
0.22194
0.20716
0.214838
0.210841
0.223797
0.206313
0.23238
0.192594
0.206997
0.218346
0.223947
0.193938
0.216945
0.181336
0.178728
0.18592
0.185488
0.17199
0.193507
0.173261
0.181229
0.167023
0.175326
0.208625
0.191609
0.210597
0.220897
0.205382
0.20009
0.213197
0.222597
0.209537
0.200666
0.220874
0.218367
0.222027
0.248588
0.224722
0.23734
0.245797
0.222391
0.244141
0.228738
0.231457
0.240128
0.237737
0.228675
0.2314
0.24173
0.239464
0.281149
0.275438
0.235275
0.245099
0.245349
0.270929
0.241898
0.25112
0.235775
0.237682
0.229098
0.191811
0.228126
0.234721
0.239855
0.245258
0.247338
0.239461
0.223727
0.261681
0.248184
0.252826
0.227092
0.212208
0.25376
0.25507
0.229077
0.253394
0.247014
0.258573
0.266249
0.251007
0.25812
0.279941
0.270507
0.269321
0.287236
0.262066
0.269944
0.269791
0.236471
0.235195
0.269168
0.244286
0.250662
0.263501
0.251736
0.240431
0.221971
0.258139
0.260484
0.268274
0.231357
0.283522
0.279923
0.291093
0.238923
0.260318
0.25189
0.263984
0.262321
0.248693
0.273432
0.232452
0.239522
0.249286
0.228133
0.243733
0.229328
0.269366
0.272448
0.24165
0.27717
0.225443
0.294893
0.287106
0.293531
0.2892
0.31054
0.262686
0.305504
0.286062
0.303401
0.286687
0.280473
0.24202
0.271669
0.241732
0.257636
0.263464
0.274044
0.267452
0.262615
0.286574
0.269962
0.323466
0.269595
0.281481
0.2618
0.275953
0.253507
0.2631
0.214028
0.245147
0.252233
0.23734
0.294704
0.252871
0.298528
0.287545
0.290716
0.2603
0.278558
0.30295
0.28486
0.299622
0.293693
0.301744
0.291153
0.285256
0.30546
0.291042
0.307071
0.295578
0.310401
0.324131
0.313415
0.271706
0.27845
0.285012
0.27348
0.265401
0.27494
0.23254
0.229003
0.251367
0.226377
0.259855
0.271854
0.263882
0.266253
0.271638
0.251288
0.259265
0.278955
0.263752
0.29566
0.291449
0.258435
0.266363
0.277409
0.307742
0.284707
0.315194
0.295165
0.289915
0.29819
0.287914
0.294382
0.28276
0.266891
0.280465
0.263794
0.279299
0.300632
0.259945
0.258574
0.286799
0.242029
0.239797
0.263182
0.263802
0.281903
0.283226
0.236323
0.234694
0.270779
0.244089
0.232929
0.244887
0.22589
0.227955
0.228429
0.236484
0.238288
0.224887
0.243748
0.219655
0.240886
0.239612
0.231798
0.254631
0.245805
0.265605
0.255784
0.30603
0.276953
0.301515
0.257235
0.275494
0.273961
0.282389
0.27148
0.267427
0.285023
0.272931
0.286103
0.264462
0.285291
0.273542
0.288079
0.316877
0.273436
0.260764
0.301684
0.289791
0.279892
0.27878
0.284919
0.273127
0.282581
0.295856
0.270774
0.271466
0.258371
0.261713
0.229773
0.210661
0.220632
0.207556
0.238024
0.2153
0.191781
0.23227
0.224675
0.26209
0.240002
0.231254
0.225282
0.239003
0.230144
0.251074
0.271127
0.25754
0.235461
0.217383
0.249683
0.253506
0.2508
0.242175
0.22098
0.269301
0.255655
0.245939
0.265939
0.251171
0.265776
0.261088
0.296604
0.293994
0.278711
0.270459
0.274703
0.285226
0.26886
0.248335
0.2423
0.283144
0.244131
0.25223
0.250136
0.263381
0.243712
0.243358
0.23666
0.250395
0.24312
0.229161
0.242239
0.242727
0.197915
0.224723
0.214866
0.184405
0.203326
0.213428
0.165779
0.226412
0.200996
0.168779
0.21488
0.17256
0.162227
0.225358
0.193303
0.206536
0.170143
0.199572
0.186373
0.171485
0.20929
0.209605
0.194745
0.18292
0.21333
0.195079
0.20824
0.21237
0.224267
0.190196
0.193066
0.220238
0.212823
0.181654
0.211427
0.210338
0.203826
0.223784
0.228292
0.197916
0.231502
0.210137
0.212732
0.209352
0.227416
0.188849
0.206977
0.211939
0.209498
0.209888
0.198392
0.205563
0.211141
0.220025
0.199866
0.185625
0.193232
0.175912
0.176031
0.170267
0.202872
0.180727
0.202203
0.23132
0.239886
0.261045
0.252494
0.280522
0.252984
0.280116
0.269745
0.315415
0.244518
0.281149
0.263893
0.253559
0.228395
0.216388
0.23389
0.218849
0.239669
0.239318
0.207728
0.253864
0.240397
0.231514
0.251525
0.242639
0.267579
0.25089
0.251433
0.25033
0.239102
0.273353
0.258201
0.250689
0.229158
0.256441
0.235178
0.272068
0.266402
0.262858
0.267847
0.248149
0.248643
0.242562
0.265818
0.255367
0.276927
0.276217
0.253983
0.271341
0.246895
0.277399
0.242706
0.286152
0.279846
0.264198
0.2751
0.291134
0.263502
0.275873
0.267221
0.24773
0.279456
0.260871
0.278878
0.272097
0.285282
0.286676
0.290857
0.28233
0.298768
0.298163
0.297883
0.259949
0.282135
0.240257
0.271413
0.260539
0.281449
0.262808
0.270853
0.246932
0.255899
0.272561
0.270322
0.290986
0.26935
0.285988
0.308273
0.280403
0.306837
0.29913
0.314075
0.273372
0.309872
0.270788
0.280993
0.298841
0.308383
0.298638
0.298081
0.24901
0.291705
0.266949
0.304057
0.266515
0.294098
0.303632
0.314053
0.310302
0.299266
0.315455
0.316297
0.298941
0.295605
0.287303
0.299233
0.29458
0.271714
0.297644
0.276402
0.260402
0.293039
0.276038
0.255525
0.264464
0.294928
0.263993
0.299776
0.298505
0.311558
0.285147
0.328278
0.327097
0.322424
0.300045
0.337194
0.278989
0.312265
0.298113
0.325623
0.28645
0.314144
0.257016
0.316497
0.270438
0.272807
0.28625
0.285401
0.288891
0.275885
0.308895
0.32421
0.291667
0.307838
0.304064
0.320536
0.314192
0.326801
0.294207
0.293299
0.321947
0.30458
0.279147
0.266652
0.25531
0.269635
0.252166
0.26104
0.226623
0.257775
0.242543
0.247297
0.276386
0.276059
0.298464
0.326127
0.306901
0.317764
0.292685
0.302697
0.300451
0.31978
0.299472
0.269284
0.272192
0.218365
0.259766
0.251429
0.237896
0.221326
0.217111
0.212975
0.258215
0.253478
0.232167
0.249918
0.235961
0.247412
0.26688
0.249695
0.251757
0.240109
0.241032
0.258316
0.239168
0.241653
0.2405
0.255408
0.255369
0.216548
0.242074
0.238941
0.219793
0.237222
0.244971
0.245277
0.219716
0.243415
0.225559
0.261925
0.109802
0.103276
0.162846
0.137652
0.147388
0.111745
0.118301
0.164934
0.0878832
0.119826
0.106457
0.0799024
0.0929136
0.109164
0.0985413
0.0952432
0.0967897
0.104921
0.0904891
0.0964558
0.120553
-0.000763881
0.0317824
0.0207048
0.0672678
0.0417036
0.0539439
0.0345372
0.0141137
0.0118114
0.0222469
0.0242971
0.043991
0.0245069
0.031127
0.0272805
0.00903544
0.00792184
-0.00408023
0.00250827
0.00653816
0.0110075
-0.0182541
0.000784456
0.0197274
-0.0202457
-0.0137698
-0.0331587
0.00568163
-0.0216734
-0.04152
-0.00705082
-0.0233309
0.00321077
-0.0138145
-0.0142736
-0.0119476
-0.0383071
-0.00198725
-0.0337421
-0.0256477
-0.027004
-0.0235683
-0.0304527
-0.0115502
-0.0337953
-0.0413667
-0.0107059
-0.0212525
-0.0161296
0.00493764
-0.0246223
-0.00798517
0.00628301
-0.00456704
-0.0141538
-0.0114809
-0.000527747
-0.00712049
-0.0152818
-7.54977e-05
0.00828189
-0.00654405
0.0102863
0.0239372
-0.00699934
-0.00180104
-0.0143057
-0.00680486
0.00184034
-0.0228052
-0.0225141
-0.0136574
-0.0180468
-0.0155982
0.00385134
0.00861937
-0.0156613
0.00775969
-0.00506083
-0.00889819
-0.0146814
-0.0276471
0.0252941
-0.00518999
-0.00914856
0.00654167
-0.0233394
-0.00685877
0.00532407
-0.00021957
0.00622678
0.000253445
0.00493859
0.0048145
-0.0102747
-0.0210552
0.00375781
-0.00302704
-0.00585373
0.00196349
-0.0192095
0.00247011
0.00648168
-0.00673839
0.0101383
0.00309152
0.00187715
-0.00540569
-0.0125016
0.00485581
-0.00341011
-0.00949145
0.00404904
0.0160363
-0.014036
-0.0127387
-0.00308424
-0.00567582
0.00588854
-0.00106217
-0.000902766
0.00690751
-0.00871348
0.00930355
-7.87696e-05
-0.00253107
0.00993415
-0.0200624
-0.0336769
-0.0286685
-0.0611457
-0.0694687
-0.121118
-0.113728
-0.115608
-0.136678
-0.109627
-0.0832227
-0.100008
-0.101267
-0.118568
-0.135072
-0.148103
-0.233831
-0.229227
-0.230544
-0.220997
-0.199547
-0.125914
-0.151867
-0.116463
-0.0370597
-0.0194713
-0.0258596
-0.0196031
-0.0308343
-0.057137
-0.0837798
-0.0600063
-0.0526542
-0.0488164
-0.0786894
-0.0560976
-0.0376785
-0.0349752
-0.0591382
-0.0397494
-0.0262051
-0.0226353
-0.0206984
-0.0370259
-0.0288455
-0.0316227
-0.0306561
-0.0402872
-0.0428591
-0.0275751
-0.0297389
-0.0213269
-0.041058
-0.0332751
-0.0158629
-0.00340778
-0.0325194
-0.0204829
-0.0174692
-0.0230274
-0.000596004
-0.0142945
-0.00269563
-0.00773343
-0.00215666
-0.00397915
0.00753663
-0.00890173
-0.0220284
-0.0329441
-0.0177524
-0.0265292
-0.00417593
-0.0176746
-0.0104865
-0.0139357
-0.0111202
-0.0575518
-0.0634871
-0.0519833
-0.0844632
-0.0683084
-0.0787012
-0.08724
-0.0908862
-0.044208
-0.0335581
-0.0434881
-0.0369803
-0.0331954
-0.0212128
-0.0117165
0.0167438
-0.000266732
0.00872751
0.0321902
0.00175364
0.0323732
0.0581979
0.056794
0.0490833
0.0444411
0.0442545
0.0595332
0.0425105
0.0248145
-0.00473136
-0.00281174
0.00805467
0.0186654
-0.00101712
-0.00544939
-0.0040783
-0.00377626
-0.00327328
0.031638
0.0353225
0.021165
0.0405567
0.0634144
0.0958434
0.0728282
0.110024
0.166369
0.132961
0.124665
0.14325
0.0950706
0.0963146
0.0908013
0.0798498
0.0736133
0.0634842
0.0222008
0.033224
0.0398205
0.110252
0.110252
0.140901
0.128718
0.155946
0.183388
0.173657
0.156113
0.165663
0.161726
0.155231
0.145736
0.177552
0.153433
0.150044
0.139379
0.142911
0.118643
0.101075
0.0823097
0.0816503
0.147475
0.165549
0.140907
0.132744
0.148563
0.180152
0.166905
0.19838
0.189423
0.224969
0.217265
0.211811
0.229029
0.221016
0.230339
0.215345
0.241882
0.240671
0.24587
0.188246
0.215947
0.233658
0.216243
0.241902
0.240205
0.268661
0.240318
0.239307
0.242735
0.218081
0.244353
0.229333
0.272748
0.254341
0.217282
0.232445
0.227901
0.202207
0.174504
0.192658
0.181493
0.230445
0.217174
0.237599
0.229001
0.235095
0.229297
0.222238
0.221439
0.222295
0.228481
0.185395
0.210966
0.219015
0.210836
0.205749
0.23464
0.233744
0.243942
0.251823
0.234702
0.222839
0.226263
0.238841
0.23983
0.224576
0.241565
0.215025
0.211653
0.184037
0.206213
0.21759
0.171328
0.20196
0.235179
0.223591
0.21534
0.229924
0.231434
0.226959
0.230635
0.234062
0.247808
0.225516
0.244497
0.246118
0.22858
0.251242
0.239651
0.246909
0.228703
0.224564
0.246071
0.24416
0.259981
0.259269
0.282505
0.257625
0.262862
0.234413
0.254716
0.245873
0.228516
0.247834
0.192724
0.205298
0.202912
0.236459
0.24382
0.224834
0.200726
0.241229
0.24995
0.225841
0.243641
0.245261
0.258028
0.252883
0.24601
0.229365
0.223924
0.260019
0.253048
0.231236
0.245262
0.235645
0.256743
0.251875
0.242433
0.244193
0.234273
0.247953
0.272325
0.260561
0.236234
0.262828
0.242301
0.222793
0.24968
0.215944
0.216535
0.22388
0.22219
0.222799
0.220338
0.201312
0.212466
0.215826
0.208745
0.215014
0.217493
0.221783
0.224282
0.250437
0.24825
0.237336
0.206232
0.199198
0.215122
0.228104
0.258406
0.219732
0.195918
0.189489
0.187925
0.149534
0.166256
0.140247
0.159277
0.151163
0.139681
0.15452
0.112352
0.0899998
0.109665
0.108532
0.0607767
0.0809013
0.0933471
0.0574188
0.0886506
0.117208
0.0627051
0.0842173
0.076865
0.0789295
0.0750164
0.0697817
0.076753
0.0880383
0.0602457
0.0679888
0.0439982
0.0847659
0.0859385
0.102308
0.0636162
0.086961
0.0688078
0.0793401
0.0815166
0.0888019
0.061392
0.0729855
0.0634218
0.0410498
0.0400071
0.0489042
0.0735248
0.088194
0.0844578
0.0616922
0.0302661
0.0147768
0.0389651
0.0480228
0.0580274
0.0628502
0.0346167
0.0261007
0.0231059
0.0061644
0.0119319
0.000964981
-0.0046431
-0.00905884
-0.0231753
-0.0126262
0.00457904
0.000333768
-0.00172503
0.00255911
-0.0173762
-0.00530626
-0.0122137
-0.00154717
0.014169
-0.0047053
0.00173044
-0.00624294
-0.0205544
-0.0202746
-0.0150906
-0.0510907
-0.0222496
-0.0265611
-0.0192672
-0.0488378
-0.0723339
-0.0414478
-0.0270471
-0.0428132
-0.00683475
-0.0189428
-0.0186409
-0.014213
-0.00446966
0.0060163
-0.0045648
-0.0244791
-0.00332203
-0.00616621
-0.0027844
0.00350142
0.0197016
0.00400301
0.000294702
0.015555
-0.0175203
-0.000515555
0.00947589
0.000183744
-0.000109267
0.000131816
-0.015938
-0.00398038
0.00176784
-0.0162142
-0.01636
-0.0173339
0.00969584
-0.0200622
-0.00229822
-0.0206398
-0.0285397
-0.0164233
0.00118014
-0.0112996
-0.0105878
-0.0209378
-0.0102321
-0.0277371
-0.0361161
-0.0621581
-0.0432539
-0.0354151
-0.0668112
-0.0904357
-0.129325
-0.111294
-0.20011
-0.238014
-0.23213
-0.219436
-0.22379
-0.216213
-0.201315
-0.221042
-0.230194
-0.178376
-0.203842
-0.201955
-0.179658
-0.175996
-0.170224
-0.162808
-0.1745
-0.169979
-0.188528
-0.162332
-0.160172
-0.185455
-0.212359
-0.182005
-0.169292
-0.128373
-0.147104
-0.132268
-0.162175
-0.172227
-0.157641
-0.15696
-0.154713
-0.185896
-0.180854
-0.159246
-0.193052
-0.142627
-0.116604
-0.114286
-0.100462
-0.0673803
-0.0445974
-0.0798455
-0.0889601
-0.0893947
-0.0673873
-0.12752
-0.212732
-0.181755
-0.131583
-0.124378
-0.150071
-0.112763
-0.124247
-0.122882
-0.134501
-0.160932
-0.118186
-0.162191
-0.175043
-0.168592
-0.20385
-0.220184
-0.186786
-0.149001
-0.184352
-0.11619
-0.17263
-0.150688
-0.155396
-0.143552
-0.161138
-0.19911
-0.195477
-0.18174
-0.177822
-0.208885
-0.17314
-0.191875
-0.176956
-0.195134
-0.231253
-0.221011
-0.203041
-0.246921
-0.195058
-0.221109
-0.244361
-0.200536
-0.21477
-0.279904
-0.241249
-0.271328
-0.257194
-0.289494
-0.247546
-0.225131
-0.290691
-0.289059
-0.301825
-0.323503
-0.282965
-0.299115
-0.288019
-0.305853
-0.291426
-0.300487
-0.30331
-0.323573
-0.311094
-0.305539
-0.289357
-0.383155
-0.30455
-0.32654
-0.268528
-0.263758
-0.262959
-0.289041
-0.290107
-0.257746
-0.248697
-0.225847
-0.252656
-0.271459
-0.265238
-0.288539
-0.302101
-0.293861
-0.307568
-0.286508
-0.313097
-0.342656
-0.314639
-0.33414
-0.290871
-0.34793
-0.358678
-0.326045
-0.289849
-0.332411
-0.325758
-0.347844
-0.31615
-0.329293
-0.322072
-0.336977
-0.350653
-0.337084
-0.316166
-0.389249
-0.336251
-0.375549
-0.413141
-0.344819
-0.372624
-0.372017
-0.39019
-0.393228
-0.371493
-0.354582
-0.388298
-0.37761
-0.383314
-0.349988
-0.363694
-0.364731
-0.338765
-0.365968
-0.365216
-0.369804
-0.327238
-0.408191
-0.385165
-0.391331
-0.361478
-0.404058
-0.403047
-0.385615
-0.398423
-0.416262
-0.406234
-0.415903
-0.377451
-0.376966
-0.391156
-0.376133
-0.37047
-0.360926
-0.374794
-0.391275
-0.371244
-0.381552
-0.368288
-0.375467
-0.390861
-0.369406
-0.385999
-0.393341
-0.378177
-0.38814
-0.383083
-0.35023
-0.387418
-0.368216
-0.350259
-0.389901
-0.360671
-0.392953
-0.412462
-0.382768
-0.362261
-0.39412
-0.401505
-0.408045
-0.364882
-0.374444
-0.413858
-0.398025
-0.378357
-0.391176
-0.368358
-0.395638
-0.435961
-0.371827
-0.395734
-0.427394
-0.372822
-0.383065
-0.408541
-0.364634
-0.401207
-0.38884
-0.360139
-0.352896
-0.327622
-0.351125
-0.368933
-0.347897
-0.338259
-0.330639
-0.365669
-0.369809
-0.356711
-0.396354
-0.372598
-0.404994
-0.391834
-0.384033
-0.421346
-0.399597
-0.427483
-0.403696
-0.351178
-0.42449
-0.403989
-0.402468
-0.411536
-0.391021
-0.40784
-0.413843
-0.390737
-0.387816
-0.389757
-0.359828
-0.357238
-0.333387
-0.3505
-0.353233
-0.338716
-0.360889
-0.319503
-0.358208
-0.361328
-0.374932
-0.378707
-0.364594
-0.365845
-0.358799
-0.355954
-0.394642
-0.345988
-0.352384
-0.353251
-0.362361
-0.389609
-0.353821
-0.402183
-0.371123
-0.387369
-0.373542
-0.382802
-0.36926
-0.348168
-0.349991
-0.335979
-0.337738
-0.314333
-0.283935
-0.292651
-0.268637
-0.250139
-0.248183
-0.268716
-0.290225
-0.284787
-0.311513
-0.303463
-0.334891
-0.309334
-0.342889
-0.328324
-0.335039
-0.325828
-0.328705
-0.302956
-0.260329
-0.224656
-0.216958
-0.210269
-0.187699
-0.190539
-0.161117
-0.128439
-0.192093
-0.221222
-0.262756
-0.328803
-0.37388
-0.362131
-0.338404
-0.287316
-0.31811
-0.295865
-0.324448
-0.26027
-0.28463
-0.251816
-0.276225
-0.288888
-0.308969
-0.31027
-0.281175
-0.263724
-0.238557
-0.253258
-0.269556
-0.327861
-0.304647
-0.354026
-0.301491
-0.304614
-0.303084
-0.314923
-0.296067
-0.292954
-0.272435
-0.285688
-0.280149
-0.282769
-0.268585
-0.26183
-0.254854
-0.246215
-0.22514
-0.239503
-0.20501
-0.198275
-0.201015
-0.220663
-0.222741
-0.219078
-0.24441
-0.2048
-0.204555
-0.219591
-0.167547
-0.16003
-0.124273
-0.131202
-0.0664944
-0.0504934
-0.0105266
-0.0117359
-0.000689717
0.00971257
0.0222462
0.0064473
0.00085398
-0.00634027
-0.00880685
0.00917548
-0.0111234
-0.0125914
0.00207571
0.0106442
-0.000789635
0.00794995
-0.0267184
0.00606021
0.0210694
0.0134978
0.0174061
0.0118768
0.00177006
-0.0146768
-0.0264862
-0.00250092
-0.00787528
-0.0183487
-0.0163048
0.00953508
0.00931311
0.00213793
0.00939444
-0.00321985
0.00774502
0.00437394
-0.0027969
-0.00806181
-0.0207485
-0.0136407
-0.0142398
-0.00684665
-0.00872292
-0.0177355
-0.0108019
-0.0136595
0.00207711
-0.000453865
-0.000277498
-0.0243133
-0.00938468
-0.0237625
-0.0144279
-0.0151609
0.0184733
0.066012
0.0539005
0.0654654
0.0627381
0.0744164
0.0490376
0.094759
0.048378
0.0320781
0.0441588
0.0320271
0.0361046
0.0346045
0.0375225
0.0169318
-0.0070034
-0.00877235
-0.0312933
-0.018353
-0.0815314
-0.0427462
-0.087738
-0.0692163
-0.0446385
-0.0229465
-0.0227756
-0.0163751
0.00457037
0.00693794
0.0274293
0.0339594
0.0317102
0.026234
-0.0124063
-0.0230089
-0.00761468
-0.0406637
-0.022012
-0.00372804
0.010798
0.008081
-0.00139788
-0.00264798
-0.0139029
-0.00564563
-0.018978
-0.0425125
-0.024608
-0.00601188
0.0170929
-0.0179665
-0.0550286
-0.0478086
-0.0542441
-0.0616159
-0.096301
-0.0784219
-0.113623
-0.122904
-0.11076
-0.152822
-0.120251
-0.0913835
-0.0561716
-0.105143
-0.105702
-0.100398
-0.0927704
-0.0802131
-0.0985692
-0.0935926
-0.110439
-0.0803158
-0.0653307
-0.0659274
-0.0361842
-0.0477728
-0.0488621
-0.073323
-0.0675483
-0.0715736
-0.0709154
-0.0848201
-0.0561999
-0.0759072
-0.0824277
-0.0881952
-0.096797
-0.0837135
-0.080681
-0.0773836
-0.100068
-0.0945438
-0.091405
-0.0937589
-0.0980988
-0.0928181
-0.11575
-0.104586
-0.109635
-0.121974
-0.121678
-0.115613
-0.113765
-0.086864
-0.125284
-0.106114
-0.126412
-0.114798
-0.113238
-0.11948
-0.0986193
-0.123073
-0.141942
-0.128994
-0.14816
-0.168797
-0.142994
-0.155017
-0.176443
-0.193015
-0.173865
-0.169674
-0.150173
-0.154009
-0.165194
-0.165156
-0.173607
-0.181705
-0.168795
-0.17634
-0.151011
-0.147521
-0.135641
-0.130497
-0.0902802
-0.132035
-0.130315
-0.0759927
-0.0994832
-0.0577899
-0.00250323
-0.0433137
-0.02687
0.00407303
-0.0149455
0.00702115
0.0133472
0.00604651
0.00100613
0.00397026
-0.0190978
-0.0393382
-0.0856675
-0.0669414
-0.0418437
-0.0545533
-0.0863626
-0.08835
-0.127223
-0.115296
-0.120712
-0.107952
-0.134311
-0.10519
-0.124137
-0.138711
-0.158077
-0.143718
-0.131746
-0.117985
-0.130495
-0.137775
-0.149394
-0.15636
-0.188269
-0.181548
-0.183535
-0.175365
-0.148503
-0.194289
-0.212993
-0.178631
-0.191117
-0.205517
-0.170195
-0.187425
-0.193552
-0.207383
-0.185765
-0.179477
-0.191775
-0.1907
-0.19641
-0.209101
-0.215266
-0.236598
-0.231034
-0.236741
-0.218402
-0.229845
-0.256433
-0.233074
-0.223442
-0.197212
-0.220401
-0.202944
-0.212246
-0.258385
-0.232514
-0.24358
-0.193847
-0.178303
-0.223571
-0.192628
-0.222015
-0.210077
-0.230328
-0.25805
-0.232883
-0.246743
-0.237264
-0.248699
-0.252566
-0.268393
-0.232144
-0.200832
-0.198091
-0.200064
-0.207297
-0.209789
-0.208618
-0.180649
-0.170818
-0.168698
-0.151111
-0.157658
-0.166981
-0.188583
-0.206739
-0.214756
-0.16126
-0.201229
-0.213102
-0.198357
-0.210908
-0.222807
-0.236072
-0.270383
-0.254053
-0.273539
-0.279462
-0.260926
-0.243821
-0.267993
-0.284884
-0.287575
-0.270951
-0.258613
-0.276065
-0.266706
-0.305238
-0.288169
-0.278178
-0.300097
-0.291754
-0.298034
-0.292791
-0.334844
-0.356756
-0.335715
-0.330826
-0.320796
-0.318002
-0.330291
-0.316544
-0.330689
-0.329327
-0.306138
-0.316173
-0.334707
-0.337129
-0.308686
-0.312454
-0.305499
-0.326685
-0.297766
-0.320349
-0.285352
-0.318025
-0.324876
-0.321608
-0.328983
-0.294803
-0.301424
-0.333914
-0.317663
-0.31719
-0.32495
-0.313837
-0.320851
-0.333063
-0.314566
-0.302661
-0.284218
-0.268444
-0.287748
-0.305201
-0.294606
-0.283864
-0.277234
-0.296099
-0.295827
-0.311308
-0.26424
-0.263826
-0.247246
-0.223055
-0.265729
-0.253084
-0.239778
-0.256313
-0.241284
-0.256056
-0.236498
-0.245501
-0.266559
-0.225151
-0.231397
-0.202049
-0.191381
-0.173848
-0.1696
-0.136431
-0.155754
-0.148418
-0.0720644
-0.0694676
-0.0385277
0.0177543
-0.0457504
-0.0152441
-0.0284071
-0.0539515
-0.0920139
-0.0129334
-0.064168
-0.0307756
-0.0137461
-0.0215822
-0.018784
-0.0229781
0.0097621
-0.00770308
0.00384104
0.0166723
0.012198
0.0234977
0.0026759
0.0225982
0.0171486
0.0534763
0.0225743
0.0299973
0.0635792
0.0599234
0.0833812
0.105222
0.177193
0.0645775
0.0918478
0.0462922
0.0441424
0.0281529
0.0263194
0.0467477
0.0535002
0.031305
0.0726239
0.0597202
0.0771451
0.0869792
0.0510263
0.0160914
0.0188237
0.00521881
0.0148893
-0.0235305
0.046776
0.0252824
-0.0091139
0.0361797
-0.00188333
0.00857698
0.0102136
-0.0118062
-0.0101285
-0.025527
-0.0263463
-0.0192763
0.0148668
0.0251185
0.0297921
0.0186452
0.0344227
0.0121304
-0.00766287
0.00790422
-0.0140316
-0.00270564
-0.00878835
-0.0111701
0.0043161
-0.00626337
0.0123799
0.0361808
0.0184662
0.0379148
0.0352926
0.0342876
0.0432736
0.0267092
0.0335967
0.00875553
-0.0108469
0.00545224
0.0181802
0.0212222
0.0109967
0.0363542
0.0438022
0.0230668
0.0436389
0.0170598
0.0468854
0.01045
0.0698818
0.0331866
0.0677335
0.0423928
0.0485445
0.0319123
0.018741
0.00277533
-0.0053164
0.00976722
0.0053346
0.0439979
0.0552985
0.0462044
0.0231807
-0.0010153
0.00584621
0.0116882
-0.0135503
-0.0327808
-0.0463634
-0.0609195
-0.0418566
-0.052823
-0.0544961
-0.0343676
-0.104234
0.00613314
0.00396195
-0.00870474
0.0122266
-0.00988234
0.0216537
0.029508
0.0848996
0.00441409
0.0278751
0.0198165
0.0129076
-0.00223573
0.00492131
-0.0586139
-0.0332328
-0.125465
-0.0350979
-0.059067
-0.0551456
-0.038884
-0.0271252
-0.0452171
-0.0276288
0.00350507
0.00653994
-0.0124529
0.0208582
-0.00246178
0.0444007
0.0516212
0.0998652
0.0878085
0.068488
0.0782217
0.0644681
0.0466335
0.0187661
0.00787612
-0.0228786
-0.0445346
-0.0431089
-0.0501552
-0.129934
-0.0694529
-0.0411842
-0.0654252
-0.0336403
0.00975903
-0.000784691
-0.00522572
0.00484272
-0.027419
-0.0282125
-0.035197
-0.0517829
-0.0740395
-0.0421797
0.00562059
-0.017313
-0.0470834
-0.0232392
-0.00386445
-0.073391
-0.0329992
-0.0583866
-0.0902434
-0.0962583
-0.0794568
-0.0450315
-0.0291322
-0.0171647
0.00398671
-0.0175975
-0.0425249
-0.0384607
-0.0748217
-0.0868496
-0.07288
-0.0327656
-0.0279463
-0.0376048
-0.0474392
-0.0506348
-0.0800958
-0.0914427
-0.0765972
-0.0442188
-0.0125501
0.0105591
-0.0165035
-0.0233477
-0.0491051
-0.0294048
-0.0348322
-0.0647877
-0.0379612
-0.030773
0.0139552
-0.0126815
0.0134072
0.0200817
0.0399471
0.0205785
0.00345957
0.00763764
-0.0376208
-0.0716535
-0.113626
-0.0712626
-0.10028
-0.150897
-0.132854
-0.143824
-0.130655
-0.100797
-0.092429
-0.0755447
-0.0649144
-0.0611544
-0.075954
-0.0749904
-0.0737889
-0.0723878
-0.0861776
-0.0517854
-0.043614
-0.0187888
-0.0144814
-0.00410419
-0.00865142
-0.0281424
-0.0664419
-0.0833263
-0.0946519
-0.0965744
-0.0977653
-0.0958437
-0.0793017
-0.0950069
-0.0717162
-0.0185983
-0.0123806
-0.00504675
-0.00964698
0.00666668
0.00866463
0.0180777
-0.00953932
0.0121243
0.0170597
0.0328577
0.0155343
-0.00301293
-0.00816732
-0.0118703
-0.0462342
-0.0378395
-0.0680705
-0.0855278
-0.0923988
-0.0918479
-0.0806622
-0.0671017
-0.0299996
-0.009306
-0.0292368
0.0102472
-0.0103733
0.00465639
-0.0135373
-0.00370352
-0.00424554
0.00788599
-0.00265134
-0.0135103
0.012168
0.0144122
0.0149164
-0.00360216
-0.00693835
-0.0237488
-0.0216486
0.000805667
-0.011408
0.0045725
-0.032229
-0.0568641
-0.0684327
-0.0569465
-0.0699034
-0.0616268
-0.0546204
-0.0540485
-0.0786468
-0.0789197
-0.0745291
-0.0650577
-0.0765628
-0.0921908
-0.0938472
-0.109779
-0.118923
-0.0854032
-0.0916689
-0.112841
-0.147503
-0.180483
-0.165531
-0.160444
-0.148531
-0.19831
-0.195048
-0.200543
-0.208981
-0.17671
-0.176536
-0.146013
-0.179187
-0.145456
-0.132911
-0.114191
-0.138819
-0.149085
-0.12661
-0.126595
-0.114569
-0.122553
-0.102589
-0.0979019
-0.0760592
-0.0734046
-0.0331885
-0.0241164
0.00128187
-0.00533758
0.0028608
-0.00874975
-0.00322944
-0.0165192
-0.00877264
-0.0205395
-0.0133579
-0.020727
-0.0366906
-0.0443793
-0.0596686
-0.0816387
-0.0938344
-0.101461
-0.092243
-0.134508
-0.147786
-0.150455
-0.116468
-0.129545
-0.119506
-0.0852331
-0.0707719
-0.0737969
-0.0475735
-0.0416347
-0.0303525
-0.0509416
-0.0566778
-0.0753455
-0.0632916
-0.0547738
-0.0438845
-0.0672054
-0.059073
-0.0642858
-0.0426438
-0.0460271
-0.0556774
-0.06316
-0.0731641
-0.101237
-0.113931
-0.102579
-0.0953881
-0.113351
-0.115614
-0.107806
-0.0916616
-0.0700958
-0.0645782
-0.0660459
-0.0773195
-0.0611302
-0.0859237
-0.0912779
-0.0781428
-0.102307
-0.0856782
-0.0453762
-0.100819
-0.112692
-0.137329
-0.126125
-0.0977832
-0.0870635
-0.0544971
-0.0258243
-0.0116206
-0.0207925
-0.0636764
-0.0697518
-0.0649125
-0.0462744
-0.0443612
-0.0237383
-0.0330824
-0.0471464
-0.0596777
-0.0320295
-0.015446
-0.00971494
-0.00299073
0.0158653
0.0391986
0.0053924
0.0184981
0.034618
0.0542531
0.0354169
0.039838
0.0119058
-0.0128286
0.00332717
-0.0170049
0.00145372
-0.00564697
-0.00370476
-0.00083593
0.00656748
-0.0289082
-0.0205214
-0.0134008
0.00377458
-0.0156357
0.00506425
-0.00721515
0.0107568
-0.00896257
0.0234165
0.019899
0.0207535
0.0322029
0.0450348
0.0412441
0.038421
0.0522612
0.0364898
-0.00218304
-0.00519892
0.00628959
0.00301351
0.0131584
0.0401432
0.0396011
0.0435375
0.0422657
0.0247109
0.071865
0.0355364
0.0469585
0.0468233
0.0303037
0.0436131
0.0192773
0.0436488
0.0354851
0.0250956
0.0364814
0.0291296
0.0210427
0.0409843
0.00810668
0.078228
0.0242643
0.0690031
0.0892913
-0.00476907
0.0135738
0.0106763
0.0830661
0.115828
0.0917112
0.0965028
-0.0111833
0.0471728
-0.000916634
0.00513937
0.0309775
0.0325536
0.0391528
0.037253
0.0214131
-0.00731902
-0.00724935
0.00102925
-0.0181833
0.00464252
-0.0203278
0.00166844
-0.000286803
0.00480922
0.0140088
0.00913882
-0.00315927
0.00443854
-0.029725
-0.0249695
-0.0171338
-0.00588688
0.00711749
-0.0114858
-0.00283966
0.0144212
-0.0123878
-0.00788694
0.00648451
0.0175058
0.00488182
0.0254971
0.0443047
0.0384054
0.0325502
0.0199218
0.00949958
0.0197526
0.0197811
0.0322645
0.0425337
0.0190102
0.0174062
0.0161882
0.00974374
0.00766222
0.00976532
0.000604156
-0.0071115
-0.00155825
0.00637768
0.00893696
-0.00410316
0.00190828
-0.00545179
-0.00177316
-0.00799803
0.00498329
-0.0010768
0.00586652
-0.0165594
0.0114986
0.0171635
-0.00935932
0.0111429
0.0147394
0.0122949
0.0206136
-0.0123505
0.00483027
0.000267019
-0.0062191
0.0115625
0.0271029
0.00265263
0.0124533
0.00979868
-0.00629294
-0.0011648
0.000891414
-0.0142619
-0.0247011
-0.0270697
-0.0382034
-0.0192273
-0.00694132
0.000364598
0.00775887
0.00527066
0.0411764
0.0231979
-0.0184424
-0.00699694
0.00247016
0.0143098
0.0279842
0.0266789
0.0198413
0.0113032
-0.0186194
-0.00507994
-0.0289669
-0.00621221
-0.00377241
-0.00489085
-0.00236706
-0.0167768
-0.0331016
-0.0202207
-0.0139933
-0.00771755
-0.0177057
0.0148006
-0.00233973
-0.049714
-0.0279146
-0.0378944
-0.0247415
-0.116979
-0.141858
-0.119708
-0.197927
-0.220294
-0.249872
-0.242505
-0.269745
-0.242052
-0.215034
-0.190758
-0.221586
-0.184395
-0.191003
-0.2072
-0.201298
-0.229242
-0.205753
-0.21056
-0.213097
-0.190245
-0.18471
-0.18398
-0.206837
-0.206511
-0.232105
-0.202443
-0.263096
-0.237943
-0.219885
-0.241751
-0.224499
-0.25478
-0.252145
-0.217763
-0.260563
-0.236161
-0.218066
-0.237801
-0.233174
-0.176371
-0.235183
-0.230288
-0.266716
-0.253948
-0.24017
-0.228681
-0.263679
-0.261372
-0.26728
-0.259026
-0.229126
-0.272537
-0.289826
-0.270173
-0.28451
-0.264557
-0.251015
-0.20696
-0.217613
-0.22867
-0.179606
-0.181588
-0.170819
-0.200358
-0.20732
-0.231108
-0.195484
-0.218254
-0.21589
-0.242313
-0.227365
-0.237367
-0.225602
-0.24873
-0.222607
-0.212919
-0.235726
-0.235548
-0.269094
-0.236668
-0.235967
-0.255421
-0.255204
-0.275508
-0.284013
-0.273454
-0.302003
-0.303915
-0.272385
-0.295481
-0.288256
-0.302881
-0.324617
-0.292277
-0.311903
-0.309069
-0.335205
-0.312755
-0.340117
-0.319441
-0.325262
-0.29068
-0.315418
-0.306795
-0.316876
-0.320188
-0.320696
-0.270636
-0.284616
-0.258944
-0.281862
-0.218379
-0.296204
-0.253152
-0.25949
-0.259481
-0.255746
-0.229087
-0.268094
-0.261487
-0.260977
-0.24957
-0.245935
-0.26693
-0.278761
-0.25359
-0.244249
-0.232362
-0.249898
-0.273892
-0.259146
-0.274141
-0.239406
-0.239173
-0.247898
-0.277569
-0.279131
-0.224384
-0.271108
-0.229689
-0.234726
-0.237368
-0.217634
-0.209862
-0.23296
-0.18808
-0.208831
-0.198031
-0.176828
-0.204677
-0.160395
-0.192517
-0.205492
-0.182123
-0.16939
-0.171274
-0.177523
-0.164708
-0.190934
-0.191972
-0.182863
-0.209246
-0.188465
-0.195528
-0.190298
-0.193195
-0.188515
-0.196844
-0.217799
-0.225879
-0.242009
-0.24909
-0.222353
-0.236395
-0.222498
-0.232024
-0.275195
-0.273914
-0.284711
-0.231332
-0.233752
-0.240218
-0.209695
-0.230077
-0.236134
-0.254261
-0.181459
-0.218957
-0.214873
-0.155235
-0.179987
-0.175044
-0.155202
-0.112163
-0.121022
-0.112279
-0.119854
-0.120924
-0.108421
-0.126666
-0.120672
-0.161804
-0.139345
-0.160028
-0.18604
-0.191907
-0.154988
-0.194517
-0.185183
-0.149495
-0.152764
-0.145905
-0.176135
-0.151023
-0.154517
-0.157083
-0.17406
-0.142988
-0.172785
-0.17101
-0.169207
-0.205146
-0.212039
-0.213652
-0.212798
-0.241546
-0.228827
-0.200753
-0.193272
-0.22068
-0.159782
-0.166148
-0.131605
-0.147722
-0.180694
-0.172092
-0.205954
-0.17261
-0.143508
-0.119495
-0.0734068
-0.107105
-0.150578
-0.152601
-0.162719
-0.106103
-0.116259
-0.150084
-0.103138
-0.123189
-0.0959204
-0.0764396
-0.0900767
-0.0987686
-0.0621493
-0.0559982
-0.0650001
-0.0540683
-0.0397011
-0.0383952
-0.0374039
-0.0324825
-0.00690563
-0.0261024
-0.0487099
-0.0168053
-0.0313683
-0.0828055
-0.0451473
-0.0529809
-0.0674934
-0.0569907
-0.0554981
-0.0409735
-0.0452389
-0.0439178
-0.0704155
-0.0514803
-0.0651898
-0.0602345
-0.0589943
-0.0404453
-0.0318887
-0.0302053
-0.0377818
-0.0278034
-0.023145
-0.0145887
-0.0121629
-0.0297186
-0.0430393
-0.0653079
-0.0914094
-0.0923964
-0.0965692
-0.122736
-0.111328
-0.120048
-0.123422
-0.125466
-0.122999
-0.121867
-0.156767
-0.165092
-0.172914
-0.189749
-0.171108
-0.155661
-0.185824
-0.183541
-0.167226
-0.153915
-0.203777
-0.147428
-0.16384
-0.154768
-0.145424
-0.189349
-0.155483
-0.157566
-0.15086
-0.150037
-0.169781
-0.20827
-0.184851
-0.201168
-0.235923
-0.258674
-0.255044
-0.266735
-0.310294
-0.274014
-0.291357
-0.287503
-0.252586
-0.258493
-0.278605
-0.239815
-0.239079
-0.235108
-0.23565
-0.242936
-0.172723
-0.21822
-0.22868
-0.198911
-0.206491
-0.20717
-0.219085
-0.1899
-0.188385
-0.17737
-0.197922
-0.18282
-0.168405
-0.182384
-0.142861
-0.118844
-0.117427
-0.111956
-0.110304
-0.0846523
-0.0842552
-0.102378
-0.0601373
-0.0630043
-0.0669879
-0.0607738
-0.0571127
-0.0629616
-0.069098
-0.0647378
-0.0328519
-0.0328666
-0.0232128
-0.0379977
-0.0228972
-0.00993104
-0.00529778
-0.012603
0.00202491
0.00594044
0.00266402
0.000752388
0.0128331
0.0113307
0.0120015
0.0155218
-0.00135498
0.00531509
0.000463173
0.00460432
0.0213012
0.0494073
0.0232282
0.0716078
0.036217
0.0522009
0.0855354
0.17427
0.153279
0.027278
0.0186518
0.0149772
-0.00811563
-0.0325384
-0.00171911
0.0155482
0.0040987
0.00684296
0.00641659
0.00630656
-0.0322306
-0.0215257
-0.035361
-0.0590994
-0.0285026
-0.0183992
0.00365476
0.00746596
0.00145838
0.0287574
0.0296929
0.0297869
0.0351155
0.0387903
0.0407982
-0.000657005
0.00619039
0.002374
0.00295782
-0.0149702
-0.0409419
-0.040129
-0.0768462
-0.0552368
-0.080741
-0.104732
-0.150284
-0.198474
-0.197825
-0.219362
-0.203315
-0.215819
-0.201328
-0.203836
-0.178024
-0.130783
-0.105205
-0.109931
-0.117202
-0.0912719
-0.0793507
-0.0643213
-0.0514657
-0.0974557
-0.0786799
-0.0637931
-0.0650465
-0.0509775
-0.0570175
-0.0370931
-0.0345576
-0.0627247
-0.0477825
-0.0602729
-0.0698535
-0.0695234
-0.0834174
-0.0833704
-0.0884489
-0.0860323
-0.0832957
-0.122495
-0.113021
-0.128893
-0.0902096
-0.0956065
-0.106196
-0.0860342
-0.0892482
-0.0851554
-0.0776837
-0.0706193
-0.0482013
-0.0310725
-0.050664
-0.0693324
-0.0455773
-0.04066
-0.0230555
-0.0160356
0.00125237
-0.00215251
-0.0221206
-0.00998177
0.00874835
-0.00282704
-0.0216927
-0.0188473
-0.020594
-0.0341281
-0.0134827
-0.0425019
-0.0490791
-0.0357698
-0.0298654
-0.0302943
-0.036555
-0.0583717
-0.0467527
-0.0439145
-0.0356031
-0.0341057
-0.0316177
-0.0387541
-0.0642066
-0.0599587
-0.0768174
-0.0976647
-0.0778302
-0.0894221
-0.100633
-0.103772
-0.103625
-0.0795553
-0.0848676
-0.0866136
-0.082721
-0.0957274
-0.103136
-0.0781965
-0.0806011
-0.0662177
-0.0818091
-0.0815118
-0.0747145
-0.0680084
-0.0811818
-0.0515272
-0.0465271
-0.0638894
-0.0579417
-0.0595641
-0.0664824
-0.0535497
-0.0231507
-0.0234729
-0.0210181
-0.0184345
0.0032772
0.00567489
-0.00567923
0.00220311
-0.0263353
-0.00050019
0.000152232
-0.0120492
0.00883019
0.0145627
0.0101212
-0.0101654
-0.00464439
-0.0137776
0.0104812
0.0331945
0.0315875
0.0407272
0.047008
0.0778381
0.200768
0.0953108
0.125683
0.12787
0.108642
0.0679227
0.155528
0.0561596
0.0588968
0.0659407
0.0497561
0.0284412
0.012045
0.0170237
0.00875268
0.0231096
0.0312168
0.035473
0.0465701
0.0534199
0.0478521
0.0789508
-0.000420551
0.0290872
0.0580573
0.0340165
0.0827688
0.121657
0.159839
0.149992
0.134901
0.206023
0.229928
0.238041
0.276904
0.263745
0.246266
0.248961
0.225498
0.291834
0.26703
0.297634
0.233768
0.167562
0.14586
0.111785
0.0950186
0.106708
0.0899171
0.117248
0.134374
0.165022
0.15773
0.177162
0.179284
0.199474
0.195087
0.181965
0.195412
0.216877
0.185302
0.236582
0.224895
0.216188
0.218611
0.22103
0.194424
0.204461
0.194113
0.185053
0.182442
0.167233
0.193671
0.182176
0.185468
0.154916
0.149508
0.178889
0.165399
0.176614
0.185497
0.206626
0.211572
0.217443
0.226248
0.25126
0.23312
0.200731
0.198328
0.192595
0.204356
0.2241
0.216662
0.238646
0.253639
0.240956
0.250212
0.255406
0.23706
0.252028
0.251621
0.265944
0.243197
0.213299
0.267038
0.179818
0.213803
0.157001
0.135682
0.0899005
0.0818641
0.0781823
0.0628601
0.0643894
0.0749951
0.0542557
0.0496457
0.0532094
0.0495417
0.0511858
0.0462675
0.0430922
0.0638403
0.0640562
0.0614101
0.0838176
0.0773502
0.0725838
0.038348
0.0335598
0.0344842
0.0407691
0.0273138
0.0249902
0.0201622
0.0152614
0.0239651
-0.00758225
0.00998744
0.00860226
0.021207
0.0344218
0.0243365
0.029374
-0.000587759
0.00204859
-0.00033875
0.00647676
-0.0139648
0.00818051
0.0100746
-0.011897
-0.00828807
0.00448674
-0.00314383
0.00692872
-0.0204037
0.00784778
0.0135501
0.00411036
0.0172906
0.00126101
0.0102031
0.00591027
-0.0209401
0.00670774
0.00300982
-0.0110484
0.00493395
0.0178394
0.0509829
0.0490083
0.0183674
0.00985943
0.0020329
0.00704064
0.0101761
0.00649396
0.0143188
-0.0109206
-0.0245128
0.00888531
0.0144898
-0.0179954
0.0126633
-0.00500451
-0.0147042
-0.0174022
-0.00860327
-0.0292828
-0.0189268
-0.00490187
-0.00457529
0.0168206
-0.0101765
0.0142926
0.00571756
0.0332412
0.00742873
0.00307763
0.00803621
-0.00720753
0.00232888
-0.0126697
-0.00529868
-0.00226615
-0.0049247
-0.0245017
-0.022229
-0.0151645
-0.00779266
0.00480524
-0.000452396
-0.00524999
0.0111475
-0.00402453
0.0120768
0.0135951
0.00526342
0.0204301
0.0102678
0.000565906
-0.00923066
0.0138792
0.00868024
0.0110254
0.00348031
-0.000594839
0.0150349
0.0035793
0.000602703
0.0183113
-0.0184644
0.0127432
-0.00237587
-0.00944445
0.00888316
-0.0039059
0.00957312
0.00234756
-0.00531055
0.0255638
0.00262165
0.0038057
0.00408202
0.00132144
-0.00190987
0.0126336
0.00747116
0.00313064
0.0179824
-0.00415135
0.0100917
0.0229142
0.016686
-0.00236065
-0.00536082
-0.00654586
-0.000592778
0.0152566
0.0383409
0.0364441
0.0318177
0.0424858
0.065507
0.129813
0.163564
0.207274
0.191542
0.227052
0.279895
0.277997
0.285709
0.324636
0.2906
0.324823
0.282635
0.30287
0.219233
0.173236
0.0959478
0.0660979
0.0199126
-0.00843075
0.00386747
-0.00123688
0.0288385
0.0379746
0.0678739
0.144433
0.19194
0.220972
0.271992
0.321632
0.378065
0.439151
0.469785
0.233407
-0.123838
0.38607
0.122826
0.364845
0.372895
0.355007
0.299555
0.356216
0.275694
0.263155
0.206239
0.114006
0.0886013
0.0935742
0.0572955
0.038986
0.0316201
0.0965709
0.0899367
0.117625
0.10231
0.0852599
0.0711497
0.0559766
0.0404199
0.00979551
-0.0211385
-0.00187394
0.00116006
-0.0209409
-0.0182071
-0.0162392
-0.0352838
-0.0409056
-0.0352345
-0.0400177
-0.0200316
-0.0275986
-0.0362567
-0.0295003
-0.0297175
-0.00260362
-0.0434479
-0.049339
-0.180077
-0.0451233
-0.0616955
-0.108609
-0.0764293
-0.0762608
-0.0855812
-0.0958165
-0.101721
-0.116276
-0.0930012
-0.06448
-0.00994497
-0.0813194
-0.0465835
-0.026569
-0.0397726
-0.027054
0.0128026
0.000571997
-0.00941997
0.00751658
-0.00512608
-0.0036479
-0.0121731
-0.0139614
-0.0230961
-0.0122337
0.00111258
-0.00362263
-0.0204284
-0.0119758
-0.0140177
-0.000811262
-0.00312953
0.0261685
-0.00416825
-0.0359925
-0.0379501
-0.00989819
-0.00196416
-0.00510734
0.0226749
0.000824177
-0.0124697
-0.0169169
-0.000284957
0.00205371
0.00402503
-0.00251988
0.0172169
-0.00116161
-0.024017
-0.0118497
0.00692165
-0.00859112
-0.00792351
0.00541867
-0.0139116
-0.00881874
-0.000315071
-0.00196567
-0.00236102
0.0118199
0.0243439
0.00150731
0.0246482
-0.00119129
-0.0325135
0.000860761
-0.00748924
0.00184181
-0.00528814
-0.0138306
0.00500934
-0.00642842
0.0160061
-0.0108708
0.0171546
-0.0052237
0.00301779
0.00811781
-0.00474451
-0.00698159
-0.0162659
0.00597943
0.00224407
-0.00723233
-0.00604653
0.012185
0.019709
-0.0141586
-0.00173175
0.0179753
-0.0124615
0.00151682
-0.0111946
-0.0054466
0.000527167
-0.0154526
0.000217939
-0.00258029
-0.0130743
-0.00690456
0.00505086
0.00371573
-0.0078318
-0.0128555
-0.000915348
-0.00374464
0.0181643
0.00413313
-0.00369511
0.00737542
0.0100796
0.0155571
-0.00928485
-0.0165773
0.0197422
-0.00125515
-0.00560693
-0.00515347
-0.00364554
-0.0166591
0.000388528
0.0137247
0.00394319
-0.0118734
0.000220712
0.0142764
0.00287105
-0.000157947
0.000756409
0.00773413
-0.0159974
0.00744382
0.00113351
0.0130247
-0.0047799
-0.00777382
0.0135301
-0.0118418
-0.0105197
-0.0102504
-0.0105591
0.00478127
-0.00528719
-0.00364289
0.00953419
-0.00838196
