-0.925112
-0.925116
-0.925136
-0.925137
-0.925115
-0.925108
-0.925088
-0.925098
-0.925132
-0.925138
-0.925178
-0.925108
-0.925132
-0.925174
-0.92512
-0.925117
-0.925144
-0.925146
-0.925095
-0.925149
-0.925142
-0.925092
-0.925094
-0.925111
-0.925105
-0.925095
-0.925124
-0.925151
-0.925054
-0.925088
-0.925092
-0.925099
-0.925111
-0.925133
-0.925117
-0.925101
-0.925102
-0.925142
-0.925106
-0.925168
-0.925095
-0.925137
-0.925113
-0.925111
-0.925132
-0.925075
-0.925149
-0.92512
-0.925137
-0.925124
-0.925129
-0.925136
-0.925109
-0.925109
-0.9251
-0.925142
-0.925118
-0.925083
-0.925142
-0.925116
-0.925147
-0.925142
-0.925155
-0.925102
-0.925165
-0.925142
-0.925114
-0.925098
-0.92511
-0.925095
-0.925147
-0.925106
-0.925066
-0.925177
-0.925071
-0.925132
-0.92512
-0.925111
-0.925118
-0.925094
-0.92511
-0.925083
-0.925134
-0.925137
-0.925142
-0.925126
-0.925114
-0.925123
-0.925075
-0.925082
-0.925178
-0.925136
-0.92513
-0.925117
-0.925164
-0.925147
-0.925079
-0.925128
-0.925128
-0.925141
-0.925139
-0.925094
-0.925124
-0.925093
-0.925125
-0.925109
-0.925079
-0.925107
-0.925146
-0.925164
-0.925123
-0.925092
-0.925106
-0.92513
-0.925076
-0.925141
-0.925111
-0.925116
-0.925153
-0.925118
-0.925143
-0.925112
-0.925159
-0.925142
-0.925148
-0.925131
-0.925149
-0.925107
-0.925088
-0.925098
-0.92507
-0.925122
-0.925163
-0.925123
-0.925119
-0.925118
-0.925113
-0.925095
-0.925127
-0.925151
-0.925096
-0.925144
-0.925084
-0.925144
-0.925115
-0.92511
-0.925109
-0.925102
-0.925129
-0.92513
-0.925105
-0.925142
-0.925095
-0.925105
-0.925138
-0.925106
-0.925057
-0.925132
-0.925102
-0.925126
-0.925113
-0.925095
-0.925099
-0.925095
-0.925081
-0.925108
-0.925083
-0.925134
-0.925143
-0.925163
-0.925112
-0.925115
-0.925128
-0.925099
-0.925116
-0.925069
-0.92505
-0.925115
-0.925107
-0.92514
-0.925134
-0.925154
-0.925095
-0.925154
-0.925155
-0.925152
-0.925108
-0.925138
-0.925129
-0.925107
-0.925112
-0.925054
-0.925101
-0.925133
-0.925107
-0.925111
-0.925136
-0.925139
-0.925139
-0.925154
-0.9251
-0.925121
-0.92516
-0.925108
-0.925138
-0.925105
-0.925124
-0.925112
-0.925103
-0.925127
-0.925076
-0.925136
-0.925109
-0.92513
-0.925133
-0.925126
-0.92516
-0.925109
-0.925135
-0.925105
-0.925092
-0.925042
-0.925065
-0.925079
-0.925088
-0.925088
-0.925041
-0.925115
-0.925066
-0.925069
-0.925097
-0.925075
-0.925088
-0.925044
-0.924988
-0.92501
-0.925018
-0.925026
-0.92502
-0.924992
-0.925039
-0.924957
-0.924976
-0.925021
-0.924934
-0.924908
-0.924818
-0.924844
-0.924787
-0.92479
-0.924847
-0.92478
-0.924715
-0.924723
-0.924738
-0.924711
-0.924706
-0.924714
-0.924667
-0.924618
-0.924634
-0.924644
-0.924638
-0.92463
-0.924644
-0.924708
-0.924727
-0.9248
-0.924858
-0.924949
-0.924936
-0.924943
-0.924973
-0.924956
-0.92498
-0.924958
-0.925039
-0.925018
-0.92502
-0.925005
-0.925026
-0.924961
-0.925002
-0.925045
-0.925022
-0.924994
-0.924999
-0.924989
-0.924993
-0.924991
-0.925054
-0.925039
-0.925035
-0.925035
-0.925028
-0.925041
-0.924999
-0.925028
-0.924986
-0.925012
-0.924975
-0.925026
-0.924992
-0.925012
-0.925005
-0.925061
-0.925061
-0.925098
-0.925119
-0.925104
-0.925106
-0.925059
-0.925053
-0.924822
-0.924701
-0.924662
-0.924675
-0.924689
-0.924731
-0.924775
-0.924696
-0.924696
-0.924419
-0.924345
-0.924237
-0.924213
-0.924353
-0.92426
-0.924257
-0.924046
-0.924085
-0.924038
-0.923917
-0.923844
-0.923815
-0.923717
-0.923624
-0.923418
-0.923223
-0.922981
-0.922688
-0.922273
-0.921687
-0.920945
-0.920063
-0.918989
-0.918104
-0.917189
-0.916206
-0.915221
-0.914557
-0.913961
-0.913461
-0.912987
-0.912441
-0.911752
-0.911055
-0.910379
-0.909998
-0.909677
-0.909295
-0.908744
-0.908315
-0.907871
-0.907525
-0.906734
-0.906402
-0.906104
-0.905692
-0.905135
-0.904353
-0.903368
-0.902296
-0.901054
-0.899507
-0.897452
-0.895437
-0.893743
-0.892074
-0.890112
-0.88793
-0.885712
-0.883326
-0.881034
-0.878427
-0.875803
-0.873318
-0.870817
-0.868408
-0.865811
-0.863234
-0.860487
-0.857872
-0.855368
-0.852946
-0.850805
-0.848617
-0.84628
-0.844376
-0.842619
-0.841045
-0.839509
-0.837804
-0.834523
-0.832992
-0.831281
-0.829267
-0.827324
-0.825555
-0.823679
-0.821566
-0.819298
-0.816835
-0.81446
-0.81225
-0.810162
-0.807902
-0.805668
-0.803562
-0.801519
-0.799396
-0.797399
-0.795481
-0.793343
-0.791189
-0.788982
-0.787138
-0.785387
-0.783576
-0.781539
-0.779631
-0.777896
-0.776424
-0.774685
-0.772542
-0.770474
-0.768623
-0.766879
-0.76521
-0.763293
-0.761284
-0.759261
-0.755038
-0.752835
-0.750584
-0.748221
-0.746075
-0.743935
-0.741682
-0.739625
-0.737303
-0.735002
-0.732762
-0.730338
-0.728125
-0.726118
-0.724026
-0.722061
-0.720458
-0.718922
-0.717496
-0.715835
-0.713993
-0.712334
-0.710855
-0.709434
-0.707645
-0.705682
-0.70399
-0.702106
-0.699807
-0.697558
-0.695257
-0.692913
-0.690651
-0.688218
-0.685835
-0.683348
-0.678473
-0.676084
-0.673799
-0.671475
-0.669106
-0.666607
-0.664499
-0.662442
-0.660594
-0.658684
-0.656704
-0.654878
-0.653375
-0.651602
-0.649702
-0.647686
-0.645698
-0.644028
-0.642191
-0.640304
-0.638328
-0.636325
-0.634256
-0.632151
-0.629872
-0.627519
-0.625308
-0.623011
-0.620544
-0.618019
-0.615641
-0.613148
-0.610643
-0.608148
-0.605733
-0.603611
-0.59903
-0.597264
-0.595537
-0.593809
-0.59171
-0.589429
-0.587438
-0.585802
-0.583877
-0.581796
-0.579872
-0.577837
-0.575614
-0.573312
-0.570761
-0.568258
-0.565796
-0.563135
-0.560562
-0.557776
-0.555223
-0.552438
-0.549731
-0.546966
-0.544346
-0.541824
-0.539254
-0.537062
-0.534771
-0.532347
-0.530241
-0.528396
-0.526322
-0.523791
-0.521489
-0.517106
-0.514724
-0.512229
-0.509575
-0.507019
-0.504373
-0.501722
-0.49907
-0.496445
-0.49361
-0.491118
-0.488427
-0.48571
-0.48288
-0.480464
-0.478146
-0.475651
-0.473593
-0.471765
-0.469855
-0.467722
-0.465275
-0.463022
-0.460977
-0.458571
-0.456355
-0.454037
-0.451353
-0.448822
-0.446034
-0.443334
-0.440555
-0.437726
-0.434799
-0.432027
-0.425967
-0.423033
-0.420076
-0.417104
-0.41414
-0.411581
-0.408912
-0.406285
-0.404015
-0.401928
-0.399506
-0.396706
-0.394365
-0.391644
-0.388747
-0.385666
-0.382572
-0.379319
-0.376155
-0.372656
-0.369359
-0.365879
-0.362491
-0.359089
-0.35564
-0.35243
-0.349389
-0.346216
-0.343371
-0.340795
-0.337839
-0.334987
-0.33214
-0.329102
-0.326406
-0.3202
-0.316993
-0.313652
-0.310524
-0.307326
-0.30415
-0.301058
-0.297709
-0.294747
-0.291761
-0.28878
-0.286163
-0.283939
-0.281436
-0.279167
-0.27727
-0.275289
-0.272987
-0.271116
-0.269313
-0.266958
-0.264644
-0.261993
-0.259127
-0.256142
-0.253101
-0.249704
-0.24661
-0.243291
-0.240048
-0.236636
-0.233322
-0.229845
-0.226939
-0.224025
-0.221291
-0.21699
-0.214543
-0.212213
-0.210152
-0.207702
-0.205276
-0.2031
-0.200596
-0.197991
-0.195191
-0.192229
-0.189102
-0.186198
-0.182854
-0.179851
-0.176336
-0.173008
-0.169611
-0.166463
-0.163281
-0.160517
-0.157813
-0.154903
-0.151988
-0.149537
-0.146489
-0.143839
-0.141126
-0.138202
-0.135017
-0.131796
-0.128556
-0.125503
-0.121997
-0.118784
-0.11539
-0.109128
-0.10586
-0.102856
-0.0999066
-0.0968111
-0.0942671
-0.0918155
-0.0890067
-0.0861713
-0.0836486
-0.0807946
-0.0781606
-0.0755965
-0.0728594
-0.0703121
-0.0674627
-0.0648284
-0.0621737
-0.059489
-0.0567791
-0.0542061
-0.0516188
-0.0491726
-0.046976
-0.0447193
-0.0425371
-0.0407884
-0.0393814
-0.0376496
-0.0356834
-0.0338803
-0.0323523
-0.0307955
-0.0287059
-0.0267524
-0.0250249
-0.0206435
-0.0182
-0.0157244
-0.0130809
-0.0105091
-0.0078786
-0.00514656
-0.00247175
0.000286043
0.00311309
0.00592083
0.00866604
0.0115039
0.0143222
0.016773
0.019082
0.0214036
0.0236956
0.0254261
0.0268009
0.0285141
0.0307293
0.0326377
0.0345956
0.0365447
0.0387572
0.0410925
0.0435365
0.0459996
0.0486277
0.0512758
0.0539833
0.0567935
0.0594809
0.0622685
0.0648783
0.070466
0.0731768
0.0756266
0.0780768
0.0802686
0.081745
0.083088
0.0845796
0.0864154
0.0879648
0.0894607
0.0907887
0.0923256
0.0941039
0.0958159
0.0971363
0.098689
0.100505
0.102678
0.104791
0.106844
0.109429
0.111765
0.114277
0.117037
0.119549
0.122343
0.124931
0.127789
0.130512
0.133145
0.13574
0.13787
0.139991
0.142233
0.146543
0.148376
0.150343
0.152355
0.154005
0.15546
0.157076
0.15894
0.160878
0.162528
0.164409
0.16616
0.167756
0.169412
0.171113
0.172877
0.174558
0.176389
0.178205
0.17995
0.181691
0.183369
0.185247
0.186994
0.188699
0.190217
0.192192
0.193819
0.195243
0.1972
0.198318
0.199093
0.199767
0.200389
0.201067
0.201788
0.202751
0.203991
0.205339
0.207437
0.208241
0.209344
0.210625
0.212009
0.213575
0.215037
0.216405
0.217819
0.219676
0.221785
0.223918
0.226129
0.22857
0.23077
0.233167
0.23554
0.237847
0.240376
0.24274
0.245274
0.247833
0.25032
0.252782
0.255028
0.257177
0.259178
0.260563
0.262541
0.264465
0.266061
0.26715
0.268004
0.26925
0.270636
0.271914
0.272936
0.274516
0.27547
0.276563
0.278163
0.279773
0.281466
0.283399
0.285216
0.287766
0.289931
0.292138
0.294541
0.296967
0.299574
0.302086
0.305118
0.307943
0.310469
0.31327
0.316241
0.318448
0.320947
0.323384
0.325377
0.327197
0.328502
0.329891
0.33192
0.333467
0.33507
0.336371
0.338281
0.340351
0.342314
0.345954
0.348298
0.350654
0.352862
0.354959
0.357484
0.360127
0.362426
0.364963
0.36762
0.370517
0.37363
0.37646
0.379419
0.382618
0.385339
0.388354
0.390634
0.393952
0.396551
0.399061
0.40214
0.404752
0.407494
0.410621
0.413272
0.416179
0.419241
0.42202
0.424921
0.427709
0.430653
0.433412
0.436704
0.439374
0.442341
0.445035
0.450023
0.452593
0.455152
0.45708
0.45949
0.462024
0.464543
0.467079
0.469746
0.472728
0.475484
0.47856
0.481651
0.484908
0.488101
0.491579
0.494787
0.498056
0.501248
0.504428
0.5077
0.511108
0.513842
0.516484
0.519345
0.521871
0.524534
0.52704
0.529682
0.532592
0.53526
0.537968
0.540866
0.544078
0.547625
0.550836
0.554021
0.557303
0.56338
0.566794
0.570083
0.573696
0.576348
0.57942
0.58235
0.585009
0.587831
0.590725
0.593566
0.596363
0.59914
0.602191
0.605194
0.60823
0.61136
0.614357
0.617491
0.620555
0.623473
0.62625
0.629207
0.632134
0.634934
0.637811
0.640364
0.642498
0.644873
0.647319
0.649704
0.651977
0.654557
0.657141
0.65962
0.66255
0.665243
0.668235
0.671021
0.676448
0.679116
0.681881
0.684478
0.687433
0.690252
0.693324
0.696057
0.698877
0.701362
0.703931
0.706337
0.708478
0.710749
0.713221
0.715715
0.718077
0.720271
0.722897
0.725377
0.728076
0.730822
0.733517
0.736251
0.738894
0.741699
0.744422
0.747362
0.749952
0.752859
0.755689
0.758432
0.76113
0.763688
0.76627
0.768442
0.770851
0.77505
0.777376
0.779791
0.78221
0.784575
0.787002
0.789593
0.792106
0.794581
0.797181
0.799877
0.802517
0.8051
0.807688
0.810242
0.812879
0.815521
0.818146
0.820369
0.822621
0.824791
0.826972
0.828925
0.830736
0.832804
0.835156
0.837221
0.839311
0.841568
0.843755
0.846097
0.848567
0.851268
0.853614
0.856218
0.858667
0.861104
0.865908
0.867504
0.869015
0.870507
0.872299
0.874145
0.875901
0.877902
0.879508
0.880603
0.881497
0.882025
0.882738
0.883868
0.884966
0.886116
0.887266
0.888158
0.889104
0.890211
0.89132
0.892515
0.892318
0.892848
0.893223
0.89414
0.895003
0.895935
0.896901
0.897561
0.898123
0.898335
0.898681
0.899075
0.899445
0.899942
0.900489
0.900908
0.901559
0.901656
0.901711
0.901677
0.901655
0.901744
0.901815
0.901834
0.901852
0.901882
0.901957
0.901927
0.901935
0.901977
0.901947
0.901976
0.901953
0.90189
0.901911
0.901918
0.9019
0.901925
0.901927
0.901956
0.901925
0.901977
0.901973
0.901961
0.902121
0.902189
0.902199
0.902354
0.902616
0.903091
0.903121
0.903089
0.903055
0.903082
0.903086
0.903118
0.903143
0.903143
0.903148
0.903206
0.903198
0.903203
0.903181
0.903155
0.903205
0.903142
0.903152
0.903165
0.903198
0.903199
0.903192
0.903135
0.903199
0.903211
0.903185
0.903162
0.903165
0.903207
0.903171
0.90318
0.903207
0.90321
0.903204
0.903231
0.903405
0.903491
0.903666
0.903732
0.903728
0.903721
0.903892
0.903997
0.904102
0.904246
0.904299
0.904326
0.904312
0.904237
0.904214
0.904232
0.904238
0.904372
0.904448
0.904531
0.904571
0.904632
0.904633
0.90461
0.904658
0.904713
0.904753
0.904802
0.904814
0.904754
0.904737
0.904697
0.904719
0.904701
0.904746
0.904745
0.904655
0.904629
0.904582
0.904555
0.904543
0.904485
0.904413
0.904371
0.904337
0.90432
0.904355
0.904356
0.904367
0.904493
0.904442
0.904459
0.90447
0.904474
0.904456
0.904402
0.904422
0.904821
0.905551
0.906628
0.907903
0.909406
0.910546
0.911261
0.91169
0.912233
0.912757
0.913296
0.914152
0.91488
0.915663
0.916267
0.916994
0.917085
0.917136
0.917423
0.917658
0.917785
0.917866
0.917864
0.917909
0.918026
0.918197
0.918605
0.918871
0.919049
0.919263
0.919364
0.919661
0.919801
0.919823
0.919851
0.919842
0.919886
0.919869
0.919887
0.91995
0.919887
0.919973
0.920016
0.920157
0.920209
0.920287
0.920291
0.920388
0.92042
0.92046
0.920487
0.920678
0.920634
0.920707
0.920681
0.920699
0.920723
0.920805
0.920859
0.921037
0.921279
0.921681
0.922066
0.922569
0.922846
0.923135
0.923563
0.923875
0.924303
0.924772
0.925154
0.925645
0.92632
0.92723
0.928219
0.929001
0.929462
0.929844
0.930419
0.931114
0.931934
0.932566
0.933428
0.934639
0.936073
0.938422
0.939184
0.939551
0.939895
0.940066
0.940211
0.940283
0.940333
0.940467
0.940849
0.941521
0.942395
0.943204
0.943738
0.94404
0.944287
0.944297
0.944371
0.944439
0.944532
0.94503
0.945643
0.946136
0.946516
0.946755
0.947027
0.947414
0.947773
0.947893
0.947918
0.947972
0.948297
0.94881
0.94943
0.950108
0.950761
0.951434
0.953707
0.953885
0.95792
0.960392
0.963
0.965942
0.968755
0.972035
0.975291
0.978807
0.98255
0.986104
0.99005
0.993747
0.99739
1.00096
1.00411
1.00732
1.01021
1.01289
1.01507
1.0173
1.01954
1.02175
1.02409
1.02637
1.02873
1.03133
1.03424
1.03728
1.04039
1.04349
1.04684
1.05009
1.05339
1.05644
1.05951
1.06246
1.06537
1.06776
1.07014
1.07238
1.07569
1.0775
1.07939
1.0815
1.08375
1.086
1.08834
1.0904
1.09241
1.09458
1.09668
1.09908
1.10186
1.10436
1.107
1.10964
1.11247
1.1153
1.11831
1.1212
1.12387
1.12627
1.12881
1.1311
1.13292
1.13451
1.13644
1.13847
1.14049
1.14259
1.14477
1.14687
1.14908
1.15135
1.15375
1.15654
1.15961
1.16268
1.16903
1.17209
1.17512
1.17796
1.18053
1.18305
1.18569
1.18841
1.19113
1.19405
1.19678
1.1992
1.20107
1.20289
1.20504
1.20721
1.20927
1.21172
1.21405
1.21661
1.21948
1.22222
1.22529
1.22833
1.23165
1.23459
1.2377
1.24035
1.24335
1.24603
1.24873
1.25113
1.25347
1.25556
1.25708
1.25862
1.26032
1.26198
1.26368
1.2676
1.26961
1.27166
1.27385
1.27603
1.2785
1.28118
1.28407
1.28671
1.28924
1.29177
1.29421
1.29677
1.29927
1.30177
1.30416
1.30659
1.30896
1.31114
1.3129
1.31476
1.3167
1.3186
1.32023
1.32154
1.32292
1.3247
1.32649
1.32818
1.32995
1.33171
1.33365
1.33564
1.33768
1.3399
1.34432
1.3465
1.3489
1.35122
1.35371
1.35608
1.35838
1.36061
1.36278
1.365
1.36726
1.36935
1.37119
1.37305
1.37473
1.37605
1.37708
1.378
1.37891
1.38013
1.38158
1.38334
1.38492
1.38627
1.38759
1.38927
1.39101
1.39267
1.39456
1.39672
1.39892
1.40131
1.40385
1.40632
1.40892
1.41132
1.41399
1.4165
1.42186
1.42457
1.42721
1.42955
1.43206
1.43441
1.43635
1.43826
1.44018
1.44207
1.44413
1.44602
1.44776
1.44979
1.4519
1.45376
1.45589
1.45832
1.46084
1.46383
1.46692
1.47015
1.47331
1.47663
1.47991
1.48339
1.48685
1.49003
1.49328
1.49641
1.49954
1.5026
1.50531
1.50761
1.50998
1.51236
1.51446
1.51945
1.52212
1.525
1.52818
1.53138
1.53481
1.53835
1.54188
1.54549
1.54901
1.55277
1.55655
1.56023
1.56385
1.56693
1.57008
1.57304
1.57588
1.57876
1.5818
1.58473
1.58807
1.59161
1.5951
1.59874
1.6022
1.60605
1.60977
1.61353
1.6173
1.6209
1.6246
1.62815
1.63151
1.63469
1.63763
1.64077
1.64377
1.64724
1.6542
1.65778
1.66165
1.66556
1.66946
1.67351
1.67752
1.68149
1.68531
1.68886
1.69186
1.69495
1.69782
1.70063
1.70366
1.70676
1.71004
1.71347
1.71717
1.72087
1.72462
1.72856
1.73251
1.73655
1.7405
1.74434
1.74828
1.75194
1.75539
1.75842
1.76151
1.76446
1.7675
1.77087
1.77417
1.77789
1.78154
1.78954
1.79344
1.7975
1.80145
1.80531
1.8091
1.8126
1.81559
1.8187
1.82155
1.82426
1.82706
1.82951
1.83172
1.83357
1.83491
1.83555
1.83557
1.83556
1.83552
1.8356
1.83575
1.83594
1.83605
1.83599
1.83596
1.83599
1.83588
1.83588
1.83575
1.83555
1.83523
1.83492
1.83449
1.83333
1.83312
1.83316
1.83316
1.83319
1.83315
1.83316
1.83286
1.83232
1.83139
1.8304
1.83019
1.83029
1.83058
1.83094
1.83122
1.83148
1.83172
1.83244
1.83362
1.83495
1.83627
1.83777
1.83925
1.84113
1.84325
1.84602
1.84932
1.85091
1.8516
1.85181
1.85187
1.85197
1.85218
1.85257
1.85289
1.85311
1.85336
1.85356
1.85397
1.8541
1.85418
1.85425
1.85424
1.85437
1.85439
1.85442
1.85441
1.85446
1.85447
1.85447
1.85442
1.85442
1.85446
1.85444
1.85446
1.85446
1.85439
1.85439
1.85447
1.85443
1.8544
1.85443
1.85443
1.85443
1.8544
1.85444
1.85446
1.85444
1.8545
1.85456
1.85466
1.85465
1.85471
1.85474
1.85473
1.85485
1.85493
1.85503
1.85521
1.85527
1.8553
1.85532
1.85535
1.85537
1.85536
1.85536
1.85538
1.85532
1.85536
1.85535
1.85537
1.85536
1.85533
1.85529
1.85533
1.8553
1.85528
1.85532
1.85533
1.85532
1.85527
1.85532
1.85533
1.85538
1.85537
1.85536
1.85537
1.85535
1.85534
1.85538
1.85533
1.85537
1.85535
1.8554
1.85537
1.85543
1.85541
1.8554
1.85544
1.85543
1.85543
1.85542
1.85545
1.85541
1.85541
1.85542
1.85539
1.85543
1.85538
1.85542
1.85538
1.85543
1.85543
1.85544
1.8554
1.8554
1.85541
1.85546
1.8554
1.85543
1.85541
1.85539
1.85538
1.85542
1.85541
1.85543
1.85536
1.85538
1.85543
1.85539
1.85541
1.85538
1.85538
1.85541
1.85542
1.85538
1.85539
1.85542
1.8554
1.85542
1.85538
1.85541
1.8554
1.85536
1.85535
1.85538
1.85538
1.85536
1.85537
1.85536
1.85538
1.85534
1.85535
1.85535
1.85541
1.85536
1.85533
1.85537
1.85532
1.85536
1.85535
1.85537
1.85532
1.85541
1.85532
1.85533
1.85536
1.85533
1.85529
1.85536
1.85537
1.85538
1.85538
1.85534
1.85533
1.85537
1.85535
1.85537
1.85536
1.85537
1.8554
1.85536
1.85539
1.85536
1.85535
1.85536
1.85536
1.85541
1.8553
1.85536
1.85538
1.85538
1.85539
1.85538
1.85535
1.85534
1.85535
1.85533
1.8553
1.85535
1.85538
1.85532
1.85533
1.85534
1.85535
1.85534
1.85531
1.85538
1.85532
1.85535
1.8554
1.85536
1.85536
1.85538
1.85535
1.85538
1.85539
1.85536
1.85536
1.85541
1.85537
1.85533
1.85542
1.85534
1.85537
1.85531
1.85535
1.85536
1.85533
1.85527
1.85527
1.85527
1.85529
1.85527
1.85528
1.85531
1.85528
1.85534
1.8553
1.85534
1.85528
1.85529
1.8553
1.85535
1.85526
1.85532
1.85534
1.85532
1.85528
1.85531
1.8553
1.85525
1.85528
1.85528
1.85527
1.85526
1.85528
1.85529
1.85525
1.8552
1.85518
1.85516
1.8551
1.85516
1.85516
1.85514
1.85515
1.85513
1.85515
1.85517
1.85513
1.85512
1.85509
1.85494
1.85463
1.85417
1.85397
1.85406
1.85416
1.85421
1.85423
1.85409
1.85403
1.8538
1.85376
1.8538
1.85429
1.85458
1.85478
1.8549
1.85493
1.85495
1.85491
1.85492
1.85494
1.85495
1.85493
1.85491
1.85492
1.85493
1.85496
1.85487
1.85487
1.85477
1.85458
1.8545
1.85453
1.85473
1.85492
1.85495
1.85493
1.85481
1.85468
1.8546
1.85441
1.85431
1.85429
1.85433
1.85456
1.85464
1.8547
1.85452
1.85443
1.85426
1.85408
1.85397
1.85394
1.85389
1.8539
1.85394
1.85397
1.85398
1.85395
1.85394
1.85389
1.85387
1.85382
1.85366
1.85324
1.85283
1.85236
1.85189
1.85169
1.85161
1.85169
1.85157
1.85134
1.85094
1.85024
1.84925
1.84817
1.84761
1.84731
1.84737
1.84743
1.84744
1.84738
1.84742
1.84752
1.84752
1.84752
1.84745
1.84741
1.84735
1.84736
1.84732
1.84734
1.84733
1.84733
1.84737
1.84738
1.84739
1.8474
1.8474
1.84739
1.84742
1.84744
1.84749
1.84757
1.84758
1.84756
1.84758
1.84756
1.84758
1.84762
1.84758
1.84754
1.84753
1.8476
1.84763
1.84774
1.84789
1.84799
1.84805
1.848
1.84804
1.84796
1.84768
1.84702
1.84685
1.84689
1.84688
1.84661
1.84602
1.84533
1.8452
1.84521
1.84517
1.84491
1.84482
1.84484
1.84485
1.8449
1.84496
1.84491
1.84492
1.84493
1.84498
1.84497
1.84498
1.84501
1.84502
1.84505
1.84499
1.84511
1.84527
1.84557
1.84598
1.84654
1.84736
1.84805
1.84897
1.8489
1.84868
1.84844
1.84826
1.84827
1.84826
1.84828
1.84819
1.8482
1.84816
1.84819
1.84821
1.84821
1.84826
1.84824
1.84825
1.84834
1.84827
1.84823
1.8482
1.84816
1.8482
1.84831
1.84838
1.84834
1.84831
1.84823
1.84816
1.84804
1.84803
1.84807
1.8481
1.84809
1.84823
1.84825
1.84823
1.84817
1.84825
1.84821
1.84819
1.84814
1.84816
1.84816
1.84813
1.8482
1.84819
1.84819
1.8481
1.84812
1.84806
1.84811
1.84808
1.84807
1.84803
1.848
1.84792
1.84793
1.84796
1.84794
1.84798
1.84798
1.84803
1.84802
1.84802
1.84798
1.84803
1.84797
1.84794
1.84802
1.84802
1.84795
1.84802
1.84805
1.84803
1.84806
1.8481
1.84813
1.84819
1.84818
1.84819
1.84826
1.84822
1.84823
1.84825
1.84833
1.84839
1.84843
1.84845
1.84848
1.8485
1.84851
1.84846
1.84852
1.84852
1.84852
1.84847
1.84843
1.84851
1.84842
1.84841
1.84845
1.84841
1.84848
1.84848
1.84845
1.84837
1.84825
1.84784
1.84779
1.84777
1.84777
1.8478
1.84778
1.84769
1.84754
1.84729
1.84675
1.84643
1.8459
1.84518
1.84443
1.84427
1.84422
1.84428
1.84424
1.84429
1.84428
1.8442
1.84398
1.84383
1.84389
1.84391
1.8439
1.84391
1.84391
1.8439
1.84395
1.84395
1.84395
1.844
1.8439
1.84402
1.84408
1.84408
1.84412
1.84417
1.84422
1.84431
1.84439
1.84447
1.84467
1.84497
1.84526
1.84537
1.84541
1.84545
1.8454
1.84543
1.8454
1.84547
1.84571
1.84608
1.84643
1.8468
1.84708
1.84743
1.84798
1.84817
1.84841
1.84866
1.84902
1.84935
1.84965
1.84994
1.8501
1.85019
1.85027
1.85034
1.85049
1.85085
1.85128
1.85127
1.8512
1.8512
1.85128
1.85127
1.85139
1.85167
1.85188
1.85205
1.85225
1.85233
1.85236
1.85245
1.8524
1.8524
1.85238
1.85226
1.85223
1.85223
1.85223
1.85236
1.85239
1.85239
1.85243
1.85246
1.85236
1.85242
1.85242
1.85241
1.85241
1.85244
1.85251
1.85261
1.85266
1.85276
1.85274
1.8529
1.85314
1.8542
1.85476
1.85532
1.85555
1.85558
1.8556
1.85562
1.85565
1.85567
1.85569
1.85569
1.85567
1.85569
1.85569
1.85569
1.8557
1.85567
1.85566
1.85566
1.85565
1.85567
1.85567
1.85574
1.8558
1.85577
1.85574
1.8558
1.85574
1.85574
1.85579
1.85585
1.85594
1.85599
1.85603
1.85603
1.85601
1.85597
1.85597
1.85604
1.85608
1.8561
1.85607
1.85606
1.85605
1.8561
1.85603
1.85602
1.85608
1.85607
1.85602
1.85602
1.85601
1.85588
1.85564
1.85543
1.85503
1.85466
1.85386
1.85311
1.85219
1.85128
1.85034
1.8494
1.8478
1.84696
1.84626
1.84531
1.84466
1.84398
1.84319
1.8423
1.84136
1.84034
1.83929
1.83801
1.83654
1.83387
1.83296
1.83233
1.83216
1.8321
1.8322
1.83226
1.83241
1.83264
1.83299
1.83364
1.83502
1.83739
1.8394
1.84204
1.84411
1.84612
1.84769
1.84783
1.8478
1.84771
1.84779
1.84789
1.8483
1.84879
1.84917
1.84988
1.85067
1.85141
1.85198
1.8525
1.85289
1.85323
1.85344
1.85343
1.85347
1.85342
1.85322
1.85317
1.85321
1.85318
1.85314
1.85308
1.85293
1.85279
1.85273
1.85272
1.85259
1.85249
1.8524
1.85245
1.85248
1.85259
1.85266
1.85281
1.85282
1.85287
1.85284
1.85281
1.85272
1.85271
1.85263
1.8526
1.85261
1.85266
1.85259
1.85257
1.85258
1.85256
1.85252
1.85242
1.85225
1.85225
1.85219
1.85209
1.85202
1.85205
1.8521
1.85205
1.85207
1.85211
1.85212
1.85209
1.85211
1.85212
1.85205
1.85199
1.852
1.8518
1.85135
1.8508
1.85035
1.85011
1.84996
1.84994
1.85
1.84988
1.84952
1.84889
1.84794
1.84642
1.84508
1.84427
1.84413
1.84427
1.84415
1.84305
1.84208
1.84158
1.84121
1.8411
1.8408
1.84039
1.84014
1.84003
1.83999
1.8398
1.83939
1.83894
1.83851
1.83816
1.83778
1.83749
1.83726
1.83713
1.83698
1.83676
1.83658
1.83626
1.83612
1.83603
1.83597
1.83596
1.83598
1.83527
1.83483
1.8348
1.83486
1.83484
1.83485
1.83489
1.83486
1.83488
1.83482
1.83458
1.83436
1.8343
1.83427
1.83428
1.8343
1.83426
1.83429
1.83435
1.8343
1.83426
1.83426
1.83427
1.83426
1.83427
1.8342
1.83425
1.8343
1.83426
1.83426
1.83426
1.8342
1.8343
1.83424
1.83425
1.83426
1.83415
1.83408
1.83406
1.83411
1.83411
1.8341
1.83409
1.8341
1.83411
1.83409
1.83407
1.83404
1.83407
1.83409
1.83407
1.83407
1.83412
1.83407
1.83408
1.83404
1.83407
1.83408
1.83408
1.83409
1.83406
1.83404
1.83408
1.83405
1.83401
1.83379
1.83367
1.83375
1.83372
1.83376
1.83376
1.83377
1.83378
1.83373
1.83375
1.83375
1.8337
1.83368
1.83371
1.83376
1.83377
1.83376
1.83374
1.83369
1.83367
1.83371
1.83369
1.83373
1.83377
1.83375
1.83373
1.83369
1.83372
1.83376
1.83368
1.83371
1.83375
1.83378
1.83369
1.83376
1.83374
1.83372
1.83375
1.8337
1.83376
1.83366
1.83371
1.83368
1.83345
1.83308
1.83281
1.83286
1.83256
1.83185
1.83125
1.831
1.83107
1.83099
1.83108
1.83105
1.83107
1.8311
1.83108
1.8311
1.83113
1.8311
1.83116
1.83119
1.8312
1.83115
1.83112
1.83115
1.83107
1.83104
1.831
1.83103
1.83101
1.831
1.831
1.83104
1.83102
1.8309
1.83042
1.82952
1.82836
1.82732
1.82647
1.82604
1.82563
1.82508
1.82445
1.82353
1.82224
1.82071
1.8184
1.81559
1.80885
1.80508
1.80155
1.798
1.79484
1.79144
1.78829
1.78504
1.78189
1.77873
1.77565
1.77261
1.76922
1.76585
1.7623
1.75891
1.7556
1.7527
1.74979
1.7469
1.74399
1.74071
1.73723
1.73357
1.7298
1.72621
1.72246
1.71873
1.71499
1.71113
1.70739
1.70358
1.69987
1.69639
1.69255
1.68914
1.68587
1.68291
1.67986
1.6734
1.67005
1.66661
1.66316
1.65989
1.65634
1.65291
1.64915
1.64537
1.64181
1.6382
1.63493
1.63163
1.62846
1.62532
1.62254
1.61962
1.61652
1.61362
1.61076
1.60781
1.60499
1.60212
1.59902
1.59594
1.59314
1.58984
1.58681
1.58403
1.58084
1.57805
1.57521
1.57262
1.56927
1.56628
1.56351
1.56093
1.55816
1.55226
1.5519
1.54498
1.54199
1.53824
1.53489
1.53144
1.52763
1.52425
1.51921
1.5154
1.5125
1.50854
1.50503
1.50102
1.49678
1.49264
1.48882
1.48474
1.48033
1.4764
1.47115
1.46619
1.46141
1.45659
1.4524
1.44776
1.44339
1.43899
1.43472
1.43074
1.42701
1.42309
1.41922
1.41488
1.41074
1.40666
1.40248
1.39446
1.39012
1.38576
1.38124
1.377
1.37292
1.36852
1.36379
1.35905
1.354
1.34978
1.34593
1.34186
1.33729
1.33275
1.32737
1.32298
1.31809
1.31308
1.30923
1.30488
1.29996
1.29595
1.29095
1.2858
1.28088
1.27604
1.2715
1.26717
1.26284
1.25874
1.25431
1.24932
1.24487
1.24076
1.23665
1.22813
1.22328
1.21833
1.21301
1.20877
1.20417
1.19937
1.19452
1.18978
1.18512
1.18084
1.1765
1.17203
1.16748
1.16275
1.15796
1.15303
1.14813
1.14302
1.13781
1.13276
1.12795
1.12346
1.11916
1.11492
1.11066
1.10651
1.10229
1.09832
1.09468
1.09123
1.08786
1.08486
1.08191
1.07623
1.07322
1.07085
1.06856
1.06638
1.06448
1.0618
1.05891
1.05561
1.05267
1.04983
1.04743
1.04527
1.04356
1.04243
1.04169
1.04141
1.04134
1.04129
1.04115
1.04107
1.04056
1.04007
1.03951
1.03898
1.03902
1.03905
1.03913
1.03921
1.03952
1.03971
1.03981
1.03989
1.03983
1.03987
1.03975
1.03959
1.03947
1.03906
1.03891
1.03842
1.03745
1.03676
1.0364
1.03652
1.03673
1.03649
1.0365
1.03854
1.04104
1.04247
1.04257
1.04224
1.04185
1.04149
1.04151
1.04173
1.04189
1.04205
1.04209
1.0421
1.04209
1.04242
1.04266
1.04274
1.04259
1.04244
1.0423
1.04218
1.04215
1.04204
1.04188
1.04183
1.04135
1.04125
1.04119
1.04117
1.04123
1.04118
1.0412
1.04126
1.04137
1.04152
1.0416
1.0417
1.04192
1.04243
1.04304
1.04326
1.04327
1.04328
1.04347
1.04379
1.04422
1.04445
1.04474
1.04489
1.04475
1.04473
1.04468
1.04448
1.04431
1.04428
1.04415
1.04413
1.04413
1.0442
1.04414
1.04355
1.04325
1.04326
1.04342
1.04362
1.04367
1.04361
1.04359
1.04352
1.04353
1.04354
1.04373
1.04396
1.04405
1.04399
1.04388
1.04387
1.04392
1.04388
1.04399
1.04389
1.04386
1.04384
1.04387
1.04383
1.04376
1.04353
1.04337
1.04341
1.0435
1.04342
1.04339
1.04318
1.04296
1.04259
1.04304
1.04311
1.04259
1.04255
1.04277
1.0425
1.0419
1.04206
1.04271
1.04308
1.04288
1.04238
1.04161
1.04121
1.04108
1.04092
1.04093
1.04086
1.04026
1.03922
1.03824
1.03738
1.03669
1.03607
1.03554
1.03519
1.03464
1.03376
1.03246
1.03108
1.02959
1.02829
1.02715
1.0261
1.02546
1.02529
1.02513
1.02486
1.02337
1.02208
1.02045
1.0187
1.01648
1.01452
1.01293
1.01117
1.00924
1.00711
1.0048
1.0025
1.00042
0.998142
0.995992
0.993559
0.990884
0.98803
0.984996
0.982035
0.978965
0.976245
0.973505
0.971094
0.968458
0.965805
0.963295
0.96122
0.959977
0.958527
0.956932
0.955308
0.953418
0.951027
0.946576
0.944232
0.942028
0.939769
0.937314
0.934856
0.932054
0.929232
0.926267
0.922962
0.919559
0.916335
0.912969
0.909737
0.906602
0.903228
0.899822
0.896453
0.892929
0.88977
0.886834
0.883893
0.880805
0.877767
0.874205
0.870655
0.866584
0.86234
0.858151
0.853978
0.849822
0.845887
0.842024
0.838375
0.834358
0.830506
0.823483
0.819987
0.816716
0.813156
0.809411
0.805576
0.801638
0.797632
0.793498
0.789294
0.785135
0.781107
0.777171
0.773242
0.769519
0.765982
0.762374
0.759127
0.755581
0.752052
0.748516
0.744783
0.741246
0.737398
0.733888
0.730175
0.726211
0.722457
0.718535
0.714741
0.711343
0.707796
0.704341
0.700791
0.696808
0.693482
0.686732
0.682993
0.679205
0.675316
0.671119
0.666802
0.662355
0.657919
0.653491
0.649171
0.644877
0.640658
0.636497
0.632552
0.628507
0.624249
0.619756
0.615184
0.610697
0.606247
0.601787
0.597457
0.593068
0.588733
0.584281
0.579942
0.575571
0.571133
0.566965
0.563015
0.558497
0.553936
0.549489
0.544999
0.540292
0.53544
0.526092
0.521638
0.516893
0.512576
0.508527
0.504389
0.50024
0.495851
0.491311
0.486817
0.482305
0.477639
0.473183
0.468517
0.463875
0.459468
0.454836
0.45027
0.445948
0.441608
0.437159
0.432576
0.427781
0.423064
0.418496
0.414009
0.409239
0.404592
0.39986
0.395172
0.390707
0.386492
0.382437
0.378737
0.375376
0.368508
0.365593
0.36266
0.359195
0.356128
0.353156
0.350371
0.347573
0.345076
0.342984
0.340836
0.338654
0.336045
0.333088
0.330188
0.32695
0.323693
0.320268
0.316915
0.313232
0.309019
0.304868
0.300738
0.29649
0.29262
0.288963
0.285008
0.281299
0.277577
0.273897
0.270396
0.26674
0.263102
0.259763
0.253168
0.249397
0.245786
0.241928
0.238048
0.23416
0.229967
0.225977
0.221985
0.21805
0.214121
0.210258
0.206362
0.202643
0.199054
0.195546
0.192081
0.188442
0.184645
0.180666
0.176836
0.173014
0.169379
0.165912
0.162153
0.158273
0.155217
0.152271
0.148361
0.144825
0.141383
0.134227
0.13083
0.127374
0.123373
0.119203
0.115163
0.110933
0.106424
0.102239
0.0980871
0.0937741
0.0895982
0.0853951
0.0810045
0.0768204
0.072954
0.0688257
0.0643359
0.0599603
0.0555676
0.0510243
0.0466313
0.0422882
0.0379113
0.0337448
0.0294793
0.025324
0.0212506
0.0172004
0.0131989
0.00946993
0.00600421
0.0022366
-0.00171793
-0.00565034
-0.00968891
-0.0135443
-0.0175804
-0.0215181
-0.0254249
-0.03302
-0.0371625
-0.0416719
-0.0459537
-0.0501097
-0.05424
-0.0584581
-0.0628697
-0.0673091
-0.0717673
-0.076319
-0.0807388
-0.0852737
-0.0898458
-0.094178
-0.0985961
-0.102835
-0.106778
-0.110928
-0.115238
-0.11925
-0.123368
-0.127856
-0.132613
-0.136643
-0.140656
-0.145021
-0.14937
-0.153621
-0.15788
-0.161908
-0.165743
-0.16952
-0.173202
-0.17687
-0.181067
-0.185021
-0.18887
-0.196954
-0.200984
-0.205267
-0.209414
-0.213539
-0.217786
-0.221875
-0.226068
-0.230268
-0.234461
-0.238448
-0.242345
-0.246143
-0.249825
-0.253807
-0.257981
-0.262273
-0.266831
-0.271207
-0.275509
-0.279914
-0.284202
-0.288381
-0.292789
-0.297064
-0.30117
-0.305341
-0.309907
-0.314545
-0.319048
-0.323593
-0.328398
-0.332964
-0.337214
-0.341451
-0.34572
-0.353586
-0.357443
-0.361417
-0.365521
-0.369656
-0.373566
-0.377539
-0.381442
-0.38502
-0.388881
-0.392602
-0.395927
-0.398792
-0.4012
-0.402754
-0.40354
-0.403683
-0.403629
-0.403064
-0.401655
-0.39942
-0.397126
-0.395317
-0.393919
-0.392448
-0.390844
-0.38926
-0.387876
-0.386898
-0.386834
-0.386983
-0.38721
-0.387562
-0.387812
-0.387745
-0.387551
-0.387623
-0.38867
-0.388885
-0.388845
-0.38891
-0.389008
-0.389066
-0.38893
-0.389021
-0.389022
-0.389018
-0.388922
-0.388768
-0.388657
-0.388474
-0.388443
-0.388562
-0.388769
-0.389107
-0.389692
-0.390685
-0.391866
-0.393458
-0.395338
-0.396947
-0.398859
-0.401224
-0.403739
-0.406624
-0.409422
-0.412662
-0.415654
-0.418991
-0.421915
-0.425085
-0.428064
-0.431361
-0.434382
-0.441159
-0.444489
-0.447895
-0.451381
-0.455241
-0.459119
-0.463151
-0.467192
-0.470892
-0.474736
-0.47836
-0.482312
-0.486374
-0.490312
-0.494256
-0.498224
-0.502327
-0.506516
-0.510937
-0.515199
-0.519478
-0.52382
-0.528039
-0.532168
-0.536235
-0.540087
-0.543954
-0.547803
-0.551658
-0.555768
-0.560054
-0.564259
-0.568529
-0.572928
-0.576996
-0.585449
-0.589596
-0.593627
-0.59773
-0.601442
-0.605015
-0.60862
-0.612344
-0.616411
-0.620749
-0.62494
-0.629182
-0.633579
-0.637908
-0.642203
-0.646565
-0.650806
-0.654903
-0.658988
-0.663003
-0.666629
-0.670188
-0.674303
-0.678497
-0.682695
-0.68686
-0.691204
-0.695565
-0.699705
-0.704003
-0.70812
-0.71215
-0.716179
-0.720017
-0.723683
-0.727858
-0.73513
-0.739018
-0.742636
-0.746165
-0.749572
-0.753298
-0.75739
-0.761585
-0.765455
-0.76916
-0.772745
-0.776473
-0.780102
-0.783704
-0.787526
-0.791223
-0.795023
-0.798636
-0.80218
-0.805745
-0.809633
-0.813755
-0.817822
-0.821749
-0.825447
-0.829001
-0.832686
-0.836148
-0.8398
-0.843169
-0.846521
-0.849864
-0.853272
-0.856952
-0.860568
-0.864183
-0.867781
-0.874813
-0.87857
-0.882594
-0.886485
-0.890013
-0.893613
-0.89707
-0.900455
-0.90375
-0.906814
-0.909991
-0.913038
-0.916175
-0.919027
-0.921954
-0.924464
-0.926562
-0.928324
-0.929679
-0.9304
-0.930836
-0.931339
-0.931956
-0.932422
-0.932452
-0.932352
-0.931955
-0.931492
-0.930902
-0.930426
-0.930037
-0.929362
-0.928629
-0.927824
-0.927064
-0.926418
-0.925784
-0.925047
-0.924272
-0.922692
-0.922078
-0.921609
-0.92131
-0.921214
-0.921069
-0.921005
-0.92103
-0.920723
-0.920413
-0.920236
-0.920188
-0.920136
-0.920031
-0.91998
-0.919972
-0.919934
-0.920007
-0.919971
-0.919972
-0.920102
-0.920116
-0.920103
-0.920178
-0.920184
-0.920319
-0.920372
-0.920307
-0.920333
-0.920373
-0.920313
-0.919896
-0.919548
-0.919471
-0.919388
-0.919226
-0.919134
-0.919077
-0.919115
-0.919186
-0.919164
-0.919139
-0.919154
-0.919085
-0.91906
-0.919026
-0.919069
-0.919041
-0.919028
-0.918995
-0.919091
-0.919051
-0.91904
-0.918958
-0.918908
-0.918696
-0.918306
-0.917889
-0.91761
-0.917642
-0.917569
-0.917467
-0.917076
-0.916743
-0.916584
-0.916594
-0.916563
-0.916541
-0.916499
-0.916447
-0.916568
-0.916471
-0.916463
-0.916387
-0.91622
-0.915964
-0.915877
-0.915871
-0.915905
-0.915772
-0.915685
-0.915503
-0.915418
-0.915386
-0.915357
-0.915393
-0.915404
-0.915318
-0.915314
-0.914936
-0.915992
-0.915979
-0.916163
-0.916357
-0.916427
-0.916421
-0.916437
-0.916446
-0.916353
-0.916405
-0.91639
-0.916437
-0.916449
-0.916469
-0.9166
-0.916737
-0.916943
-0.917233
-0.917593
-0.917819
-0.918658
-0.918963
-0.919197
-0.919401
-0.919583
-0.919825
-0.919995
-0.920155
-0.920174
-0.92017
-0.920197
-0.920132
-0.920127
-0.920141
-0.920121
-0.920177
-0.920152
-0.920146
-0.920155
-0.92014
-0.920158
-0.920163
-0.920175
-0.920164
-0.920217
-0.920213
-0.920175
-0.920136
-0.920149
-0.920122
-0.920183
-0.920101
-0.920118
-0.920132
-0.920111
-0.920095
-0.920101
-0.920138
-0.920078
-0.920116
-0.920132
-0.920079
-0.920063
-0.920118
-0.92004
-0.919722
-0.919629
-0.919602
-0.919567
-0.919585
-0.919617
-0.919562
-0.919561
-0.919471
-0.919278
-0.919094
-0.918898
-0.918552
-0.918271
-0.917783
-0.917464
-0.916762
-0.916326
-0.915918
-0.915528
-0.915269
-0.915094
-0.915007
-0.915011
-0.915068
-0.915084
-0.915156
-0.915234
-0.915343
-0.915391
-0.915417
-0.915412
-0.915395
-0.91543
-0.915442
-0.915432
-0.915351
-0.915332
-0.915229
-0.915267
-0.91528
-0.915342
-0.915474
-0.916121
-0.916322
-0.916334
-0.916312
-0.916041
-0.915973
-0.915958
-0.916018
-0.916044
-0.91601
-0.916007
-0.916043
-0.916045
-0.916021
-0.916024
-0.916083
-0.916034
-0.916081
-0.916081
-0.916101
-0.916108
-0.916081
-0.916107
-0.916154
-0.916104
-0.916134
-0.916121
-0.916019
-0.916103
-0.916054
-0.916035
-0.916092
-0.916086
-0.916169
-0.916267
-0.916377
-0.916333
-0.916386
-0.916402
-0.916352
-0.916342
-0.916337
-0.916356
-0.916401
-0.916574
-0.916843
-0.916832
-0.916795
-0.916681
-0.916602
-0.916557
-0.916612
-0.916529
-0.915842
-0.914889
-0.914094
-0.913456
-0.912058
-0.911396
-0.910864
-0.91048
-0.909811
-0.908939
-0.907861
-0.906583
-0.905642
-0.904935
-0.904496
-0.904417
-0.904316
-0.904377
-0.904409
-0.904676
-0.905101
-0.905432
-0.905553
-0.905579
-0.905551
-0.905515
-0.90551
-0.905445
-0.905085
-0.904516
-0.903473
-0.902301
-0.901577
-0.90002
-0.899097
-0.897839
-0.896487
-0.895245
-0.894101
-0.892999
-0.891766
-0.890843
-0.889834
-0.887468
-0.886214
-0.885052
-0.883949
-0.882983
-0.882199
-0.881423
-0.88049
-0.879532
-0.878727
-0.878094
-0.87751
-0.877129
-0.876954
-0.876909
-0.877059
-0.877421
-0.877929
-0.878475
-0.879219
-0.879932
-0.880617
-0.881487
-0.882779
-0.884002
-0.88534
-0.886491
-0.887322
-0.88777
-0.88791
-0.887918
-0.88807
-0.888555
-0.889365
-0.890158
-0.890923
-0.891739
-0.892296
-0.892828
-0.893219
-0.893818
-0.89452
-0.896328
-0.897181
-0.897937
-0.897999
-0.898
-0.898292
-0.898532
-0.899137
-0.899598
-0.899815
-0.900003
-0.900075
-0.900126
-0.900307
-0.900466
-0.900604
-0.900736
-0.900947
-0.901233
-0.901444
-0.90162
-0.901678
-0.901715
-0.901735
-0.90179
-0.90161
-0.90122
-0.900751
-0.900717
-0.900781
-0.90091
-0.900929
-0.900875
-0.900904
-0.90064
-0.900524
-0.900561
-0.900819
-0.900755
-0.900689
-0.90062
-0.9005
-0.900572
-0.900583
-0.900627
-0.9006
-0.900618
-0.900539
-0.900605
-0.90058
-0.900613
-0.900612
-0.900566
-0.900617
-0.900571
-0.900607
-0.900587
-0.900588
-0.900613
-0.900623
-0.900566
-0.900559
-0.90061
-0.900556
-0.900592
-0.900584
-0.900602
-0.900604
-0.900643
-0.900609
-0.90058
-0.900572
-0.900593
-0.900595
-0.900579
-0.900601
-0.900574
-0.900601
-0.900596
-0.900621
-0.900584
-0.900593
-0.9006
-0.900606
-0.900592
-0.900597
-0.900572
-0.900607
-0.900606
-0.900594
-0.900611
-0.900607
-0.900577
-0.900575
-0.90059
-0.900603
-0.90061
-0.900606
-0.900591
-0.900586
-0.900597
-0.90061
-0.900605
-0.900611
-0.900605
-0.900624
-0.900601
-0.90061
-0.900616
-0.900619
-0.900573
-0.900617
-0.900581
-0.900589
-0.900629
-0.900576
-0.900598
-0.900569
-0.900606
-0.900606
-0.900591
-0.900613
-0.900596
-0.900573
-0.900559
-0.900593
-0.900598
-0.90061
-0.900511
-0.900567
-0.900582
-0.900596
-0.900604
-0.900556
-0.900557
-0.900581
-0.900593
-0.900565
-0.90059
-0.900616
-0.900571
