0.00559048
0.00541408
0.00646951
0.00828632
0.00690166
0.00615788
0.00491429
0.00648714
0.00675467
0.00689285
0.00787181
0.00563458
0.00661062
0.00803938
0.00649008
0.00544936
0.0085362
0.00934463
0.00467322
0.00455856
0.00580215
0.0043263
0.00460266
0.00469086
0.0075984
0.00465852
0.00731618
0.00482609
0.0043998
0.00622844
0.00631957
0.00621374
0.00573453
0.00852444
0.00839509
0.00508481
0.00560224
0.00501425
0.0054964
0.00728678
0.00389118
0.0054817
0.00623432
0.00627547
0.00857148
0.00514067
0.00595209
0.00683993
0.00782477
0.00741908
0.00763074
0.00667824
0.00725445
0.0066165
0.00664884
0.00895364
0.00609908
0.0026446
0.00786887
0.00779537
0.00477906
0.00593151
0.00864497
0.00626959
0.00877138
0.00720741
0.00586389
0.00385002
0.00648126
0.00482903
0.00694282
0.00650184
0.00647539
0.00730148
0.00491429
0.00672821
0.0065577
0.00608438
0.00682229
0.00696046
0.00789826
0.00355014
0.00484373
0.00721623
0.00709569
0.00688403
0.00639013
0.00593445
0.00642835
0.00430572
0.00659298
0.00596385
0.00591681
0.0062108
0.00717213
0.00574335
0.00259756
0.00681053
0.00657828
0.00698692
0.00606086
0.0073691
0.00618434
0.00551404
0.0065724
0.00736028
0.00504953
0.00597561
0.00712215
0.00845094
0.00768072
0.00489959
0.00609614
0.00779537
0.00422634
0.00614612
0.00655182
0.00651948
0.00677819
0.00443802
0.00717801
0.00668118
0.00797176
0.00671645
0.00763956
0.00642247
0.00599618
0.00521711
0.00715449
0.00371184
0.00490253
0.00786887
0.00741614
0.00538468
0.00449976
0.00492311
0.00739556
0.00639307
0.00628723
0.00738086
0.00467028
0.00659592
0.0043557
0.00556108
0.00596679
0.0055111
0.00655476
0.00511715
0.0056581
0.00665472
0.00452034
0.00589917
0.00552874
0.005467
0.00883899
0.00409992
0.00564634
0.00677231
0.00721917
0.00685757
0.0073691
0.00573747
0.00528767
0.00510245
0.00589035
0.0070222
0.00576981
0.00682229
0.00698986
0.00742789
0.00769248
0.00510245
0.00828044
0.00570513
0.00587565
0.00450858
0.00401172
0.00931523
0.00667824
0.00804526
0.00783947
0.00632251
0.00421164
0.00785417
0.00612554
0.00699574
0.00769542
0.00474672
0.00731912
0.0045762
0.00622844
0.00511715
0.00428514
0.00724269
0.00493781
0.00634015
0.00462618
0.0055552
0.0065871
0.00852444
0.00725151
0.00752197
0.00652536
0.00572865
0.0062255
0.00565516
0.00637249
0.00704866
0.00701338
0.00528767
0.00518477
0.00631075
0.00648126
0.00604028
0.0065136
0.00632545
0.00816285
0.00427926
0.00672527
0.00727796
0.00724857
0.00662826
0.00639013
0.00574335
0.00506129
0.00457326
0.00514655
0.0080188
0.00551992
0.00419106
0.00722505
0.0060197
0.00572865
0.00389412
0.00440568
0.00242704
0.00363246
0.00307385
0.00125099
0.00228297
0.00511127
0.000683536
0.0032238
0.00492017
0.00126275
-0.00043963
-0.00129525
-0.000133844
-0.0015687
-0.00142757
0.00116278
-0.00445032
-0.00506195
-0.00420626
-0.00460617
-0.00220676
-0.00365933
-0.00428859
-0.00408864
-0.00679104
-0.00494727
-0.0069616
-0.00531484
-0.00561478
-0.00739683
-0.00467968
-0.00330941
-8.09196e-05
-0.00261841
0.00157441
0.00173611
0.00261226
0.00292685
0.00392646
0.00237118
0.00280631
0.00392352
0.00304151
0.00338844
0.0033855
0.00311207
0.00346782
0.0033855
0.00432336
0.00458208
0.00516125
0.0042381
0.00352956
0.00381474
0.00444684
0.0042381
0.00516125
0.00287687
0.00484079
0.00579039
0.00285041
0.00259168
0.00628723
0.00388236
0.00209481
0.00182138
0.00404994
0.00304445
0.00478788
0.0026152
0.00345018
0.00353838
0.00594327
0.00622256
0.00437334
0.0055699
0.00559048
0.0043557
0.000248386
-0.00375342
-0.00488552
-0.00265076
-0.00679104
-0.00585003
-0.00176571
-0.00341821
-0.00337998
-0.0118846
-0.0136493
-0.01572
-0.0153288
-0.0119317
-0.0145641
-0.0143288
-0.0181497
-0.0204266
-0.0203266
-0.0221771
-0.0250486
-0.0252222
-0.0272142
-0.0317137
-0.0344097
-0.0408506
-0.0439186
-0.0508629
-0.0622566
-0.0773535
-0.0942221
-0.111866
-0.12852
-0.140122
-0.152251
-0.163685
-0.178269
-0.191788
-0.199496
-0.207571
-0.222491
-0.233744
-0.249939
-0.268467
-0.285569
-0.294617
-0.304124
-0.313586
-0.326611
-0.338839
-0.349333
-0.357256
-0.379036
-0.386992
-0.394459
-0.403963
-0.414309
-0.415459
-0.422421
-0.430996
-0.434626
-0.428432
-0.428275
-0.44002
-0.445281
-0.449246
-0.449139
-0.451993
-0.452268
-0.454596
-0.451108
-0.449938
-0.456803
-0.450551
-0.450902
-0.446007
-0.446506
-0.448852
-0.451282
-0.455062
-0.447162
-0.44882
-0.455359
-0.45162
-0.455277
-0.462481
-0.471911
-0.481344
-0.481264
-0.484086
-0.498204
-0.505417
-0.505398
-0.504302
-0.500767
-0.502937
-0.49591
-0.487321
-0.490373
-0.491245
-0.487413
-0.4793
-0.471548
-0.467922
-0.463017
-0.456521
-0.452999
-0.44679
-0.44383
-0.432998
-0.43224
-0.431323
-0.436538
-0.444407
-0.458951
-0.468329
-0.467747
-0.472061
-0.48749
-0.495958
-0.503059
-0.505498
-0.50993
-0.510682
-0.511597
-0.509733
-0.502405
-0.49931
-0.496941
-0.48725
-0.489485
-0.485276
-0.486168
-0.482117
-0.481929
-0.480964
-0.473975
-0.473739
-0.473634
-0.467925
-0.480712
-0.48685
-0.488371
-0.489944
-0.493211
-0.497481
-0.508232
-0.516007
-0.512928
-0.505649
-0.508432
-0.512873
-0.504151
-0.497401
-0.502412
-0.497719
-0.497574
-0.502
-0.497571
-0.492941
-0.491114
-0.48517
-0.488944
-0.481296
-0.482092
-0.482558
-0.485781
-0.483277
-0.484761
-0.487842
-0.488886
-0.493009
-0.503088
-0.503059
-0.506636
-0.511613
-0.521622
-0.530395
-0.545048
-0.547649
-0.545336
-0.54839
-0.5549
-0.549279
-0.539121
-0.534839
-0.52464
-0.514341
-0.503059
-0.493673
-0.490944
-0.485448
-0.489312
-0.488252
-0.489236
-0.488143
-0.485372
-0.484463
-0.479154
-0.495059
-0.492483
-0.507532
-0.516217
-0.531678
-0.532847
-0.540523
-0.546879
-0.555735
-0.558217
-0.555692
-0.551597
-0.552763
-0.547846
-0.542423
-0.535775
-0.538037
-0.541458
-0.537367
-0.539346
-0.538242
-0.538327
-0.540091
-0.539696
-0.545346
-0.545241
-0.543787
-0.536183
-0.541746
-0.550418
-0.549355
-0.557002
-0.56522
-0.569184
-0.568069
-0.569767
-0.573835
-0.56666
-0.564295
-0.563469
-0.554544
-0.55536
-0.544327
-0.546014
-0.540801
-0.543941
-0.538014
-0.532544
-0.533887
-0.527217
-0.534007
-0.533681
-0.540882
-0.542612
-0.545821
-0.559017
-0.568529
-0.568271
-0.571813
-0.575175
-0.571992
-0.571972
-0.564701
-0.559924
-0.560853
-0.545912
-0.544193
-0.534258
-0.535977
-0.529002
-0.538151
-0.530743
-0.545811
-0.553798
-0.567801
-0.577868
-0.594999
-0.607234
-0.617514
-0.624224
-0.629915
-0.637311
-0.636039
-0.641603
-0.646864
-0.641117
-0.6373
-0.637468
-0.629707
-0.627012
-0.623501
-0.618739
-0.621054
-0.618089
-0.62177
-0.614107
-0.615186
-0.617107
-0.622177
-0.628751
-0.64851
-0.649976
-0.655477
-0.659302
-0.661777
-0.671002
-0.669485
-0.669631
-0.664862
-0.657646
-0.652997
-0.646262
-0.645445
-0.64389
-0.638665
-0.634656
-0.63076
-0.629622
-0.631953
-0.627522
-0.6259
-0.624489
-0.620552
-0.616891
-0.606786
-0.598257
-0.588502
-0.580917
-0.578686
-0.568671
-0.572555
-0.579517
-0.583194
-0.598102
-0.600277
-0.610049
-0.609214
-0.619597
-0.618431
-0.625709
-0.626563
-0.632499
-0.633705
-0.641848
-0.637902
-0.636919
-0.629311
-0.625041
-0.622427
-0.608309
-0.601659
-0.594808
-0.589042
-0.585786
-0.592571
-0.589783
-0.594515
-0.595098
-0.60228
-0.609159
-0.617026
-0.627051
-0.63586
-0.657425
-0.668643
-0.675321
-0.692991
-0.694357
-0.707093
-0.705152
-0.704657
-0.703386
-0.696177
-0.69131
-0.691903
-0.680795
-0.681792
-0.671146
-0.671806
-0.651944
-0.646518
-0.649923
-0.648794
-0.65676
-0.666507
-0.677215
-0.682647
-0.684147
-0.68867
-0.686311
-0.688784
-0.678385
-0.674041
-0.658007
-0.653266
-0.640702
-0.632025
-0.621519
-0.617334
-0.611356
-0.607295
-0.597293
-0.588509
-0.585818
-0.585468
-0.586438
-0.592641
-0.593285
-0.587781
-0.591487
-0.587394
-0.578127
-0.576083
-0.574241
-0.569295
-0.565626
-0.562288
-0.560243
-0.55652
-0.561496
-0.559095
-0.5601
-0.566847
-0.571257
-0.579575
-0.582824
-0.587611
-0.58768
-0.59042
-0.593441
-0.600366
-0.603386
-0.601351
-0.605314
-0.608995
-0.606488
-0.606143
-0.608294
-0.616667
-0.613501
-0.603055
-0.600414
-0.59405
-0.59041
-0.584088
-0.58802
-0.579063
-0.583967
-0.579756
-0.581151
-0.577918
-0.583235
-0.584481
-0.585433
-0.585281
-0.593953
-0.5945
-0.596242
-0.600604
-0.606446
-0.594115
-0.593797
-0.583873
-0.580455
-0.571361
-0.563048
-0.561437
-0.558643
-0.549555
-0.551208
-0.549041
-0.541203
-0.548535
-0.547662
-0.553201
-0.563591
-0.563298
-0.571601
-0.571301
-0.573895
-0.572584
-0.576213
-0.570103
-0.571271
-0.581524
-0.576153
-0.587236
-0.589639
-0.590652
-0.588055
-0.576975
-0.573936
-0.57553
-0.560133
-0.554324
-0.542616
-0.532207
-0.526539
-0.514223
-0.502858
-0.496023
-0.489317
-0.477306
-0.477303
-0.471017
-0.462194
-0.462665
-0.457527
-0.457856
-0.452014
-0.453203
-0.449496
-0.462467
-0.467146
-0.45908
-0.465433
-0.466693
-0.46961
-0.476195
-0.483028
-0.489609
-0.492069
-0.491386
-0.483864
-0.477362
-0.47541
-0.472357
-0.47194
-0.469534
-0.465905
-0.462124
-0.463406
-0.467639
-0.469986
-0.472374
-0.473902
-0.477726
-0.48006
-0.48753
-0.485746
-0.487529
-0.491046
-0.495352
-0.498219
-0.500645
-0.506321
-0.5083
-0.511248
-0.511597
-0.510757
-0.51562
-0.519336
-0.512337
-0.515379
-0.511971
-0.509799
-0.514914
-0.506366
-0.50477
-0.49372
-0.48573
-0.480224
-0.473623
-0.476691
-0.473296
-0.470986
-0.46622
-0.461596
-0.467117
-0.463556
-0.468469
-0.475176
-0.473432
-0.478253
-0.484998
-0.487078
-0.494949
-0.501476
-0.505988
-0.513862
-0.515764
-0.519924
-0.520123
-0.522544
-0.528263
-0.527307
-0.530833
-0.542674
-0.539011
-0.533421
-0.531386
-0.532451
-0.532083
-0.526005
-0.528906
-0.522232
-0.51772
-0.509503
-0.508846
-0.508009
-0.503552
-0.505851
-0.504719
-0.506886
-0.51127
-0.515189
-0.525387
-0.528579
-0.537523
-0.547596
-0.554594
-0.564059
-0.577762
-0.58176
-0.599657
-0.608463
-0.624145
-0.620753
-0.622771
-0.631378
-0.624257
-0.62375
-0.611112
-0.607747
-0.5997
-0.598286
-0.590885
-0.590605
-0.577676
-0.582462
-0.570729
-0.574972
-0.568758
-0.580455
-0.580612
-0.59924
-0.602714
-0.610083
-0.617162
-0.624205
-0.625931
-0.630988
-0.631043
-0.630367
-0.62654
-0.624227
-0.617586
-0.614027
-0.612027
-0.610676
-0.608693
-0.613271
-0.609443
-0.616425
-0.613137
-0.626393
-0.637629
-0.646274
-0.652616
-0.659968
-0.672353
-0.66775
-0.673383
-0.681773
-0.678791
-0.678888
-0.676233
-0.673156
-0.66506
-0.656394
-0.65793
-0.645585
-0.645627
-0.644841
-0.643956
-0.645803
-0.653699
-0.651876
-0.670963
-0.677589
-0.684593
-0.700097
-0.706424
-0.706649
-0.708643
-0.707359
-0.69554
-0.69163
-0.677182
-0.671687
-0.655018
-0.651305
-0.638918
-0.633564
-0.628745
-0.62415
-0.617518
-0.630022
-0.631536
-0.633678
-0.638871
-0.650404
-0.653616
-0.651244
-0.649802
-0.65553
-0.648658
-0.642278
-0.639124
-0.628133
-0.616531
-0.612014
-0.606903
-0.602529
-0.600988
-0.600499
-0.602505
-0.605954
-0.615012
-0.618269
-0.622197
-0.631231
-0.641995
-0.649706
-0.648766
-0.662102
-0.667004
-0.65598
-0.655535
-0.649138
-0.640438
-0.633738
-0.630476
-0.618762
-0.613782
-0.605734
-0.599242
-0.601407
-0.595577
-0.596693
-0.602618
-0.612579
-0.61324
-0.62603
-0.642287
-0.647969
-0.652524
-0.665646
-0.664654
-0.657171
-0.65436
-0.652079
-0.648266
-0.643152
-0.63129
-0.623081
-0.612624
-0.608082
-0.601827
-0.59897
-0.593989
-0.590419
-0.591777
-0.587249
-0.591352
-0.591484
-0.595888
-0.59668
-0.599075
-0.610282
-0.619387
-0.614255
-0.612995
-0.621791
-0.624715
-0.62067
-0.615481
-0.612089
-0.609891
-0.600513
-0.599555
-0.587575
-0.588779
-0.58105
-0.57924
-0.551925
-0.534234
-0.512404
-0.504548
-0.506613
-0.50242
-0.501093
-0.498414
-0.490908
-0.488958
-0.481815
-0.471961
-0.471799
-0.465453
-0.46202
-0.465073
-0.46836
-0.471594
-0.48009
-0.473464
-0.460124
-0.414042
-0.402034
-0.39442
-0.395935
-0.395597
-0.389767
-0.377696
-0.362993
-0.34848
-0.325509
-0.308375
-0.293356
-0.278381
-0.275845
-0.266469
-0.256178
-0.246134
-0.237906
-0.227722
-0.217447
-0.205381
-0.197338
-0.187934
-0.178734
-0.174295
-0.17273
-0.171683
-0.16732
-0.164111
-0.162391
-0.158635
-0.156382
-0.155012
-0.151715
-0.150099
-0.14553
-0.144543
-0.141671
-0.140582
-0.137983
-0.133928
-0.133163
-0.128856
-0.125568
-0.123918
-0.124241
-0.120287
-0.119182
-0.123635
-0.126486
-0.125917
-0.122084
-0.119174
-0.117597
-0.116677
-0.120232
-0.118473
-0.118606
-0.118507
-0.119258
-0.119049
-0.121791
-0.119782
-0.119836
-0.118709
-0.118865
-0.118098
-0.118341
-0.118313
-0.119141
-0.119141
-0.117223
-0.11908
-0.120766
-0.117666
-0.117685
-0.117231
-0.118831
-0.117226
-0.116741
-0.117228
-0.119042
-0.117578
-0.119477
-0.121761
-0.122996
-0.126237
-0.125618
-0.124289
-0.12517
-0.127784
-0.12901
-0.130555
-0.134575
-0.133464
-0.133394
-0.134726
-0.129854
-0.127576
-0.129486
-0.129264
-0.131535
-0.134253
-0.13529
-0.134736
-0.134593
-0.134036
-0.133359
-0.135666
-0.134675
-0.133972
-0.137394
-0.134854
-0.131715
-0.132583
-0.131509
-0.133466
-0.130658
-0.133285
-0.132248
-0.130497
-0.13001
-0.128507
-0.128152
-0.127524
-0.126899
-0.124312
-0.123326
-0.12173
-0.122971
-0.125808
-0.122754
-0.122766
-0.129421
-0.124607
-0.125424
-0.125639
-0.126244
-0.126056
-0.125214
-0.123752
-0.134447
-0.153634
-0.17643
-0.201203
-0.227076
-0.241822
-0.239539
-0.226387
-0.220295
-0.214077
-0.21058
-0.213469
-0.21466
-0.218042
-0.217464
-0.211235
-0.198509
-0.185186
-0.179177
-0.173317
-0.163815
-0.158772
-0.153348
-0.147646
-0.147166
-0.147559
-0.152566
-0.155898
-0.153272
-0.152904
-0.144832
-0.143563
-0.14024
-0.134181
-0.131853
-0.128748
-0.129525
-0.127435
-0.127113
-0.129162
-0.126734
-0.129877
-0.131754
-0.134139
-0.13278
-0.13619
-0.134953
-0.135599
-0.136684
-0.136919
-0.137678
-0.138678
-0.138281
-0.138928
-0.137391
-0.140047
-0.139125
-0.138544
-0.139511
-0.14537
-0.150545
-0.158303
-0.1644
-0.172172
-0.171878
-0.173806
-0.175912
-0.175856
-0.177127
-0.184619
-0.189666
-0.198312
-0.211672
-0.231653
-0.250471
-0.263635
-0.273481
-0.274496
-0.280485
-0.289539
-0.299032
-0.29661
-0.298534
-0.299265
-0.303298
-0.327085
-0.337946
-0.336236
-0.338637
-0.342356
-0.345572
-0.347083
-0.348314
-0.350335
-0.360541
-0.379665
-0.403268
-0.423903
-0.434558
-0.444233
-0.451049
-0.448746
-0.454146
-0.454314
-0.458981
-0.469764
-0.485635
-0.500869
-0.50893
-0.517016
-0.523026
-0.533885
-0.54367
-0.54634
-0.547453
-0.547201
-0.557977
-0.57295
-0.587664
-0.605386
-0.625044
-0.639916
-0.642784
-0.64368
-0.635105
-0.645781
-0.659143
-0.664615
-0.669757
-0.675326
-0.67749
-0.677523
-0.684745
-0.680776
-0.690573
-0.692234
-0.682997
-0.684699
-0.681106
-0.681946
-0.681539
-0.695499
-0.687112
-0.681981
-0.681669
-0.677116
-0.669507
-0.663417
-0.660231
-0.651199
-0.652992
-0.649584
-0.656825
-0.653287
-0.6568
-0.651648
-0.651886
-0.641815
-0.63546
-0.62903
-0.621742
-0.616802
-0.610682
-0.596406
-0.596211
-0.586009
-0.577553
-0.582026
-0.588657
-0.594882
-0.587389
-0.583235
-0.574634
-0.562516
-0.556317
-0.545745
-0.551218
-0.550362
-0.552053
-0.553718
-0.556219
-0.561403
-0.56021
-0.56511
-0.571686
-0.564203
-0.566013
-0.575728
-0.578141
-0.572594
-0.561098
-0.561864
-0.571395
-0.570515
-0.565686
-0.566184
-0.565929
-0.562407
-0.548953
-0.54743
-0.559783
-0.56809
-0.583471
-0.587549
-0.582989
-0.58234
-0.572812
-0.567126
-0.559916
-0.565198
-0.580423
-0.595507
-0.6028
-0.608815
-0.609177
-0.601952
-0.58962
-0.590114
-0.592993
-0.586748
-0.580509
-0.577435
-0.577327
-0.577612
-0.575468
-0.575989
-0.579694
-0.581151
-0.57571
-0.569332
-0.565068
-0.560964
-0.562874
-0.559922
-0.558397
-0.562999
-0.561704
-0.561351
-0.549252
-0.538996
-0.540269
-0.538842
-0.537458
-0.537697
-0.53415
-0.52667
-0.524625
-0.524512
-0.534963
-0.535423
-0.537859
-0.531113
-0.525369
-0.525111
-0.517919
-0.518926
-0.511815
-0.513151
-0.509657
-0.506196
-0.51197
-0.510242
-0.502449
-0.503893
-0.518576
-0.517744
-0.50951
-0.504383
-0.505609
-0.509209
-0.512543
-0.510511
-0.504323
-0.495084
-0.492513
-0.49132
-0.492436
-0.488637
-0.48836
-0.493315
-0.491061
-0.491675
-0.49108
-0.48839
-0.484123
-0.475755
-0.478097
-0.485433
-0.485556
-0.483797
-0.480579
-0.4817
-0.483333
-0.485194
-0.475606
-0.469547
-0.46309
-0.466701
-0.475374
-0.475492
-0.47215
-0.463368
-0.467939
-0.466429
-0.47664
-0.480338
-0.480953
-0.488097
-0.488806
-0.485596
-0.496138
-0.489989
-0.499236
-0.498704
-0.515714
-0.517653
-0.527831
-0.524259
-0.525171
-0.530175
-0.532003
-0.539392
-0.544121
-0.53494
-0.542946
-0.551288
-0.556335
-0.555975
-0.552646
-0.560545
-0.565718
-0.568067
-0.573699
-0.578754
-0.587776
-0.595429
-0.601754
-0.608953
-0.608249
-0.611608
-0.621687
-0.613116
-0.609213
-0.606919
-0.619875
-0.61886
-0.634905
-0.640002
-0.633823
-0.635638
-0.63005
-0.632833
-0.639101
-0.648522
-0.652173
-0.655434
-0.653326
-0.662379
-0.662232
-0.671696
-0.67375
-0.675797
-0.682724
-0.688471
-0.693324
-0.69566
-0.702936
-0.70199
-0.713395
-0.710184
-0.717905
-0.719092
-0.724661
-0.720199
-0.725489
-0.724279
-0.728613
-0.737199
-0.737554
-0.743927
-0.74551
-0.744371
-0.754647
-0.762159
-0.774257
-0.78481
-0.781102
-0.778735
-0.773417
-0.769647
-0.767469
-0.763409
-0.763018
-0.753778
-0.756417
-0.759619
-0.761097
-0.7647
-0.776219
-0.778522
-0.787488
-0.782239
-0.783787
-0.77486
-0.777656
-0.775241
-0.783457
-0.777143
-0.777927
-0.778563
-0.776052
-0.78192
-0.777614
-0.775532
-0.77361
-0.77437
-0.782948
-0.792793
-0.795235
-0.805217
-0.794948
-0.800231
-0.7946
-0.79499
-0.786636
-0.790347
-0.786741
-0.788363
-0.79268
-0.791973
-0.796672
-0.79237
-0.789499
-0.795561
-0.794594
-0.800726
-0.789151
-0.784204
-0.76417
-0.75367
-0.724102
-0.689723
-0.637157
-0.576928
-0.505047
-0.455204
-0.403705
-0.364705
-0.339599
-0.316797
-0.292988
-0.26959
-0.249479
-0.235533
-0.21571
-0.201903
-0.186316
-0.174229
-0.161183
-0.150945
-0.142227
-0.114634
-0.10848
-0.108835
-0.108314
-0.108856
-0.109065
-0.109394
-0.101699
-0.0886679
-0.0722302
-0.0675124
-0.0639278
-0.0659529
-0.0553848
-0.0551521
-0.0609422
-0.0671233
-0.0713042
-0.0888804
-0.115158
-0.142565
-0.166747
-0.192405
-0.208127
-0.227373
-0.250788
-0.291602
-0.34217
-0.338744
-0.314771
-0.288835
-0.270991
-0.262695
-0.255415
-0.250586
-0.237373
-0.220404
-0.20605
-0.194744
-0.182034
-0.178615
-0.179097
-0.181951
-0.181894
-0.185607
-0.185854
-0.186286
-0.185997
-0.186334
-0.186346
-0.187249
-0.185413
-0.184179
-0.186912
-0.187207
-0.188272
-0.188221
-0.183431
-0.184963
-0.186242
-0.187571
-0.188492
-0.1849
-0.186647
-0.186555
-0.186301
-0.185991
-0.186859
-0.187872
-0.188021
-0.19137
-0.191412
-0.193196
-0.195028
-0.19339
-0.195266
-0.197702
-0.199042
-0.202635
-0.204929
-0.206606
-0.208328
-0.209195
-0.208124
-0.211674
-0.209242
-0.209622
-0.210914
-0.209849
-0.209799
-0.211282
-0.208486
-0.20987
-0.209422
-0.206427
-0.210495
-0.209072
-0.207652
-0.207697
-0.209335
-0.208908
-0.207939
-0.20903
-0.207775
-0.211458
-0.211345
-0.209347
-0.210265
-0.210193
-0.208955
-0.210148
-0.209745
-0.210917
-0.210869
-0.210669
-0.211425
-0.212505
-0.21203
-0.210723
-0.212161
-0.211994
-0.212813
-0.211503
-0.212401
-0.210875
-0.210169
-0.212209
-0.209359
-0.212116
-0.211515
-0.212517
-0.209829
-0.21223
-0.210507
-0.212275
-0.211554
-0.209724
-0.210938
-0.212439
-0.211138
-0.211177
-0.21034
-0.210489
-0.210361
-0.212137
-0.213271
-0.212897
-0.210038
-0.211333
-0.210534
-0.211387
-0.210552
-0.211449
-0.209616
-0.212574
-0.214707
-0.209344
-0.209999
-0.212119
-0.212293
-0.212104
-0.210926
-0.209829
-0.211578
-0.209909
-0.210065
-0.210376
-0.211052
-0.210995
-0.209694
-0.209742
-0.209021
-0.211811
-0.210391
-0.211766
-0.209718
-0.209921
-0.208961
-0.211494
-0.211004
-0.207186
-0.209213
-0.210382
-0.208459
-0.212413
-0.209171
-0.20915
-0.209924
-0.20906
-0.209117
-0.209054
-0.21101
-0.212287
-0.209407
-0.209912
-0.208615
-0.212679
-0.209727
-0.210486
-0.209945
-0.210119
-0.210717
-0.211473
-0.21112
-0.209314
-0.210717
-0.211165
-0.211252
-0.212212
-0.208606
-0.211055
-0.209993
-0.211411
-0.212089
-0.211754
-0.209757
-0.212831
-0.211357
-0.208869
-0.209601
-0.208361
-0.210681
-0.209781
-0.210125
-0.209724
-0.209885
-0.210412
-0.207763
-0.210929
-0.208899
-0.212424
-0.21057
-0.211413
-0.212119
-0.212335
-0.210125
-0.210573
-0.210465
-0.211916
-0.211333
-0.212335
-0.210011
-0.209987
-0.213836
-0.210708
-0.211396
-0.208528
-0.209598
-0.209981
-0.209329
-0.208633
-0.208665
-0.209302
-0.209174
-0.209476
-0.211034
-0.209909
-0.20758
-0.211028
-0.209237
-0.211405
-0.208815
-0.209981
-0.210077
-0.210848
-0.209577
-0.21203
-0.210035
-0.210944
-0.210355
-0.210448
-0.209835
-0.207254
-0.208896
-0.207981
-0.209314
-0.209168
-0.208761
-0.208328
-0.209589
-0.207685
-0.20585
-0.205805
-0.204544
-0.202934
-0.205399
-0.205237
-0.207861
-0.204897
-0.206193
-0.206854
-0.207039
-0.204858
-0.204484
-0.198839
-0.193801
-0.180857
-0.176438
-0.177373
-0.183476
-0.182517
-0.182406
-0.180134
-0.179112
-0.172899
-0.17214
-0.175048
-0.184412
-0.192038
-0.198517
-0.197517
-0.199469
-0.202545
-0.201703
-0.200977
-0.199529
-0.20328
-0.200455
-0.200198
-0.201073
-0.201416
-0.200284
-0.198347
-0.198302
-0.195207
-0.191967
-0.190729
-0.190875
-0.197144
-0.198905
-0.199311
-0.201589
-0.197263
-0.193148
-0.193049
-0.187827
-0.187213
-0.185595
-0.185628
-0.191585
-0.193333
-0.193724
-0.190049
-0.187914
-0.182773
-0.178725
-0.178948
-0.17634
-0.174081
-0.176179
-0.17712
-0.178356
-0.176551
-0.177191
-0.176935
-0.174685
-0.172435
-0.17145
-0.17043
-0.158508
-0.148315
-0.138141
-0.125508
-0.121591
-0.119105
-0.120469
-0.117572
-0.112333
-0.101064
-0.0858134
-0.0649418
-0.0610394
-0.0535377
-0.0471107
-0.047414
-0.0491458
-0.0493519
-0.0473257
-0.0470282
-0.0482004
-0.0465453
-0.0490456
-0.0454439
-0.0450169
-0.0458503
-0.044269
-0.0419017
-0.0442866
-0.0427437
-0.0436006
-0.0444427
-0.0441159
-0.0436653
-0.0436977
-0.043683
-0.0451965
-0.0444545
-0.0445428
-0.0409889
-0.0384188
-0.0402676
-0.0366762
-0.0377653
-0.0358431
-0.0380656
-0.0397613
-0.0370058
-0.0357342
-0.0368969
-0.0366497
-0.0373532
-0.0315224
-0.028253
-0.0268817
-0.0291976
-0.0286208
-0.0300627
-0.0262962
-0.0288385
-0.0351808
-0.0321346
-0.0326614
-0.0331323
-0.0270053
-0.0160965
-0.0115935
-0.00778207
-0.00750269
-0.00724979
-0.000686612
0.000360114
-0.00116882
2.7869e-05
-0.00247727
-0.00346526
-0.00386516
-0.00339469
-0.00123351
-0.00335352
-0.0039916
-0.00432388
-0.00632642
-0.00552951
-0.00698807
-0.00634994
-0.00578534
-0.0107965
-0.00860255
0.000701177
-0.0103936
-0.0299244
-0.0464628
-0.0481798
-0.0466483
-0.0443279
-0.0370912
-0.0328762
-0.0334796
-0.0324289
-0.0331146
-0.0328615
-0.0322759
-0.0319963
-0.0327909
-0.0318197
-0.0314783
-0.0329616
-0.0332206
-0.033509
-0.0336297
-0.0337151
-0.0322317
-0.0338946
-0.0316195
-0.0310457
-0.0357077
-0.0357166
-0.0368233
-0.0351043
-0.0323641
-0.0305925
-0.0292976
-0.0277409
-0.027788
-0.0288974
-0.029224
-0.0325937
-0.034913
-0.032732
-0.0320257
-0.0329851
-0.0320051
-0.0331765
-0.0303717
-0.0311693
-0.0312399
-0.0297743
-0.0312252
-0.0311045
-0.0315195
-0.0283707
-0.029842
-0.0283471
-0.0293212
-0.0296537
-0.0295213
-0.026817
-0.0258342
-0.0255782
-0.0244101
-0.0259284
-0.0252811
-0.025793
-0.0255576
-0.0286826
-0.0284648
-0.0277821
-0.0287473
-0.0266699
-0.0276997
-0.0264168
-0.0271495
-0.0258166
-0.024925
-0.0267905
-0.029124
-0.0271936
-0.0302334
-0.0297596
-0.0290416
-0.0331264
-0.0309191
-0.0312811
-0.0328527
-0.0327938
-0.0319521
-0.0332118
-0.0347747
-0.0374386
-0.0379331
-0.0380832
-0.0379832
-0.0383187
-0.0400056
-0.0382363
-0.0403412
-0.0389605
-0.0382304
-0.0370588
-0.0377712
-0.0407475
-0.0369411
-0.0350837
-0.0363082
-0.0363347
-0.0372119
-0.0370588
-0.0374709
-0.0368822
-0.0319256
-0.025843
-0.0263256
-0.0250515
-0.0235128
-0.0263903
-0.0260519
-0.023195
-0.0224919
-0.0258254
-0.0249456
-0.0193793
-0.0105906
0.00665472
0.00921234
0.0119286
0.013466
0.0120403
0.0124136
0.00909181
0.0105411
0.0114877
0.0180604
0.0192979
0.0203296
0.0182338
0.0160528
0.0183014
0.0182956
0.0202502
0.017352
0.0162615
0.0150063
0.014927
0.0185601
0.0133925
0.0141597
0.0132867
0.0145889
0.0107057
0.00789239
0.00841567
0.00496721
0.00690754
0.00321204
0.00835981
0.0150181
0.0140186
0.0124195
0.0107939
0.0114818
0.0101354
0.0122461
0.00848328
0.00554638
-0.00616468
-0.0110935
-0.0209209
-0.026867
-0.0323435
-0.0275497
-0.0322317
-0.0391077
-0.042888
-0.0519263
-0.0608891
-0.0664364
-0.0723511
-0.0772089
-0.079156
-0.078147
-0.0827646
-0.0848571
-0.0954005
-0.105604
-0.104114
-0.105033
-0.104081
-0.104362
-0.104465
-0.108379
-0.11464
-0.120182
-0.124134
-0.128487
-0.131589
-0.131615
-0.135029
-0.13134
-0.13243
-0.133014
-0.1278
-0.129168
-0.128064
-0.128058
-0.133103
-0.13288
-0.133583
-0.132276
-0.13521
-0.132359
-0.133076
-0.134205
-0.132608
-0.133526
-0.133449
-0.134845
-0.137931
-0.139253
-0.140516
-0.140403
-0.146024
-0.151687
-0.177352
-0.1914
-0.205393
-0.210738
-0.212311
-0.213908
-0.212179
-0.214318
-0.21547
-0.216569
-0.212658
-0.215467
-0.214848
-0.214567
-0.216251
-0.217164
-0.215132
-0.213439
-0.214127
-0.214115
-0.215728
-0.21331
-0.216503
-0.217562
-0.219074
-0.217841
-0.218712
-0.216473
-0.214483
-0.218428
-0.217036
-0.221638
-0.223264
-0.223681
-0.224016
-0.224643
-0.222992
-0.223246
-0.224238
-0.225119
-0.225557
-0.226471
-0.224822
-0.223681
-0.223974
-0.223546
-0.224238
-0.226348
-0.224592
-0.223237
-0.224613
-0.223627
-0.221164
-0.213977
-0.21144
-0.20029
-0.189933
-0.16935
-0.151375
-0.130178
-0.10746
-0.0834522
-0.0639573
-0.0545128
-0.0330852
-0.0254193
-0.0103053
0.003312
0.0164085
0.035249
0.0550007
0.0761979
0.101335
0.122115
0.135557
0.149924
0.178784
0.181643
0.178509
0.160923
0.1531
0.142429
0.137427
0.13051
0.125754
0.116913
0.100941
0.0706316
0.0449746
-0.00389162
-0.045388
-0.0948778
-0.139324
-0.169073
-0.165793
-0.158473
-0.152916
-0.149078
-0.148318
-0.148431
-0.148971
-0.145425
-0.14471
-0.146618
-0.148223
-0.150342
-0.150903
-0.152595
-0.156533
-0.162725
-0.162107
-0.162056
-0.162187
-0.157255
-0.156275
-0.158615
-0.153854
-0.15656
-0.15324
-0.149704
-0.147229
-0.143624
-0.144864
-0.143369
-0.138515
-0.139976
-0.137166
-0.140169
-0.142616
-0.143512
-0.145665
-0.146084
-0.148288
-0.146143
-0.146879
-0.145742
-0.143586
-0.141121
-0.141954
-0.141026
-0.143482
-0.142307
-0.140558
-0.14094
-0.140347
-0.13866
-0.136881
-0.134442
-0.133538
-0.130303
-0.129165
-0.127448
-0.127095
-0.129325
-0.128683
-0.130442
-0.132003
-0.129317
-0.131577
-0.130309
-0.130884
-0.12807
-0.126518
-0.127759
-0.124054
-0.110092
-0.0985111
-0.0850519
-0.0811476
-0.0751116
-0.0772767
-0.0778019
-0.0744981
-0.0673591
-0.0516288
-0.0385042
-0.0266316
-0.0107847
0.00702514
0.00921822
0.00487019
0.00808935
0.032689
0.056103
0.0693233
0.0776565
0.0809179
0.0877122
0.0960676
0.0938285
0.0844649
0.0738895
0.0695349
0.0712315
0.0747452
0.0786093
0.0842031
0.0884947
0.0924516
0.0940227
0.0909805
0.0919396
0.0918131
0.0887124
0.0961824
0.0951584
0.0928134
0.0894949
0.0879799
0.0823119
0.0943699
0.10296
0.103098
0.102927
0.10127
0.101338
0.0999373
0.100691
0.0995253
0.101806
0.105047
0.112322
0.110867
0.10832
0.104549
0.10452
0.106545
0.105503
0.102719
0.104641
0.105373
0.104652
0.105868
0.105656
0.105229
0.107128
0.105141
0.103875
0.103425
0.105488
0.104511
0.107325
0.103749
0.105244
0.106198
0.103999
0.107843
0.108141
0.108803
0.107519
0.108164
0.107555
0.108865
0.110449
0.108255
0.108088
0.110072
0.110885
0.110522
0.106642
0.109251
0.109348
0.108164
0.108052
0.107154
0.109433
0.108877
0.106154
0.108915
0.108085
0.109468
0.108953
0.106495
0.109012
0.109766
0.114015
0.118191
0.114763
0.116232
0.115101
0.115855
0.114088
0.114969
0.116179
0.114583
0.114041
0.116577
0.115867
0.116547
0.114244
0.113979
0.115988
0.115902
0.115914
0.118751
0.114309
0.116869
0.114889
0.114321
0.115045
0.114845
0.115817
0.115632
0.114745
0.11681
0.116603
0.116692
0.114029
0.115496
0.11423
0.114297
0.116218
0.113388
0.116368
0.115181
0.11673
0.116271
0.1159
0.12073
0.131156
0.136958
0.13572
0.144406
0.162992
0.171703
0.170254
0.166026
0.165231
0.160965
0.163015
0.161068
0.161065
0.163686
0.161774
0.160141
0.161074
0.15885
0.160344
0.159145
0.159712
0.160956
0.160087
0.162244
0.16248
0.164638
0.16235
0.161352
0.164188
0.162238
0.164247
0.162135
0.165294
0.178065
0.200054
0.225709
0.25523
0.273125
0.286206
0.294546
0.307105
0.324103
0.346301
0.378786
0.40728
0.442252
0.477478
0.543403
0.588336
0.614801
0.645049
0.658022
0.672855
0.686899
0.696304
0.708512
0.71894
0.736071
0.73891
0.761675
0.775773
0.797846
0.812377
0.826718
0.82248
0.822832
0.820363
0.821046
0.831175
0.838753
0.848499
0.86778
0.870824
0.883005
0.883212
0.89033
0.896271
0.891348
0.905118
0.905119
0.904367
0.918881
0.916414
0.932189
0.926867
0.928623
0.924745
0.915902
0.91855
0.918513
0.906108
0.907015
0.899597
0.91394
0.921481
0.9265
0.932492
0.922577
0.925422
0.921818
0.918044
0.90262
0.898827
0.899199
0.891502
0.881872
0.876947
0.866791
0.856005
0.861465
0.860051
0.861681
0.854144
0.858741
0.857382
0.858595
0.850265
0.85394
0.849412
0.857235
0.860171
0.865278
0.862109
0.853587
0.865676
0.868333
0.891608
0.896175
0.903691
0.903151
0.910443
0.925488
0.941645
0.990112
1.00315
0.98905
0.998023
1.00218
1.02184
1.05102
1.06382
1.08279
1.08258
1.07572
1.08518
1.1129
1.12922
1.1485
1.16389
1.16573
1.17081
1.17418
1.18355
1.18297
1.19326
1.1996
1.18426
1.18092
1.17772
1.17776
1.18674
1.18863
1.20171
1.21232
1.22543
1.2413
1.24211
1.24468
1.26236
1.28105
1.3001
1.31758
1.30564
1.2915
1.28907
1.30251
1.31038
1.34085
1.37327
1.38482
1.3932
1.38802
1.38866
1.39961
1.3947
1.41589
1.43242
1.44454
1.4363
1.41595
1.39083
1.3889
1.37627
1.3812
1.39691
1.42459
1.41458
1.40596
1.41165
1.41907
1.42742
1.4324
1.43351
1.41901
1.42729
1.44459
1.45935
1.46355
1.46647
1.46379
1.47061
1.47363
1.48719
1.48376
1.49449
1.50273
1.52022
1.53397
1.53717
1.54863
1.52338
1.50592
1.4847
1.46399
1.43966
1.41394
1.39487
1.36387
1.33603
1.27571
1.24975
1.21392
1.18109
1.16807
1.14038
1.10373
1.07548
1.04785
1.03853
1.04546
1.05461
1.0525
1.04291
1.01281
0.974384
0.93456
0.874556
0.817582
0.751853
0.689535
0.633962
0.59016
0.549905
0.530862
0.503579
0.486323
0.468013
0.438761
0.417008
0.39663
0.380225
0.362385
0.346592
0.33158
0.313642
0.297893
0.282174
0.271246
0.259605
0.25767
0.261594
0.261885
0.268627
0.282576
0.290475
0.286532
0.278539
0.269113
0.276101
0.276313
0.225155
0.165356
0.130482
0.128695
0.137978
0.144462
0.153754
0.154695
0.149863
0.14558
0.142603
0.13994
0.139658
0.13961
0.131799
0.125367
0.125333
0.1299
0.131036
0.135303
0.137749
0.139485
0.142734
0.144936
0.146731
0.158505
0.161846
0.161709
0.164684
0.16267
0.162595
0.160739
0.160399
0.156615
0.154224
0.149753
0.149264
0.143619
0.132924
0.11699
0.113275
0.110723
0.112153
0.10638
0.0985563
0.0877328
0.08367
0.0824921
0.078274
0.0807833
0.0822068
0.0808774
0.0858664
0.0896927
0.0901487
0.0938895
0.0945081
0.0943397
0.0901737
0.0925244
0.107807
0.113157
0.113687
0.1088
0.106424
0.102973
0.104803
0.106313
0.106271
0.109168
0.107627
0.10222
0.0961986
0.0941492
0.0964457
0.099615
0.100663
0.0996054
0.0993428
0.0950598
0.0981686
0.0984739
0.100209
0.0994105
0.0997173
0.102459
0.10718
0.11065
0.110385
0.10716
0.111549
0.112966
0.118257
0.121592
0.129468
0.119011
0.117369
0.130123
0.130294
0.124659
0.134213
0.148268
0.143114
0.126482
0.117017
0.123254
0.135623
0.153878
0.162689
0.167638
0.171372
0.172068
0.172251
0.18824
0.211993
0.234649
0.255335
0.271999
0.279607
0.292133
0.297818
0.310121
0.32942
0.356127
0.392406
0.429807
0.468184
0.494334
0.522325
0.54009
0.544356
0.547296
0.555504
0.576257
0.590308
0.603392
0.609111
0.617806
0.621012
0.626056
0.62642
0.619688
0.621386
0.624924
0.62647
0.621058
0.619934
0.615891
0.624744
0.633385
0.6516
0.665047
0.676753
0.692956
0.696593
0.704395
0.692726
0.702733
0.700674
0.694334
0.688096
0.656143
0.635303
0.619917
0.62408
0.626619
0.638475
0.651593
0.658348
0.658035
0.662633
0.666467
0.670884
0.681358
0.688657
0.704882
0.719808
0.748936
0.763486
0.775412
0.788164
0.793586
0.807298
0.823645
0.846029
0.860845
0.870563
0.872801
0.871917
0.874024
0.877473
0.889534
0.90367
0.930065
0.958581
0.985509
1.00192
1.01486
1.0291
1.02983
1.03036
1.02562
1.02873
1.03942
1.04652
1.04291
1.03767
1.04619
1.04392
1.05207
1.05241
1.05729
1.06566
1.07741
1.06779
1.07549
1.07557
1.08173
1.08256
1.08328
1.08456
1.08246
1.08758
1.08929
1.08819
1.0838
1.08736
1.07324
1.07684
1.07461
1.07673
1.08852
1.08607
1.08071
1.07269
1.07554
1.07352
1.07957
1.08431
1.08511
1.07935
1.09732
1.11024
1.12452
1.14229
1.16214
1.17741
1.20076
1.20334
1.21843
1.22741
1.22773
1.23184
1.2307
1.23183
1.24939
1.26327
1.2615
1.25709
1.26021
1.25697
1.25336
1.26244
1.2782
1.27193
1.28467
1.29666
1.30383
1.29891
1.31731
1.31556
1.31866
1.31993
1.32275
1.33416
1.3582
1.35198
1.37729
1.37518
1.36781
1.3851
1.38535
1.37995
1.39625
1.39926
1.3918
1.40325
1.40279
1.40494
1.40607
1.40745
1.41529
1.41517
1.41145
1.40796
1.40436
1.41127
1.41961
1.43149
1.42359
1.42778
1.43421
1.42944
1.43222
1.44585
1.43892
1.41384
1.40459
1.38486
1.34533
1.28737
1.23219
1.20034
1.18296
1.15369
1.13247
1.10197
1.08115
1.05108
1.02338
0.991967
0.977952
0.967562
0.980437
1.00193
1.01421
1.03281
1.05467
1.07229
1.08964
1.12567
1.1431
1.15993
1.18282
1.17362
1.17047
1.17227
1.16192
1.16865
1.15936
1.15625
1.15807
1.15545
1.17124
1.17037
1.16682
1.17032
1.17758
1.17539
1.18157
1.18955
1.18195
1.19114
1.18685
1.17799
1.18499
1.18167
1.17826
1.17487
1.16218
1.1575
1.15442
1.1502
1.15413
1.15096
1.15105
1.1527
1.13391
1.13438
1.14211
1.1085
1.08471
1.10431
1.10887
1.11105
1.12719
1.1284
1.12255
1.13822
1.14692
1.15264
1.16953
1.17932
1.18029
1.18833
1.19494
1.20293
1.21793
1.22823
1.24272
1.24385
1.24229
1.26658
1.27677
1.28229
1.28462
1.28346
1.28801
1.28405
1.27302
1.27377
1.27385
1.26999
1.27104
1.26651
1.25485
1.24572
1.2477
1.24807
1.25674
1.25738
1.24231
1.24362
1.23529
1.2224
1.21037
1.21648
1.24592
1.26412
1.26717
1.27525
1.27884
1.27331
1.28331
1.27969
1.27961
1.27417
1.2877
1.29682
1.2962
1.29325
1.30316
1.29762
1.28892
1.30435
1.30525
1.29163
1.30159
1.32777
1.3032
1.29249
1.29893
1.29939
1.30499
1.32293
1.32722
1.32291
1.32334
1.31401
1.30746
1.32667
1.30875
1.30407
1.30658
1.30656
1.31203
1.30547
1.31377
1.3212
1.31389
1.3308
1.33679
1.34456
1.35187
1.33669
1.32858
1.31825
1.3151
1.32285
1.33765
1.35904
1.37261
1.37862
1.37703
1.38547
1.38411
1.38631
1.40871
1.40862
1.40415
1.42651
1.43127
1.42621
1.42621
1.4422
1.45039
1.44987
1.4551
1.45141
1.43033
1.40888
1.4082
1.415
1.40728
1.39583
1.39226
1.37253
1.34706
1.33527
1.32729
1.30978
1.25611
1.20734
1.12962
1.04927
0.950572
0.871983
0.796354
0.719305
0.620239
0.523534
0.45159
0.395897
0.344707
0.293161
0.247508
0.213005
0.18795
0.184257
0.190856
0.194895
0.201333
0.208743
0.205021
0.200487
0.203246
0.227013
0.23146
0.230064
0.226518
0.225328
0.222585
0.217786
0.219766
0.221503
0.219192
0.217733
0.214389
0.211136
0.208031
0.205412
0.20839
0.211517
0.221473
0.234499
0.256253
0.281152
0.312628
0.350967
0.377202
0.408655
0.441212
0.469583
0.503385
0.530716
0.572203
0.597862
0.632978
0.656143
0.680645
0.696534
0.721667
0.734985
0.772004
0.789984
0.804498
0.822216
0.85481
0.884745
0.916534
0.951908
0.979577
1.00051
1.02392
1.04499
1.06804
1.08568
1.09251
1.1054
1.11384
1.12509
1.14406
1.15772
1.16918
1.19246
1.19056
1.20259
1.21481
1.20748
1.20462
1.20134
1.18172
1.18312
1.19117
1.18214
1.18519
1.19845
1.18685
1.21038
1.21665
1.21749
1.22512
1.21324
1.19949
1.19915
1.18578
1.19046
1.20053
1.21064
1.21094
1.22846
1.23017
1.22771
1.23506
1.23702
1.22631
1.23207
1.23282
1.22254
1.21032
1.21697
1.21965
1.21996
1.21732
1.21948
1.21996
1.21546
1.21556
1.21148
1.20503
1.2093
1.20053
1.19073
1.21272
1.19272
1.18758
1.17567
1.1607
1.14439
1.1398
1.15382
1.17835
1.1726
1.17471
1.16684
1.15793
1.16135
1.1571
1.17363
1.16821
1.16448
1.1521
1.14344
1.13087
1.13803
1.15208
1.16249
1.16554
1.16425
1.15804
1.16736
1.16572
1.17283
1.16749
1.16779
1.16636
1.167
1.17189
1.16208
1.16462
1.15326
1.13847
1.13331
1.14598
1.15055
1.14193
1.13509
1.12442
1.12531
1.12148
1.11303
1.11423
1.09868
1.09553
1.07235
1.06727
1.02622
0.991354
0.939417
0.890799
0.828122
0.775567
0.726033
0.685194
0.645502
0.600805
0.553003
0.497892
0.455865
0.419626
0.382775
0.356981
0.334146
0.311473
0.290651
0.269204
0.255221
0.238218
0.221738
0.202772
0.164448
0.150957
0.1395
0.132462
0.129714
0.126166
0.124263
0.12446
0.116677
0.110967
0.10613
0.104393
0.106018
0.100226
0.100167
0.10052
0.100335
0.100997
0.0997489
0.0995665
0.103666
0.10452
0.103928
0.104976
0.104964
0.108697
0.110673
0.110826
0.109115
0.108956
0.109215
0.0981157
0.0914071
0.089442
0.0848796
0.083509
0.0809208
0.0802414
0.0792533
0.0819149
0.0825031
0.081659
0.079518
0.0812208
0.0796268
0.0778623
0.0798503
0.0790945
0.0776329
0.0788063
0.0805561
0.0786622
0.0787916
0.0745217
0.0751745
0.0749305
0.0741336
0.0702641
0.0645604
0.0632581
0.0632375
0.0665537
0.0643311
0.0581636
0.0542658
0.0576874
0.056247
0.0546303
0.0553358
0.0538366
0.0566909
0.0549477
0.0560265
0.0536397
0.0523993
0.0463766
0.0448629
0.0459387
0.0459387
0.0412801
0.0401573
0.0368949
0.033556
0.0345671
0.0337412
0.0338147
0.0338147
0.0318455
0.0310607
0.0212672
0.0494423
0.0503741
0.0530871
0.0575404
0.0571083
0.0588015
0.0605447
0.058046
0.0571553
0.0576609
0.0574404
0.0585075
0.0599479
0.060239
0.0607887
0.0604712
0.062529
0.0621468
0.066198
0.0681031
0.0821796
0.0824384
0.0810796
0.0863797
0.090704
0.0975889
0.101432
0.103684
0.103787
0.104317
0.105877
0.104414
0.101379
0.104923
0.101356
0.104941
0.10361
0.103266
0.103428
0.102922
0.104764
0.104543
0.106301
0.103281
0.105035
0.105865
0.103681
0.103537
0.103666
0.102939
0.104773
0.101891
0.102315
0.102395
0.103157
0.102657
0.103095
0.103707
0.103613
0.103163
0.104626
0.102245
0.100638
0.101612
0.10487
0.0919102
0.0891507
0.0908335
0.0896479
0.089542
0.0892096
0.0889066
0.0904098
0.087221
0.0827707
0.0792592
0.0729604
0.0658952
0.0660275
0.0640371
0.0605829
0.0558884
0.0489367
0.0408275
0.032545
0.0304758
0.0262875
0.0250971
0.0237362
0.0245504
0.0256526
0.0288122
0.0301672
0.0339558
0.0343731
0.0355106
0.032207
0.0338558
0.0348698
0.0357163
0.03539
0.0317396
0.0327948
0.0309608
0.0315339
0.0303289
0.0340234
0.0368626
0.049795
0.0524169
0.0522347
0.0549037
0.0489602
0.0487133
0.0458182
0.049842
0.0494158
0.0469292
0.0484723
0.0488221
0.049119
0.048099
0.0500213
0.0504534
0.0490837
0.0509413
0.0514851
0.050859
0.0526814
0.0489691
0.0514792
0.0519642
0.0511647
0.0527226
0.0517173
0.0498362
0.0510883
0.0499861
0.0496774
0.05125
0.0513734
0.0533634
0.0541423
0.0552505
0.0542805
0.0544804
0.054886
0.054304
0.0550653
0.0544921
0.0536103
0.0547743
0.0556973
0.0570142
0.0567232
0.0558267
0.0518584
0.0546068
0.0529578
0.0535309
0.0524728
0.0451745
0.0210762
0.00254758
-0.0106406
-0.0385719
-0.0576889
-0.0685944
-0.0777635
-0.0950934
-0.116534
-0.138713
-0.169174
-0.191203
-0.209159
-0.220089
-0.222375
-0.224409
-0.223082
-0.222479
-0.213941
-0.203624
-0.196794
-0.19336
-0.19245
-0.193655
-0.194968
-0.195248
-0.194998
-0.205539
-0.220497
-0.243444
-0.274691
-0.29249
-0.332082
-0.34293
-0.357644
-0.366817
-0.360703
-0.345248
-0.334474
-0.321142
-0.308445
-0.292312
-0.282034
-0.276577
-0.27004
-0.265811
-0.257734
-0.245214
-0.233531
-0.233282
-0.232802
-0.227871
-0.21667
-0.207858
-0.195275
-0.17511
-0.156203
-0.142337
-0.127234
-0.111434
-0.0939563
-0.0750114
-0.0595041
-0.042573
-0.0228302
-0.0116082
0.0132514
0.0273015
0.0470791
0.0572494
0.0597098
0.0562264
0.0523023
0.0529401
0.0614266
0.0787622
0.0911541
0.104879
0.115658
0.122374
0.128023
0.127657
0.131704
0.141184
0.160829
0.167055
0.170925
0.159517
0.148366
0.146808
0.140836
0.142774
0.140889
0.136554
0.130316
0.126134
0.122907
0.126311
0.128256
0.127802
0.12784
0.130086
0.134039
0.13304
0.132821
0.130752
0.128824
0.122515
0.119025
0.111712
0.0983364
0.0859003
0.0861503
0.0847649
0.0875593
0.089489
0.0867709
0.0871563
0.0815472
0.0782034
0.0779623
0.0831149
0.0847384
0.0825413
0.0815296
0.0778741
0.0793474
0.0781623
0.080262
0.077233
0.0815619
0.0782593
0.0796444
0.0771595
0.0806179
0.0798768
0.078371
0.0821619
0.0785269
0.0804679
0.0776711
0.0788239
0.0806179
0.0805473
0.0785828
0.0790533
0.0791033
0.080362
0.078374
0.0808649
0.0787181
0.0791739
0.0815296
0.0792709
0.077627
0.078424
0.0790533
0.0784005
0.0806473
0.0775271
0.0759714
0.0778417
0.0793915
0.080512
0.0778094
0.0791739
0.0814561
0.0799768
0.0776182
0.078024
0.0793356
0.0797532
0.0793768
0.0804444
0.0809032
0.0785593
0.0787739
0.0790533
0.0793062
0.079618
0.0780593
0.0800591
0.0789916
0.0797297
0.0771095
0.0776006
0.0781652
0.0807443
0.0787269
0.0776653
0.0800356
0.0801708
0.0790063
0.0789092
0.078424
0.0799062
0.0788004
0.0785563
0.079618
0.0782681
0.0769742
0.0774182
0.0821443
0.0791768
0.0796768
0.0803473
0.0801944
0.0777682
0.0774682
0.0786622
0.079715
0.0796885
0.0783887
0.0792739
0.0779211
0.078574
0.0786916
0.0797709
0.0787534
0.0810443
0.0785299
0.0776506
0.0785387
0.0803708
0.0803561
