-0.0121486
-0.00773136
-0.0180685
-0.00558217
-0.0036208
0.00455839
-0.00169192
0.00117278
-0.00189282
-0.0127543
-0.0237818
-0.00759667
-0.0084196
-0.0100655
0.0032028
0.00472206
-0.0109469
-0.0124502
0.0018909
-0.00851469
-0.00356255
0.00161251
-0.0061925
0.000687482
-0.000282922
0.000557269
-0.00704539
-0.0071386
0.0173749
-0.00663119
0.0119513
0.00270656
-0.000738077
-0.00210602
0.000972847
0.00568865
0.00108739
-0.0132021
0.00874775
-0.0072269
0.00432916
0.00376639
-0.00704706
-0.00103354
-0.013621
-0.00442429
0.00154939
-0.00635438
-0.010804
-0.00364334
0.000436121
-0.00745444
0.0192459
0.000679892
0.00496615
-0.0135647
-0.00253457
0.0142537
-0.00355298
-0.00373613
-0.0101556
-0.00936795
-0.012478
-0.00339063
-0.00572026
0.00257932
-0.00282112
0.00889924
6.51758e-05
0.0147213
-0.00223917
0.00645542
0.0100838
-0.0140313
0.0254865
0.00147059
-0.00841485
0.000721379
-0.00107729
0.00755307
0.00815223
0.0140237
-0.00450619
0.00213638
-0.00549104
0.00802007
-0.00374722
0.0121145
0.0169391
0.00501629
-0.0116944
-0.012198
-0.0016981
0.00198648
-0.0181837
-0.00795246
0.00506867
0.00193209
-0.013859
-0.00470451
-0.0150877
-0.00482375
0.0155614
0.00403137
0.0050928
0.00166742
0.00451083
-0.00500884
-0.00346709
-0.0141751
-0.0129689
0.0103133
0.00505694
-0.00257696
-0.00269466
-0.00845011
0.0095185
-0.0067916
-0.00337553
0.00478989
-0.000653788
-0.00109564
-0.0099142
-0.0057361
-0.0136147
-0.00574907
-0.00814441
-0.0103238
0.00673446
-0.00460114
0.02555
-0.00229144
-0.000493367
-0.00502309
-0.00458907
-0.0120442
0.00410463
-0.000543352
-0.00555438
-0.00540502
0.00458737
-0.0069936
0.0130863
-0.0102397
0.00709483
0.0120431
0.0127552
0.000749508
0.00111867
-0.00834638
0.00271732
-0.00572852
0.00255842
0.00746728
-0.0075586
0.0109967
0.0131707
0.00706364
-0.000252942
-0.00162358
0.0118222
0.00142961
0.010521
0.0100738
0.0176179
0.00405426
0.00707729
0.0045697
-0.00840909
-0.00729128
0.0072703
-0.010211
-0.00907283
-0.011567
0.00944839
0.00766231
0.0145493
0.00405965
0.0215447
0.00565078
-0.00213468
-0.0123444
0.0103376
0.00299532
-0.0204401
-0.00893479
0.00487411
-0.00178374
-0.00980822
-0.00982227
0.00312572
0.015731
0.005231
0.00213408
-0.00747241
-0.0170187
0.000178123
-0.009959
-0.0125238
-0.00403376
0.00245721
0.00748472
-0.0174878
-0.000669435
-0.00418489
0.00532905
0.000810688
0.0073871
-0.000817768
-0.000232863
0.00409593
-0.000608613
0.00918072
-0.00147748
-0.0165832
-0.00447895
-0.024152
0.00360236
-0.00271263
-0.00381606
-0.00440033
0.0125613
0.00233233
-0.00178773
0.000416255
-0.0177308
0.00559081
-0.0112837
0.0036136
0.0115653
0.00762161
-0.0062626
0.00244836
0.000949059
0.0126502
0.00180018
-0.0121223
-0.0221538
-0.0153224
0.0146479
-0.0235141
0.00292848
0.00247128
-0.00459468
0.0206029
0.00934437
0.00916002
-0.0170196
0.00471716
0.0127528
-0.0192202
-0.010256
0.0175153
0.0117032
-0.0117708
0.00644376
-0.00354076
-0.00490034
0.00362252
0.0151876
0.00886853
-0.00877985
-0.00579264
-0.00198914
0.00179519
-0.00883004
-0.0150827
-0.0197377
-0.0130864
-0.0106455
0.00860302
0.0229993
0.001287
-0.017766
-0.0049124
0.0125349
-0.0154123
-0.00108647
0.00472871
-0.000716533
-0.0106797
0.00965074
0.0146188
-0.00626603
0.011288
0.00916314
0.0105612
0.00689768
0.00155517
0.0111849
0.00585537
-0.00113431
-0.00403134
-0.00342985
0.00178393
-0.00113636
0.00358084
-0.00306175
0.00642779
0.0108776
0.00452528
0.00131916
0.00943989
0.00435473
0.0145591
0.0118754
0.0142289
-0.0109844
0.00767811
-0.00131949
-0.00686132
0.00483715
0.000374692
0.00842763
0.0102751
0.0102881
-0.000542559
0.00149826
0.00389482
-0.00553619
0.0244981
0.0106146
0.00532311
0.00203894
0.00641867
0.0130883
-0.0258252
0.0139184
0.000328842
0.0156791
-0.00386492
-0.00337737
-0.0143946
-0.0178475
-0.0423788
0.0156305
-0.00046773
0.0216928
0.0213391
0.0317544
0.0155651
0.0476806
0.0494835
0.0920402
0.0959478
0.0979342
0.0923516
0.116091
0.102341
0.0827524
0.0462455
0.0492615
0.0526806
0.0608417
0.0621575
0.0799375
0.0629476
0.0637029
0.0260214
0.0323252
0.0475837
0.0649687
0.0526902
0.0576118
0.0282026
0.0417605
0.0273281
0.0317225
0.0410575
0.0681511
0.0779993
0.111278
0.121166
0.137326
0.157995
0.191381
0.19466
0.139814
0.176863
0.204474
0.21598
0.231688
0.262852
0.224946
0.255893
0.236631
0.273806
0.224003
0.257942
0.268749
0.240057
0.276308
0.249108
0.255825
0.239043
0.226497
0.21643
0.233704
0.185464
0.167376
0.15697
0.169594
0.159126
0.122398
0.132442
0.190717
0.217883
0.195231
0.171876
0.18949
0.226479
0.225488
0.228885
0.247176
0.225973
0.19996
0.214057
0.235104
0.219599
0.195699
0.211216
0.225357
0.178215
0.216203
0.241964
0.214352
0.162026
0.179272
0.181652
0.210994
0.197394
0.174073
0.149616
0.189539
0.240101
0.20449
0.154878
0.165606
0.17368
0.180344
0.191497
0.192135
0.228773
0.203286
0.230146
0.220161
0.213325
0.209154
0.225535
0.184684
0.246534
0.242055
0.237838
0.249777
0.200983
0.222497
0.202203
0.180861
0.178053
0.150842
0.145411
0.17376
0.187438
0.133743
0.125018
0.145842
0.173428
0.192007
0.163682
0.218725
0.233703
0.226878
0.250684
0.238042
0.216252
0.249819
0.233393
0.271915
0.229676
0.255414
0.216974
0.244612
0.224943
0.266311
0.205734
0.187325
0.186125
0.204702
0.190058
0.18092
0.135172
0.175229
0.225451
0.191606
0.187832
0.186576
0.186724
0.207714
0.203639
0.20441
0.213811
0.214889
0.232355
0.251363
0.22384
0.211808
0.266449
0.254493
0.245572
0.255753
0.243715
0.259171
0.224443
0.204779
0.20025
0.169496
0.180023
0.191717
0.189777
0.219247
0.188414
0.142071
0.192692
0.19139
0.15446
0.209408
0.234935
0.21661
0.252551
0.25174
0.258482
0.263843
0.263034
0.280163
0.255944
0.265539
0.249597
0.302523
0.255124
0.242276
0.244991
0.235313
0.247736
0.215912
0.203581
0.202177
0.206819
0.253528
0.215551
0.239485
0.217627
0.273739
0.274275
0.279128
0.300623
0.264051
0.240075
0.257327
0.287281
0.259179
0.266942
0.276604
0.265782
0.223994
0.232915
0.25432
0.201934
0.186602
0.209973
0.232691
0.265501
0.196728
0.203661
0.253048
0.210646
0.228784
0.290442
0.265781
0.277363
0.263639
0.258299
0.265342
0.322891
0.251481
0.279509
0.315217
0.294487
0.319329
0.281466
0.258132
0.271624
0.273777
0.203068
0.190585
0.24972
0.289535
0.258009
0.272589
0.26715
0.296898
0.314605
0.330035
0.342872
0.33726
0.350309
0.345329
0.363856
0.334695
0.341618
0.289243
0.314702
0.293855
0.289171
0.282702
0.314986
0.268271
0.285241
0.303646
0.268291
0.322904
0.325367
0.346881
0.333043
0.345517
0.325547
0.305454
0.351277
0.30904
0.303671
0.287768
0.237389
0.228025
0.267025
0.191283
0.191343
0.202102
0.224033
0.189402
0.185789
0.241844
0.230384
0.268192
0.290353
0.308824
0.290531
0.340189
0.311023
0.331061
0.32658
0.341384
0.356773
0.332937
0.285657
0.289835
0.25891
0.204174
0.254103
0.207646
0.224091
0.270922
0.229728
0.235678
0.260189
0.264343
0.281758
0.295986
0.311805
0.298617
0.333589
0.315347
0.361473
0.346892
0.308612
0.33812
0.290764
0.269314
0.30508
0.322177
0.266657
0.243999
0.313001
0.248902
0.24247
0.282041
0.313358
0.329696
0.321183
0.312153
0.351189
0.329609
0.335044
0.324284
0.340861
0.265082
0.333118
0.28961
0.243477
0.251695
0.305575
0.271166
0.254991
0.290419
0.238201
0.272167
0.263304
0.256996
0.284941
0.277735
0.240922
0.255021
0.282149
0.253303
0.255007
0.233529
0.19316
0.212419
0.199544
0.15753
0.147015
0.18014
0.209258
0.180392
0.164624
0.15168
0.195774
0.195913
0.159761
0.239168
0.250495
0.238068
0.245337
0.232577
0.269783
0.289951
0.273148
0.285166
0.298022
0.276938
0.273826
0.295931
0.271519
0.226355
0.222225
0.251559
0.22353
0.15122
0.148586
0.156992
0.223408
0.166875
0.220233
0.211544
0.194149
0.259265
0.257275
0.249216
0.264255
0.269184
0.292029
0.264508
0.290688
0.277148
0.264049
0.291872
0.265355
0.219007
0.24957
0.225833
0.142543
0.141499
0.155731
0.200242
0.145483
0.123778
0.135348
0.165469
0.186587
0.161187
0.10999
0.17977
0.209435
0.228762
0.214055
0.214752
0.264152
0.225847
0.272609
0.284947
0.277482
0.280578
0.261137
0.263172
0.258236
0.272178
0.246388
0.205436
0.223802
0.240468
0.203129
0.236688
0.221024
0.206968
0.141613
0.136708
0.183497
0.163481
0.203806
0.174965
0.169169
0.177186
0.144104
0.154629
0.167814
0.180515
0.171053
0.191022
0.20098
0.183572
0.172089
0.168675
0.16756
0.205046
0.145559
0.148569
0.16333
0.176529
0.166276
0.204125
0.0846107
0.0781064
0.0831068
0.0490514
0.0786123
0.0819554
0.108466
0.131042
0.124407
0.0687023
0.109925
0.124901
0.139107
0.138754
0.164625
0.146948
0.145282
0.154357
0.205382
0.198174
0.224221
0.233302
0.245729
0.224596
0.240255
0.231694
0.252858
0.249131
0.239541
0.24188
0.241695
0.280096
0.26578
0.230805
0.234149
0.203686
0.142753
0.204496
0.192154
0.12529
0.109312
0.0572995
0.108608
0.127989
0.105055
0.0896927
0.0861834
0.0945371
0.123257
0.142012
0.177579
0.181746
0.205329
0.225104
0.216277
0.211913
0.237198
0.244046
0.235618
0.284579
0.290843
0.290929
0.279485
0.287302
0.300134
0.261887
0.22494
0.244642
0.243263
0.1904
0.138546
0.141662
0.150326
0.201318
0.172917
0.153423
0.154362
0.197411
0.202321
0.199175
0.19815
0.211116
0.239083
0.224179
0.219684
0.240555
0.250434
0.284664
0.235347
0.282546
0.296123
0.296203
0.306487
0.29286
0.3164
0.255875
0.236509
0.251571
0.29511
0.247637
0.27802
0.275297
0.281387
0.256103
0.312268
0.305308
0.299402
0.283089
0.287557
0.27616
0.312455
0.303852
0.295211
0.303708
0.273937
0.290189
0.254497
0.265673
0.264134
0.240568
0.203235
0.259226
0.250243
0.246581
0.257116
0.284389
0.290632
0.261119
0.318631
0.325502
0.32208
0.311183
0.351444
0.336191
0.311848
0.328823
0.301125
0.342006
0.297898
0.301904
0.252912
0.280369
0.283295
0.265498
0.248996
0.272648
0.299092
0.252076
0.293467
0.289361
0.329308
0.329977
0.332814
0.316699
0.341515
0.334377
0.349763
0.314519
0.32517
0.287253
0.298438
0.276493
0.24318
0.302376
0.287581
0.280639
0.299499
0.277606
0.318019
0.330183
0.29962
0.316083
0.319819
0.318154
0.314306
0.298877
0.266508
0.298239
0.306517
0.295534
0.282036
0.241967
0.208609
0.2486
0.250039
0.24174
0.216242
0.276461
0.256505
0.244587
0.283435
0.278168
0.310633
0.279828
0.257979
0.275415
0.287061
0.271796
0.292129
0.27738
0.294468
0.263189
0.257647
0.245471
0.26057
0.213109
0.236218
0.244581
0.229415
0.246333
0.247212
0.229031
0.252108
0.226851
0.278901
0.265216
0.294185
0.257479
0.276494
0.277604
0.285563
0.301067
0.239753
0.263337
0.260602
0.303393
0.26399
0.250021
0.229781
0.225024
0.257926
0.210101
0.241741
0.242104
0.245882
0.234176
0.233871
0.270544
0.248483
0.249861
0.24696
0.273181
0.25881
0.266576
0.266941
0.269055
0.266332
0.258053
0.24702
0.191733
0.224937
0.234114
0.224953
0.176548
0.182249
0.238941
0.23802
0.194897
0.209611
0.225438
0.222549
0.239532
0.250947
0.263142
0.260408
0.239173
0.240678
0.206666
0.246811
0.122762
0.157445
0.171118
0.140591
0.179858
0.185041
0.186036
0.164743
0.0679354
0.0858092
0.0613863
0.0619636
0.127785
0.121344
0.115284
0.126003
0.063749
0.0748886
0.115249
0.10586
0.0959845
-0.0120656
0.0695433
0.000449644
0.0986864
0.0557837
0.102508
0.0945371
0.0632922
0.0550086
0.0396848
0.051049
0.0413084
0.0413292
0.0587333
0.0560827
0.0413868
0.0274526
0.0202257
0.00966098
0.0109875
-0.0112168
-0.000728015
0.00645501
-0.000423096
-0.00838104
0.00983299
0.0112679
-0.0111182
-0.0105251
0.00246288
0.0122012
0.0257948
0.0150411
-0.00234986
-0.00964765
-0.00526209
-0.0149603
0.00420042
0.00143153
0.0102774
0.00765135
0.0142429
0.00275137
-0.00992879
0.00161807
0.00950952
0.00257169
0.017164
0.0397593
0.0271991
-0.0104528
0.000997339
-0.0157665
-0.00390921
0.00732096
0.00751693
0.0103297
0.0156231
0.00775823
0.0169623
0.0040824
0.0141416
-0.00376562
-0.00722053
0.00669422
-0.0108347
-0.0221448
-0.0104518
0.0102905
0.000418159
0.00832109
-0.00239132
-0.00728461
0.0103908
0.00569456
-0.00559259
-0.0151504
0.0122763
0.000233061
-0.0125218
-0.00184334
0.00519007
-0.00208803
-0.011538
0.0265715
-0.0162175
0.00907243
0.00181967
0.00317203
-0.00656128
0.0194449
0.0108207
-0.00350818
0.00402698
0.00379484
0.0229663
-0.000946666
0.0015445
-0.00993517
0.00835511
-0.0014939
0.0198231
-0.00129662
0.0185438
0.00471848
0.0184501
-0.00809363
0.00360878
0.010517
0.0060642
0.0219385
-0.00466904
0.00214522
-0.0144938
-0.00235798
-0.0147241
0.00258381
-0.00634231
0.00447363
0.00909993
-0.00578
0.010596
-0.00983532
-0.0180399
-0.00831308
-0.00981879
-0.0105177
-0.00784465
-0.00182134
0.00217745
0.0111597
0.0113728
-0.00521366
0.0202575
-0.0035868
-0.00660622
0.00399983
-0.00177793
0.00119795
-0.00873321
-0.0076865
0.0531035
0.0771275
0.122762
0.127015
0.144388
0.101793
0.0506589
0.0738735
0.0341117
0.0394148
0.059279
0.0725157
0.0745796
0.0771149
0.0614898
0.0346396
-0.00408161
-0.0102833
0.019566
0.0274471
0.0278183
0.00584791
-0.0224329
-0.0159802
0.0265984
0.0290197
0.0451293
0.0177484
0.000515718
0.0314139
0.0122363
0.0356634
0.0230656
0.0200188
0.00833463
-0.00824016
0.0190053
0.00483329
-0.0125995
0.0274768
0.00180414
0.00985234
0.0207752
0.0190677
0.0234596
0.011442
-0.00358149
0.0147675
0.00675201
0.00534671
-0.00525756
-0.00267262
-0.0196889
0.00457942
0.00108815
0.00219174
-0.00110137
0.0123043
0.00260763
0.0193267
0.016589
0.0550743
0.0487353
0.0374552
0.0175722
0.00903152
0.0522132
0.0220685
0.0481069
0.0593081
0.0373738
0.0411661
0.0831151
0.108906
0.102728
0.0494204
0.0567929
0.0640053
0.0832077
0.0762681
0.0773638
0.0478657
0.100851
0.13944
0.139692
0.103984
0.0662608
0.0159613
0.0277179
0.0156305
0.00158722
0.00633878
0.0153385
0.0234896
0.0611926
0.0733396
0.0834156
0.0657079
0.048228
0.0226014
0.0294608
0.00444181
0.014784
0.0148539
-0.0043088
0.0555531
0.0895857
0.0321673
0.0108614
0.0265972
0.017593
0.0353294
0.035065
0.00475788
0.00371525
0.015601
0.0395781
0.0563827
0.0508975
0.0602733
0.0480137
0.0624301
0.167907
0.173473
0.245848
0.251146
0.295242
0.2987
0.310811
0.342443
0.367893
0.353911
0.412514
0.334186
0.389272
0.384494
0.343722
0.350841
0.297763
0.310394
0.263082
0.264871
0.203521
0.227897
0.221968
0.230896
0.236672
0.213702
0.201621
0.25572
0.285943
0.327343
0.314526
0.311973
0.334508
0.327204
0.308679
0.31606
0.296781
0.304478
0.253376
0.232488
0.220265
0.17317
0.16388
0.188483
0.194047
0.205828
0.236546
0.250123
0.21293
0.190928
0.224598
0.22871
0.206275
0.240251
0.267791
0.247276
0.236306
0.262449
0.275752
0.272206
0.29115
0.284603
0.249508
0.236776
0.261542
0.194079
0.16687
0.163339
0.20579
0.210651
0.196685
0.209776
0.222774
0.197172
0.219486
0.256967
0.272494
0.288342
0.330052
0.321394
0.341781
0.292556
0.307371
0.241839
0.256333
0.243437
0.279136
0.272121
0.266404
0.318058
0.235747
0.227373
0.175852
0.188975
0.21825
0.204149
0.218298
0.231995
0.214355
0.271996
0.293925
0.307685
0.294872
0.320862
0.327706
0.31088
0.291843
0.272202
0.297203
0.270794
0.260212
0.239884
0.223833
0.191375
0.161473
0.161787
0.186793
0.162884
0.164701
0.208383
0.184874
0.193941
0.214437
0.22453
0.256893
0.271029
0.289186
0.256072
0.239985
0.234575
0.232874
0.272408
0.25847
0.247978
0.236216
0.231875
0.225141
0.217769
0.16855
0.174835
0.199844
0.176877
0.162244
0.141268
0.152368
0.178634
0.188377
0.168337
0.172685
0.181185
0.198094
0.209369
0.202204
0.21365
0.222387
0.240213
0.242656
0.230705
0.256239
0.239129
0.235401
0.223033
0.23591
0.237522
0.217633
0.207162
0.180975
0.160875
0.169961
0.138744
0.0852091
0.0874095
0.0810184
0.141017
0.154606
0.172687
0.146187
0.130694
0.127526
0.170648
0.176421
0.15804
0.213895
0.228505
0.199898
0.243298
0.250483
0.251971
0.232203
0.23007
0.276275
0.23923
0.274524
0.270316
0.244205
0.224268
0.261905
0.228665
0.202433
0.180786
0.206783
0.213736
0.190224
0.184537
0.182213
0.187881
0.198977
0.176901
0.22884
0.258967
0.285507
0.295463
0.328555
0.328381
0.33372
0.328667
0.35458
0.328282
0.359058
0.318467
0.31787
0.294132
0.311181
0.29445
0.263527
0.226559
0.233362
0.212297
0.200013
0.256006
0.280305
0.27914
0.331705
0.320424
0.359335
0.369434
0.383612
0.352956
0.356686
0.380839
0.396281
0.380012
0.344909
0.295127
0.31797
0.288115
0.274127
0.303523
0.294356
0.293648
0.322167
0.374622
0.344939
0.38307
0.333617
0.371966
0.407922
0.352107
0.377717
0.359782
0.350454
0.393916
0.307935
0.33429
0.287678
0.31137
0.288492
0.344107
0.362602
0.376894
0.375592
0.395273
0.399532
0.388402
0.405675
0.393541
0.385811
0.350794
0.30382
0.321228
0.293369
0.306453
0.306752
0.313245
0.340745
0.34584
0.356135
0.364137
0.367214
0.4143
0.403854
0.405095
0.403077
0.370813
0.383052
0.389137
0.307878
0.297219
0.276497
0.300805
0.298633
0.354278
0.322838
0.39815
0.38177
0.418738
0.400295
0.396706
0.426279
0.383523
0.360534
0.357128
0.283163
0.317515
0.295765
0.282044
0.270763
0.232213
0.211691
0.168723
0.109749
0.0160489
-0.00546861
0.00615807
-0.0105952
0.0097872
0.0175962
0.0106988
0.0335591
0.00215793
-0.00551902
0.0139995
-0.0257903
-0.0193762
-0.0024555
-0.0262432
-0.0459429
-0.0339892
-0.0377215
-0.0259602
-0.0235866
-0.00791243
-0.00205152
0.00787358
-0.00983518
0.00738883
-0.0437984
-0.0817179
-0.110456
-0.0619656
-0.0163839
0.0303584
0.0256517
0.0254165
0.036256
0.0280941
0.0386767
0.0792911
0.132532
0.130657
0.14051
0.134236
0.152944
0.193445
0.260696
0.308345
0.343523
0.0875424
0.0456753
0.0147874
0.0209517
0.0170756
0.0200682
0.0229898
0.0329509
0.0183961
0.0289811
0.0172224
0.0242824
0.0170719
-0.00314244
0.0177726
-0.0136292
0.00880312
0.00077525
0.00824547
-0.017185
0.00365386
0.0108102
0.00511925
0.0021588
-0.0105021
-0.00709898
0.00124733
0.0180788
0.0130003
-0.0103656
-0.026137
-0.000435352
1.61966e-05
0.00168176
-0.00831617
-0.00883402
-0.00237156
-0.0237836
-0.0101267
0.00810645
-0.00693862
-0.0160137
-0.011443
-0.000588102
-0.00140019
0.0180181
0.00302627
-0.000285079
0.0116276
0.0143529
0.0158207
0.00897222
0.0230193
0.00312585
-0.000860326
-0.00233339
0.0133088
0.00711745
0.00572096
0.0121753
-0.00792917
-0.0068431
-0.00845351
0.0133306
0.009499
-0.00138158
-0.0177812
-0.00989568
-0.000404064
-0.00589422
-0.00405136
0.00964588
0.00649211
-0.019866
-0.00806509
-0.00147126
0.0116231
0.0104391
0.00995709
0.0133823
-0.00101914
0.000973037
0.00555581
-0.0181079
0.0130556
-0.00467886
0.00158487
-0.00287305
0.00276456
0.00434733
-0.010144
0.000961416
-0.00266733
-0.00216415
0.00116091
-0.00466092
-0.000599822
-0.00253039
0.00231003
-0.0164993
0.0148754
-0.0126784
-0.00443665
-0.0088602
0.0107842
0.00754673
0.0171676
-0.00601148
-0.00462551
-0.000433396
0.020503
-0.0115256
0.012683
0.00521905
0.000869329
-0.00821383
-0.00146916
-0.00423143
0.00899215
-0.0107608
0.00539215
0.0101234
0.00300202
0.0053576
-0.00444264
-0.00460394
-0.00334003
0.01818
0.00210783
-0.00757572
0.00830321
-0.00610497
0.014278
0.00943683
0.00773268
0.0157502
0.00120697
-0.0015885
-0.0091369
-0.000685123
0.00167899
-0.00728314
-0.00926009
0.0124761
0.000693864
-0.00964119
-0.0098738
0.0307597
0.00198678
-0.0131125
0.0175421
-0.0175463
-0.00289503
0.0012455
0.00939573
-0.0207882
0.00924301
-0.00646025
-0.019216
0.000105238
-0.00404186
-0.0149689
-0.00600629
0.0154711
0.0130069
0.00723928
-0.00774484
-0.00865454
0.00679346
0.0113913
0.00217608
0.0114577
0.00836864
0.00954854
-0.0113588
0.00445959
-0.00559634
-0.00718595
-0.00165205
-0.00244831
0.0104275
-0.0139976
0.00622716
0.0147821
-0.00296621
0.00962625
-0.00117174
0.00726901
-0.00901305
0.000833931
-0.0150506
-0.0267662
-0.00948118
0.0136434
-0.0137782
0.00470211
-0.00296271
0.0104409
-0.00887245
-0.0114442
0.00972014
-0.00121406
-0.0102941
0.00706957
0.00583336
0.000237505
0.00760933
-0.0025065
0.00168383
0.0146711
0.00811111
0.00599642
0.0122759
0.00635826
-0.0180271
0.0124051
-0.0116797
0.013969
-0.0094374
-0.00100133
0.0148531
-0.00157849
0.000195292
-0.00987394
-0.00489285
-0.00177637
-0.00614354
-0.0125198
0.0058728
-0.00101173
0.0216013
-0.000217345
0.0165275
-0.00994449
-0.0145874
-0.00402911
0.0175977
-0.00419831
0.00495214
0.00488711
0.019979
-0.0014401
0.00578627
-0.00838875
-0.0219206
-0.00572589
0.00808593
-0.0142285
0.00543563
-0.00410435
0.0181507
0.0125216
-0.0134346
0.00232719
-0.00438343
-0.00951303
0.0137647
0.0253269
-0.000735561
0.00747862
-0.00110191
0.0181392
-0.000116184
0.000848327
0.0110785
-0.0174644
-0.0138586
-0.0414839
-0.0372903
-0.0145533
0.00791
0.00471892
-0.0084766
-0.0116283
-0.0044031
-0.000362177
-0.00900239
-0.00706101
0.0202512
0.0392819
0.0315774
0.00764449
0.0113771
0.000997726
0.010057
-0.0117526
-0.00117152
0.00860207
0.0170939
0.0121588
-0.000460202
-0.00762296
-0.0118576
-0.00552714
-0.00961213
-0.00753316
-0.00274955
-0.0164375
-0.00406203
-0.00689894
0.0204627
0.00620213
-0.00819854
-0.0169273
-0.0230333
-0.00833819
-0.00373451
-0.0126459
-0.00181546
0.0055891
0.00816413
0.00767056
-0.0148156
0.00485556
-0.0148529
0.00415475
-0.0104091
-0.00719726
-0.00431859
0.0109775
-0.0010642
-0.00346534
0.00672809
0.00103941
-0.0111105
-0.00859341
-0.00456465
-0.0191897
-1.02492e-05
0.00453188
-0.04236
-0.0547725
-0.0413046
-0.0537663
-0.0535929
-0.0169124
-0.0168208
-0.00059372
-0.0239126
-0.0209236
-0.0299503
-0.0654915
-0.125467
-0.104044
-0.0188654
-0.0160751
0.00278512
0.0122225
0.00643263
-0.0115007
0.002716
0.0110443
-0.00607111
0.00398533
-0.0130518
-0.00499819
0.00849418
3.80166e-05
0.00556867
-0.00883496
-0.012756
-0.0167577
0.00767213
0.00936878
0.0010604
0.00580635
-0.00464212
0.00506626
0.00466615
0.0202094
-0.00646877
0.023001
0.0120983
-0.00744026
0.00127243
-0.0036378
-0.000500008
0.0017212
-0.00461343
-0.00481582
-0.0149996
0.013959
-0.00571678
0.0136557
0.0207322
0.0108266
-0.00157347
-0.0169869
0.00582211
-0.00796923
-0.0559764
-0.06438
0.00114188
-0.00446551
0.00572471
-0.0434883
-0.0730479
-0.0473845
-0.0166489
0.00388374
-0.00644581
-0.0287808
-0.00138849
0.0219276
-0.00307412
0.013402
0.00283185
-0.0100803
-0.0085461
-0.00569951
0.00751717
-0.00437243
-0.000994084
0.00795112
0.00436079
0.0209336
0.00605688
0.0373378
0.0116134
0.0531458
0.0391402
0.0757319
0.0539481
0.057036
0.0929912
0.0134327
-0.0112241
0.00666422
-0.00336195
-0.00420911
-0.00502853
0.00759223
1.60062e-05
0.0123445
-0.0149413
-0.00664534
0.00707301
-0.00379652
0.0221863
0.00752303
0.00341856
0.0208996
-0.0286801
-0.0175124
0.0166078
-0.00287944
-0.0155112
0.00264411
0.00766543
0.00138285
-0.00409411
-0.0129544
-0.00344918
-0.00896303
0.00410695
0.0147921
0.0100605
-0.00646502
-0.00123249
0.0127406
-0.0124611
-0.0160064
0.0101166
0.0123805
0.0156802
-0.00641967
0.00973845
-0.00718581
-0.0268252
-0.0249655
-0.00376981
-0.0110221
-0.0108421
0.0130007
-0.00484181
-0.00487613
0.00918148
0.00587252
-0.0231712
0.011258
-0.0110002
-0.000353849
-0.000535636
-0.0147388
0.00404288
0.00626249
0.0106133
0.017764
0.0176792
-0.00733294
0.00641088
-0.00477626
-0.0230254
0.0111183
0.00827052
-0.0176091
-0.00515686
0.00124226
0.00221478
0.00305394
-0.00383404
0.00301276
0.0170478
0.00726218
0.0145344
0.0178784
-0.00587275
-0.0143021
-0.0118314
8.62777e-05
0.0063556
0.00100381
-0.000165024
-0.00217851
-0.00238174
0.0105122
-0.0239326
0.0131787
0.000900765
0.0167103
-0.00522992
-0.00362772
0.0118272
-0.0121908
-0.015822
-0.00643308
-0.00678122
0.0035834
0.00542419
0.00363091
-0.0132989
-0.0189706
-0.0177021
0.00463188
0.0146652
0.00898655
0.0123565
0.0133179
-0.0131911
-0.0229912
-0.0487656
-0.0487997
-0.0376079
-0.0620246
-0.0606241
-0.0581229
-0.0199013
0.00872083
0.0193072
-0.0032103
-0.00961731
-0.0028744
-0.0142552
-0.0257096
-0.0217024
0.000607111
-0.00140129
-0.00329955
-0.00391745
-0.0031235
-0.00585093
0.0100587
0.0117642
0.00112047
0.0120279
-0.0086764
-0.00998963
0.00790243
-0.00433808
-0.00417798
0.00589904
0.0201185
0.0213103
0.0269503
0.0117863
0.0297596
0.0439422
0.0381908
-0.00144084
-0.000456397
0.00956568
0.00508213
0.00300862
-0.00848486
-0.00310535
0.00689138
0.0287412
0.0289481
0.0354003
0.00763799
0.0348398
-0.000501607
0.0132914
0.0266099
0.0198981
0.030758
0.0339184
0.0235518
0.00619873
0.000366991
-0.00215948
0.0187881
0.0140033
0.0265126
0.0300112
0.00424111
0.0133486
-0.010564
-0.0045759
0.0191807
0.011611
0.00316211
0.0315767
0.0138683
0.0158107
0.0310194
0.0188802
-0.0154189
0.00709298
-0.00721228
-0.00799727
-0.000235077
-0.0156366
-0.0136652
-0.00417381
-0.00952111
0.00391374
-0.00377979
-0.00939905
0.00584885
0.0119106
-0.010225
0.00287649
0.00470442
-0.00443483
-0.00292916
0.0161877
0.026077
0.00900705
-0.00889124
0.00531279
0.00347111
0.0241476
0.0334611
0.0660531
0.0583527
0.0543664
0.0208851
0.00479459
-0.00965855
0.00672857
0.00502978
-0.00424166
-0.000954932
0.00496366
-0.00530376
0.00940376
0.00828813
0.000133206
0.00888514
0.00929978
-0.0068668
0.00478275
-0.0118876
0.00472683
-0.00871736
-0.00254796
0.0184928
0.0134437
-0.0153504
0.0158503
-0.00170746
-0.00648249
0.0107954
0.000113449
0.0146213
0.0114078
-0.00171288
0.00175383
0.00876586
-0.0118509
-0.0141587
0.00940745
0.00397505
0.00369662
0.0157104
-0.00269593
-0.00583805
0.0191351
-0.0166273
-0.015289
0.00294251
-0.00190459
-0.0108148
-0.00222065
-5.59206e-05
-0.00595221
-0.0206972
-0.032697
-0.0352484
-0.052661
-0.0745725
-0.070075
-0.0722471
-0.119613
-0.0908271
-0.100831
-0.163567
-0.0985421
-0.0737066
-0.0767539
-0.0684351
-0.0664088
-0.0676451
-0.0832805
-0.111569
-0.109268
-0.110689
-0.150313
-0.142897
-0.114962
-0.0761666
-0.046887
0.00859409
-0.00082478
0.0196061
0.00144832
0.00977748
0.0183432
0.0476729
0.085741
0.151668
0.343087
0.218344
0.202736
0.186879
0.149961
0.123531
0.00494961
0.00230559
-0.00836432
0.0186169
0.0205229
0.0440802
0.0512
0.0269777
0.0715381
0.087334
0.0796413
0.050181
0.065867
0.0295969
0.0160423
0.0185842
-0.0252584
-0.00600657
-0.00194762
-0.00395613
-0.00617953
0.00324564
0.00595413
-0.0177748
-0.0220946
-0.0120642
-0.00700715
-0.0115957
-0.00429867
-0.00871099
-0.000501629
-0.00014007
0.000515405
0.00584934
0.0314161
0.00940976
0.0161532
-0.00271649
0.00028387
-0.00967027
-0.00943608
-0.00891853
-0.00761525
0.00659754
0.0141313
0.0175076
0.00149768
-0.0166728
-0.0139768
-0.00253443
-0.00596309
-0.017345
-0.014535
0.000107451
0.00360384
0.00396945
-0.0127663
-0.00171875
0.00306435
0.0148567
-0.0161257
-0.00515353
0.015359
0.00188349
-0.00098914
-0.00114388
0.0126053
0.00024401
-0.0179782
0.011644
-0.0384321
-0.0665985
-0.049344
-0.0390752
-0.0133505
-0.0046064
-0.00624264
0.00180117
-0.0116286
-0.0492621
-0.0707894
-0.11954
-0.141081
-0.185057
-0.0655606
0.0290986
0.00479929
-0.0236534
-0.114917
-0.0883644
-0.0345727
-0.0247234
0.00235204
-0.0314246
-0.0441701
-0.0148139
-0.00563355
-0.0086906
-0.0406415
-0.0509718
-0.0442558
-0.0310973
-0.0332702
-0.0465554
-0.0277204
-0.0152679
-0.0099517
-0.0302534
-0.0245784
0.0124042
-0.0298966
-0.0105584
-0.0199523
-0.017446
0.00885152
0.0103949
-0.124848
-0.0385162
-0.0195439
0.012016
0.0119136
-0.00556653
0.0129976
-0.0244461
-0.00631401
-0.00978228
-0.018296
-0.0100523
0.012512
0.00516442
0.0104455
-0.000209115
-0.00857733
-0.00966109
0.027662
0.0100316
0.00327434
-0.000556842
0.00487178
0.00999922
0.00423814
-0.0144539
-0.0169488
0.00842375
-0.00783473
0.00964024
0.00995309
-0.0183972
0.0162718
-0.00788614
-0.00946845
0.00728243
-0.0082319
-0.00172067
-0.00929348
0.00652234
0.00269576
0.0080086
0.00569466
-0.000874108
0.00440687
-0.00817511
-0.00491285
-0.0140693
0.000871302
0.00671693
-0.00556884
-0.00775914
0.00763215
0.00122113
0.00286794
-0.00768154
0.000249846
0.00294168
0.0074997
-0.0204363
-0.0124906
-0.0128957
0.0100814
-0.0101484
-0.0212261
-0.0299126
-0.0189048
0.0246859
-0.00678523
-0.00442305
0.00471119
-0.00231865
0.0117487
-0.00607657
0.00311812
0.00551541
-0.0124908
0.00363955
0.000132709
0.00432849
0.013474
0.00557622
0.00282232
-0.00671344
-0.00399377
0.0151586
0.000853642
0.00469365
0.0133971
0.001479
-0.000782445
-0.0175868
-0.00311491
0.00479354
-0.0229807
-0.0064122
-0.00065587
0.0074703
0.000693107
0.00803157
0.0114994
-0.017906
0.0121085
-0.00370931
0.00236879
-0.0032557
0.00447275
0.00283913
-0.0346133
-0.019876
-0.0188356
-0.00714771
-0.0533364
-0.0623084
-0.0478452
-0.0195868
0.0215659
-0.00817087
0.0124644
0.00838074
0.00829823
0.00986042
-0.00347174
-0.00232248
0.00235948
-0.00437046
0.00933428
-0.0118733
0.0168888
-0.0145841
0.00139085
0.00876359
-0.00325085
0.00489843
-0.0142495
-0.00427542
-0.00108881
-0.00867023
-0.00882043
0.00381065
-0.0188142
-0.0247119
-0.0688803
-0.11171
-0.138005
-0.0950377
-0.0646033
-0.0242411
-0.0409503
-0.0736267
-0.075661
-0.0941773
-0.131185
-0.15884
-0.242323
-0.300357
-0.32953
-0.389314
-0.350498
-0.362978
-0.325161
-0.349722
-0.330661
-0.314472
-0.318709
-0.305655
-0.321419
-0.295763
-0.343398
-0.345657
-0.357445
-0.337474
-0.321974
-0.274902
-0.265366
-0.278806
-0.305077
-0.33081
-0.355765
-0.337959
-0.378758
-0.35411
-0.376355
-0.4021
-0.367828
-0.384313
-0.380129
-0.3574
-0.384502
-0.326609
-0.393569
-0.344584
-0.324708
-0.318143
-0.300366
-0.31738
-0.350935
-0.31678
-0.339942
-0.319311
-0.356415
-0.359367
-0.362927
-0.406888
-0.322752
-0.365973
-0.337635
-0.322848
-0.309997
-0.291406
-0.281751
-0.278658
-0.293425
-0.26211
-0.27348
-0.279152
-0.287155
-0.28719
-0.314868
-0.318069
-0.309019
-0.302056
-0.316235
-0.313287
-0.288364
-0.279283
-0.296671
-0.303822
-0.320255
-0.285008
-0.269397
-0.272641
-0.29471
-0.350258
-0.355958
-0.356335
-0.333043
-0.325529
-0.348773
-0.339576
-0.411814
-0.380741
-0.451683
-0.367408
-0.304384
-0.371482
-0.361094
-0.406465
-0.454458
-0.43137
-0.388933
-0.410555
-0.43613
-0.422632
-0.485724
-0.528113
-0.4746
-0.466694
-0.430382
-0.494471
-0.460654
-0.423307
-0.396262
-0.425416
-0.373927
-0.387725
-0.418551
-0.391959
-0.407188
-0.415941
-0.400721
-0.440866
-0.464917
-0.436478
-0.467388
-0.464993
-0.398456
-0.440727
-0.501941
-0.496039
-0.448866
-0.421568
-0.431376
-0.409686
-0.465184
-0.459246
-0.511263
-0.497793
-0.466075
-0.471583
-0.413163
-0.435455
-0.473479
-0.454821
-0.507629
-0.519354
-0.484272
-0.477612
-0.461367
-0.419276
-0.40752
-0.416995
-0.446523
-0.42532
-0.452818
-0.433844
-0.401118
-0.489036
-0.489032
-0.481474
-0.458084
-0.479681
-0.478827
-0.485306
-0.474271
-0.459363
-0.481831
-0.445634
-0.422054
-0.451802
-0.475329
-0.494435
-0.473786
-0.504411
-0.50322
-0.497833
-0.516145
-0.487648
-0.493253
-0.449823
-0.401655
-0.415508
-0.463889
-0.407421
-0.402294
-0.392149
-0.360731
-0.342395
-0.307532
-0.300268
-0.313063
-0.304688
-0.290646
-0.240377
-0.222318
-0.196631
-0.216421
-0.268343
-0.300563
-0.344055
-0.290337
-0.262655
-0.229644
-0.22252
-0.156096
-0.0939697
-0.0663267
-0.000660877
-0.00481501
-0.00598093
-0.0278718
-0.0123229
-0.0343858
-0.0726917
-0.0427893
-0.0448759
0.0282291
0.018654
0.0143934
-0.00312392
0.0227417
0.0122613
0.00968796
0.010616
-0.01804
0.00364411
0.00507006
-0.0147239
-0.0213279
-0.0698118
-0.00501638
-0.0976878
-0.0866692
-0.0512606
-0.0493639
0.0186896
0.0192822
-0.0234721
0.0188776
0.36247
0.216527
0.0773716
-0.0230927
-0.0598468
-0.0217943
-0.0125376
-0.00577727
0.0157822
0.0213196
0.0112552
-0.0152759
0.0134592
0.00414222
0.0597748
0.0171589
0.00225676
-0.0219686
-0.0227345
-0.00936523
-0.0179934
-0.00623454
-0.011328
-0.0207177
0.00526705
-0.00196224
-0.00236014
-0.0124157
-0.0164038
-0.00255446
-0.00868262
-0.00616721
0.000532076
0.00984749
0.0211801
0.0189653
-0.00698986
0.0334638
0.0586939
0.0781976
0.00755129
-0.00183778
-0.0120525
0.0196638
0.0380054
0.0578918
0.0322764
0.0323656
0.00402423
-0.0298125
-0.0197179
-0.00807201
-0.0175221
-0.0136288
-0.00721626
-0.00540617
-0.00243558
0.00194877
-0.00422295
-0.0098178
-0.0409307
-0.0210482
0.00161025
0.0355046
0.0203825
0.00118436
-0.0142149
0.012288
-0.0058825
0.00505779
-0.000230756
0.0183386
0.0335834
0.00778244
-0.0207682
-0.0105769
-0.00614945
0.0151561
-0.00726894
-0.000170242
-0.00619265
-0.00115305
0.0157784
0.00985896
-0.0154862
-0.00346082
-0.0344843
-0.0114141
0.00855857
0.0115365
-0.0198531
-0.0066799
-0.0210506
-0.0349001
-0.0548638
0.0614179
-0.00496739
-0.0441976
0.00909125
0.0228573
-0.041041
-0.0437839
0.0370352
0.0677272
0.0163192
-0.0402745
-0.0695111
-0.0682156
-0.0358735
-0.0103668
-0.0117929
0.00511552
-0.0164737
-0.0739938
-0.124212
-0.0815023
-0.0980254
-0.0687821
-0.0523834
-0.0683538
-0.038931
-0.0610915
-0.107774
-0.124577
-0.117351
-0.163461
-0.111621
-0.122751
-0.0969409
-0.0475209
-0.00810689
-0.0177681
-0.0400538
-0.102007
-0.134444
-0.183355
-0.171395
-0.209243
-0.21209
-0.146212
-0.183424
-0.190786
-0.196441
-0.210791
-0.223087
-0.211882
-0.224874
-0.215433
-0.260557
-0.269823
-0.308525
-0.273873
-0.302813
-0.300787
-0.281685
-0.274829
-0.259669
-0.252278
-0.252584
-0.234878
-0.172862
-0.114906
-0.152456
-0.171096
-0.163676
-0.176501
-0.25989
-0.217984
-0.215987
-0.23246
-0.24437
-0.254883
-0.258045
-0.294579
-0.301246
-0.314304
-0.354336
-0.329411
-0.321203
-0.313496
-0.312748
-0.306425
-0.334807
-0.367872
-0.330728
-0.351851
-0.288577
-0.304168
-0.306019
-0.313165
-0.292605
-0.372193
-0.380999
-0.383013
-0.435848
-0.419059
-0.375902
-0.436337
-0.398615
-0.366664
-0.372155
-0.360452
-0.374458
-0.360744
-0.345956
-0.327785
-0.362382
-0.39002
-0.396253
-0.392229
-0.391401
-0.427491
-0.436353
-0.398841
-0.416055
-0.382224
-0.382169
-0.364551
-0.334
-0.365176
-0.343639
-0.348704
-0.374859
-0.336998
-0.374933
-0.362673
-0.387387
-0.360208
-0.351939
-0.405462
-0.401271
-0.352234
-0.398054
-0.325396
-0.369861
-0.364716
-0.33347
-0.362328
-0.318594
-0.347667
-0.368204
-0.37975
-0.392309
-0.433005
-0.444637
-0.4323
-0.433381
-0.438611
-0.418959
-0.441439
-0.421142
-0.425619
-0.391042
-0.411422
-0.446666
-0.43191
-0.439976
-0.443728
-0.430339
-0.447209
-0.450412
-0.421436
-0.419746
-0.458145
-0.425254
-0.406507
-0.430141
-0.434397
-0.406485
-0.448084
-0.452314
-0.44918
-0.427278
-0.453737
-0.528107
-0.466427
-0.382713
-0.481859
-0.468186
-0.40215
-0.401471
-0.450041
-0.451954
-0.43278
-0.455124
-0.471457
-0.463837
-0.423972
-0.468618
-0.483149
-0.434512
-0.438694
-0.442737
-0.446246
-0.435946
-0.43935
-0.473103
-0.470233
-0.481752
-0.450455
-0.449231
-0.506398
-0.451674
-0.441677
-0.470083
-0.443432
-0.415577
-0.405488
-0.357512
-0.346522
-0.338534
-0.282141
-0.312524
-0.343768
-0.282039
-0.292677
-0.253553
-0.271133
-0.217163
-0.185232
-0.199474
-0.245035
-0.271165
-0.295109
-0.312047
-0.329402
-0.324209
-0.310067
-0.353114
-0.372499
-0.447551
-0.42041
-0.395085
-0.418096
-0.400134
-0.325286
-0.404523
-0.387777
-0.352319
-0.382274
-0.331432
-0.35782
-0.362556
-0.310748
-0.337488
-0.40143
-0.364258
-0.37904
-0.409125
-0.37751
-0.414938
-0.411861
-0.362197
-0.379669
-0.421985
-0.368297
-0.417522
-0.390867
-0.343494
-0.364041
-0.345008
-0.381792
-0.385475
-0.3828
-0.373913
-0.368373
-0.354634
-0.332659
-0.413868
-0.368944
-0.287326
-0.314868
-0.385001
-0.364178
-0.341256
-0.332152
-0.328673
-0.366905
-0.373062
-0.431852
-0.436899
-0.394874
-0.462491
-0.429682
-0.403212
-0.4491
-0.442613
-0.421648
-0.404208
-0.416645
-0.413866
-0.410936
-0.471105
-0.443917
-0.420364
-0.45204
-0.445911
-0.445489
-0.397063
-0.397837
-0.439319
-0.41372
-0.398335
-0.418629
-0.374224
-0.344374
-0.349972
-0.387096
-0.407871
-0.382157
-0.397662
-0.396686
-0.397656
-0.393315
-0.391864
-0.399157
-0.440223
-0.4532
-0.429489
-0.399783
-0.410616
-0.426929
-0.45095
-0.413739
-0.434614
-0.458922
-0.438874
-0.433616
-0.469169
-0.44737
-0.436856
-0.404673
-0.415512
-0.410447
-0.419777
-0.396745
-0.441207
-0.423663
-0.463921
-0.41474
-0.39121
-0.432461
-0.433594
-0.429422
-0.382195
-0.404641
-0.415366
-0.348667
-0.38761
-0.381557
-0.42586
-0.418657
-0.367638
-0.436218
-0.381042
-0.430552
-0.452888
-0.43207
-0.406491
-0.426646
-0.418982
-0.404878
-0.416708
-0.423545
-0.378134
-0.38803
-0.380874
-0.374186
-0.44263
-0.43969
-0.435206
-0.455585
-0.441555
-0.444522
-0.419018
-0.446671
-0.445426
-0.419372
-0.382271
-0.447028
-0.447169
-0.450251
-0.454347
-0.465308
-0.469798
-0.438529
-0.398364
-0.415945
-0.440313
-0.352262
-0.413225
-0.3791
-0.392801
-0.43661
-0.386745
-0.365002
-0.378453
-0.35679
-0.395338
-0.391971
-0.304678
-0.28218
-0.231972
-0.132455
-0.0566573
0.00768057
0.0239602
0.0989408
0.141524
0.254881
0.222035
0.160539
0.129837
0.150776
0.179489
0.157742
0.125981
0.0882996
-0.0268487
-0.0371301
-0.0325233
-0.0601905
0.00378509
0.0226888
0.0100355
-0.0262989
-0.0621186
-0.0026721
-0.00204713
-0.00769112
-0.0332726
0.00400233
0.0120654
-0.0244838
-0.00109533
0.00574746
0.00573833
0.0155085
0.00362106
0.0344027
0.0104144
-0.0312571
-0.022676
-0.0501115
-0.0883763
-0.108877
-0.122788
-0.207613
-0.178968
-0.180518
-0.179417
-0.253088
-0.285847
-0.283482
-0.287519
-0.328068
-0.309446
-0.314092
-0.289815
-0.314745
-0.320021
-0.317068
-0.329127
-0.359801
-0.30849
-0.347656
-0.354177
-0.399303
-0.429468
-0.370848
-0.376682
-0.390327
-0.375699
-0.378159
-0.406379
-0.4136
-0.405896
-0.390159
-0.389307
-0.429441
-0.404633
-0.430591
-0.426554
-0.411372
-0.446431
-0.414246
-0.391469
-0.410509
-0.39066
-0.396082
-0.400939
-0.384158
-0.409899
-0.450466
-0.438794
-0.409664
-0.452436
-0.430032
-0.433627
-0.421308
-0.37837
-0.405053
-0.401444
-0.313253
-0.361211
-0.401615
-0.389599
-0.441402
-0.427682
-0.416443
-0.450658
-0.451726
-0.409596
-0.423936
-0.426928
-0.413999
-0.408367
-0.401128
-0.362351
-0.358526
-0.412741
-0.419284
-0.419655
-0.397445
-0.441692
-0.466847
-0.399171
-0.420139
-0.42611
-0.406708
-0.387321
-0.388819
-0.362263
-0.411707
-0.34356
-0.400205
-0.370635
-0.336591
-0.351909
-0.388086
-0.41473
-0.418609
-0.391677
-0.373951
-0.367695
-0.378309
-0.390966
-0.363101
-0.391852
-0.370777
-0.385377
-0.375755
-0.358094
-0.363507
-0.412915
-0.408952
-0.384737
-0.385826
-0.364839
-0.324874
-0.383729
-0.356501
-0.352912
-0.338189
-0.327072
-0.35306
-0.343367
-0.361627
-0.353258
-0.3307
-0.361643
-0.379063
-0.396551
-0.379763
-0.385743
-0.372495
-0.354168
-0.374174
-0.31643
-0.339521
-0.27155
-0.326884
-0.283691
-0.336059
-0.258614
-0.26588
-0.234081
-0.235756
-0.172829
-0.119688
-0.0670577
-0.0463628
-0.0587849
-0.0442336
-0.020215
0.0187962
0.0162695
0.0386479
0.0419121
0.0541064
0.06025
0.045169
0.0509591
0.0798266
0.0851102
0.0635331
0.0654192
0.0650862
0.0733802
0.0711753
0.0715362
0.0680155
0.0302703
0.0142149
0.0133155
0.0223177
0.0122623
0.00361939
0.0247499
0.00996321
0.013232
7.36807e-05
0.0153806
0.0258512
0.00560767
-0.00734994
0.00773229
-0.00179528
0.0115032
0.00281042
0.0179235
0.0206672
0.019745
-0.00689156
-0.00711032
0.00334433
0.00160593
-0.000754158
0.00716397
-0.00997805
0.0078239
0.041214
0.0352765
0.000937665
0.0296512
0.0170232
0.00841799
0.00875081
0.017396
-0.0101467
-0.00343482
-0.00026388
-0.0105395
-0.00449973
0.0109815
0.0189335
-0.0102183
-0.00430927
0.0107802
0.00864239
-0.0067825
-0.00515425
-0.0171556
0.0132583
0.0101324
0.039212
0.0330587
0.0340334
0.0252971
-0.0129932
0.0274115
0.00867474
0.0386096
0.0371011
0.000405791
-0.0219248
-0.00080929
-0.000934495
0.00875867
0.019303
-0.021444
0.0172829
0.0177349
0.0171144
0.00935482
0.0277307
-0.00422814
-0.0143354
-0.0076865
0.0196648
0.00682913
0.0179098
-0.00331435
0.00131001
-0.00410776
-0.0268778
-0.00983921
0.00838097
0.00579578
0.0727625
-0.127966
0.016188
-0.0229434
-0.001164
0.00552286
0.000877046
-0.00439802
-0.00636384
0.0144176
0.00993504
0.0166534
-0.00193966
-0.00495594
-0.0154254
-0.0184097
-0.0277674
-0.012207
-0.0284676
-0.0705319
-0.00637586
-0.0522705
-0.0334677
-7.46176e-06
-0.0054843
-0.00966812
-0.0156358
-0.0107712
-0.0159268
-0.00558326
-0.0019342
-0.00192104
0.0169545
0.000273667
0.0129387
0.00548761
-0.00418486
0.00859619
0.00495998
0.0110007
0.0204309
-0.00442182
0.00189597
0.00464621
0.00405433
-0.0216862
-0.0201323
-0.00794653
0.00961302
0.00340297
0.0147677
-0.00901227
0.0104879
0.0198387
-0.00390344
-0.0016797
0.00044677
0.00282845
-0.00659316
0.00648188
-0.00502298
-0.0159635
0.0080091
0.0184818
-0.0105273
0.0138077
0.0492101
0.0171177
0.00710606
0.0072315
-0.00934732
-0.00184941
0.00184904
0.00240723
0.0221367
0.00537991
0.0228551
0.0222779
0.0478986
0.0422049
0.0796603
-0.00344251
0.107816
0.032677
0.0234874
-0.013599
0.0311039
0.0166691
0.00601594
0.00567538
-0.0140212
-0.0163964
0.00636019
0.0082362
-0.0206771
-0.00542764
0.0183274
0.0136941
0.00126863
0.00516299
-0.0110766
0.006949
0.0040777
-0.00696329
0.0283544
-0.00579188
-0.00137539
-0.0208127
-0.0464204
-0.0685344
0.013448
-0.0156879
-0.00781084
0.0115127
0.0017857
-0.0043972
-0.00569766
-0.00273213
0.0062542
0.00228505
0.0040586
0.00518722
0.00901084
0.00549409
-0.00544518
0.00509501
-0.00838376
-0.0127975
0.00376106
0.00063502
0.00115954
-0.0087572
-0.0243614
0.017695
0.00651481
-0.00244743
0.0169314
-0.00897158
-0.00627512
0.0161558
0.00302472
0.006662
0.00120715
-0.00490745
0.00497941
0.0076249
-0.0198576
-0.00766695
0.00154691
0.01547
-0.000945704
-0.00204205
-0.00861835
-0.0353313
-0.00644845
0.003959
0.0217788
0.0137646
0.0112256
0.000961004
0.0132047
0.0252064
0.0501038
0.0788094
0.0607429
0.0566696
0.0508592
0.0625205
0.0228596
0.0407706
0.0781964
0.112277
0.115779
0.0961714
0.0984733
0.0648144
0.0207388
0.00379783
0.0075886
-0.00260441
0.00383028
-0.0449329
-0.0427267
-0.0215396
-0.013963
-0.00875565
-0.0021015
0.00761471
0.00711117
0.0180615
0.058933
0.0815026
0.119455
0.108208
0.0325978
0.124528
0.0493473
0.141044
0.119253
0.119165
0.0820622
0.112067
0.0971742
0.0787122
0.0911214
0.116907
0.120486
0.114093
0.103078
0.107477
0.0754685
0.0761222
0.0831423
0.0977666
0.0866365
0.0598396
0.0446348
0.0213062
-0.00232821
0.00521326
-0.0185097
-0.0449833
-0.0588065
-0.0485814
-0.0590275
-0.0896641
-0.0733279
-0.0873676
-0.0926184
-0.153448
-0.148332
-0.0820359
-0.0659491
-0.0386016
-0.00351093
0.0021771
-0.0407479
-0.0716785
-0.0698827
-0.0835643
-0.0775664
-0.0573413
-0.0320719
-0.070278
-0.0517143
-0.0572878
-0.0643045
-0.0901537
-0.0893994
-0.0754023
0.05417
-0.00148726
-0.0431743
-0.0369957
-0.0653406
-0.0386313
-0.0222878
-0.0180316
-0.00765858
-0.00322695
-0.0366278
-0.00476452
-0.0178492
-0.0180006
-0.0273762
-0.0269221
-0.0299041
-0.0216495
-0.00849907
-0.00884282
0.0041536
-0.0194999
0.0368421
0.0572369
0.0296136
-0.0111724
-0.00949509
-0.0259235
-0.00924079
0.0142666
0.00585485
0.0365889
0.0193332
-0.000986855
-0.0196312
-0.0126517
0.0107162
0.0159713
0.00974219
-0.0155217
-0.00802377
-0.0112315
0.0142968
-0.00275118
0.0250861
0.00622364
0.0171104
-0.00928195
-0.00320955
0.00955821
-0.00486253
-0.00162768
-0.00784246
0.00217254
0.00151807
0.0169996
-0.00693693
0.0149943
0.0119803
-0.00307857
0.0100266
0.00781563
-0.000382753
-0.00732633
-0.00435398
-0.0122559
-0.0113469
-0.00223176
0.0107094
-0.00154173
0.00609072
0.00505336
0.00803191
0.0137019
0.00410254
-0.00805163
-0.00741549
-0.000977647
0.00149306
0.00748118
-0.00535329
0.00314494
-0.00125241
0.0117352
-0.00241635
-0.00894923
0.00205448
-0.00366627
-0.0128354
0.0117178
0.00191772
-0.00202379
0.00930969
-0.011132
-0.00473041
0.00957138
-0.00315005
0.000329815
-0.00849727
-0.00488106
-0.00353629
-0.00710112
-0.0140245
-0.00053975
-0.0148463
-0.0116173
-0.00757611
0.0151579
-0.0101967
-0.00475197
0.0109395
-0.00619762
-0.000210043
-0.010761
0.00900565
0.00163042
-0.00354662
-0.000340404
-0.00294244
-0.0107525
0.00356457
0.0123768
-0.00235252
0.00740586
0.00171893
0.0238469
0.00584542
0.00273184
-0.00185589
-0.00815752
-0.00493325
0.0132158
0.00775838
0.000707464
0.0094077
-0.000505655
-0.0121291
-0.00155894
